#!ascii label  , from subject sub-NDARAG610XL4 vox2ras=TkReg
1048
53071  -12.374  -7.730  36.919 0.0000000000
65137  -25.621  1.930  19.193 0.0000000000
66417  -26.552  2.488  14.566 0.0000000000
62625  -25.077  -1.210  26.381 0.0000000000
74618  -31.748  8.263  3.838 0.0000000000
69155  -27.647  4.740  7.045 0.0000000000
68819  -27.943  4.936  23.737 0.0000000000
66269  -23.687  2.137  23.301 0.0000000000
80433  -35.956  12.743  5.689 0.0000000000
81544  -37.809  14.514  2.217 0.0000000000
82686  -39.934  15.530  -1.171 0.0000000000
73078  -28.426  7.211  14.978 0.0000000000
67754  -24.885  3.178  10.631 0.0000000000
74521  -27.960  8.553  10.650 0.0000000000
74536  -31.759  8.709  9.408 0.0000000000
59978  -24.331  -2.460  27.801 0.0000000000
121250  -9.809  -8.806  42.296 0.0000000000
64003  -27.912  0.947  17.260 0.0000000000
68964  -30.267  4.374  17.357 0.0000000000
56063  -24.810  -5.512  24.725 0.0000000000
58805  -24.072  -4.271  22.670 0.0000000000
79517  -38.501  12.609  -5.735 0.0000000000
84988  -41.203  17.541  -3.711 0.0000000000
70542  -30.027  5.380  5.711 0.0000000000
75846  -35.177  9.722  8.321 0.0000000000
53148  -13.665  -7.760  33.223 0.0000000000
43951  -9.239  -14.671  43.997 0.0000000000
80447  -36.804  13.437  4.523 0.0000000000
73132  -27.557  7.948  12.796 0.0000000000
58764  -21.061  -3.533  25.226 0.0000000000
51698  -11.448  -8.765  39.705 0.0000000000
62750  -26.378  -0.911  15.766 0.0000000000
65167  -26.419  1.282  17.748 0.0000000000
58782  -26.225  -3.399  24.818 0.0000000000
57473  -25.608  -5.264  23.311 0.0000000000
60062  -24.051  -2.831  24.477 0.0000000000
66309  -24.382  2.638  21.127 0.0000000000
62684  -22.351  -0.531  21.159 0.0000000000
63990  -22.800  0.106  18.803 0.0000000000
61301  -26.988  -1.238  27.220 0.0000000000
60026  -26.930  -3.132  26.697 0.0000000000
78345  -35.171  11.337  -1.381 0.0000000000
79505  -37.790  12.485  -4.342 0.0000000000
83895  -40.171  16.685  -2.727 0.0000000000
69134  -25.948  4.026  8.597 0.0000000000
70508  -29.058  5.557  7.129 0.0000000000
75829  -34.321  9.418  9.410 0.0000000000
57420  -17.577  -3.536  28.484 0.0000000000
121362  -16.308  -3.583  29.498 0.0000000000
58688  -14.055  -4.502  31.687 0.0000000000
53184  -14.421  -7.345  30.831 0.0000000000
120654  -10.128  -14.979  41.210 0.0000000000
66293  -27.101  2.785  21.662 0.0000000000
66341  -27.779  2.541  19.774 0.0000000000
68837  -29.043  4.329  22.487 0.0000000000
66215  -25.207  2.790  27.161 0.0000000000
63901  -24.130  0.737  25.525 0.0000000000
67479  -24.515  3.601  25.302 0.0000000000
67499  -25.471  4.093  23.679 0.0000000000
77110  -33.838  9.982  5.161 0.0000000000
78290  -34.761  11.278  3.033 0.0000000000
79427  -35.671  12.521  1.046 0.0000000000
80531  -36.733  13.492  -0.089 0.0000000000
81621  -37.286  14.371  -1.664 0.0000000000
81567  -39.531  15.241  1.008 0.0000000000
69009  -26.916  4.544  14.597 0.0000000000
66443  -25.278  2.274  12.506 0.0000000000
71769  -25.773  5.974  12.800 0.0000000000
71812  -26.671  6.476  10.940 0.0000000000
71846  -27.600  6.699  9.286 0.0000000000
73222  -29.793  7.162  8.872 0.0000000000
74534  -29.676  8.830  9.693 0.0000000000
59950  -23.899  -2.557  29.588 0.0000000000
121322  -19.465  -3.305  27.723 0.0000000000
83988  -41.201  16.386  -8.291 0.0000000000
121236  -8.857  -8.785  43.564 0.0000000000
62752  -27.494  -0.577  15.230 0.0000000000
65193  -27.690  1.584  15.645 0.0000000000
65139  -29.354  2.066  19.002 0.0000000000
66381  -28.946  2.755  17.420 0.0000000000
67670  -27.739  3.444  15.476 0.0000000000
70376  -28.783  5.812  15.713 0.0000000000
61373  -22.713  -1.405  23.192 0.0000000000
59980  -26.361  -2.511  28.157 0.0000000000
58766  -24.559  -4.277  25.807 0.0000000000
82757  -38.799  15.040  -3.879 0.0000000000
82775  -39.502  15.228  -5.297 0.0000000000
82793  -40.277  15.495  -6.527 0.0000000000
85013  -42.213  17.840  -5.482 0.0000000000
49148  -12.740  -10.591  35.708 0.0000000000
49131  -11.677  -11.129  37.920 0.0000000000
71936  -30.808  6.351  4.530 0.0000000000
71869  -31.677  6.517  8.268 0.0000000000
71871  -33.342  6.586  7.432 0.0000000000
74584  -33.579  8.554  6.383 0.0000000000
78190  -35.317  11.390  7.245 0.0000000000
53086  -13.159  -7.455  35.283 0.0000000000
47811  -10.472  -11.661  40.467 0.0000000000
46477  -9.370  -12.240  42.930 0.0000000000
47783  -8.545  -11.856  43.212 0.0000000000
53061  -11.748  -7.684  38.891 0.0000000000
65165  -24.670  1.001  17.782 0.0000000000
64001  -25.755  0.778  17.059 0.0000000000
65151  -25.939  1.529  18.457 0.0000000000
60045  -25.577  -2.151  25.281 0.0000000000
60063  -25.310  -2.907  24.844 0.0000000000
60044  -24.532  -2.124  25.263 0.0000000000
66338  -24.451  2.358  20.288 0.0000000000
65135  -23.444  1.757  19.808 0.0000000000
65149  -23.849  1.446  18.934 0.0000000000
63999  -23.757  -0.038  17.633 0.0000000000
63856  -26.035  0.241  27.762 0.0000000000
63835  -26.779  0.186  28.168 0.0000000000
62601  -26.355  -0.880  27.219 0.0000000000
60047  -27.095  -2.616  25.550 0.0000000000
78364  -37.490  11.616  -3.487 0.0000000000
64033  -27.011  0.338  14.519 0.0000000000
65221  -26.169  1.165  13.705 0.0000000000
69135  -26.368  4.695  8.284 0.0000000000
66538  -27.063  2.532  7.019 0.0000000000
70507  -28.347  5.442  7.359 0.0000000000
56026  -16.603  -4.524  27.996 0.0000000000
121356  -17.200  -3.393  29.682 0.0000000000
56013  -16.102  -4.823  28.564 0.0000000000
56001  -14.857  -5.690  29.633 0.0000000000
53196  -14.988  -7.447  29.294 0.0000000000
67513  -27.303  3.739  22.325 0.0000000000
67514  -28.184  3.917  22.184 0.0000000000
68820  -28.971  4.855  23.376 0.0000000000
70109  -25.338  5.099  28.349 0.0000000000
67464  -24.895  3.573  26.818 0.0000000000
70125  -25.122  5.370  27.438 0.0000000000
70155  -27.555  5.781  24.903 0.0000000000
70173  -26.488  5.207  24.866 0.0000000000
68818  -26.797  4.566  23.643 0.0000000000
67512  -26.289  3.917  22.894 0.0000000000
78232  -35.443  11.438  5.472 0.0000000000
77132  -34.251  10.740  3.587 0.0000000000
78254  -35.540  11.635  4.470 0.0000000000
81522  -37.635  14.280  3.425 0.0000000000
80484  -36.715  13.279  3.112 0.0000000000
79429  -36.481  13.516  1.896 0.0000000000
79444  -36.239  12.893  0.496 0.0000000000
80518  -37.293  13.906  0.552 0.0000000000
81587  -38.055  14.218  0.090 0.0000000000
81566  -38.743  15.159  1.466 0.0000000000
71743  -27.233  6.350  14.339 0.0000000000
70402  -26.275  5.306  13.665 0.0000000000
71771  -26.632  6.715  13.778 0.0000000000
74506  -27.704  8.728  12.120 0.0000000000
73154  -26.977  7.519  12.079 0.0000000000
73173  -27.271  7.546  11.197 0.0000000000
71829  -26.873  6.623  10.119 0.0000000000
73189  -28.101  7.638  10.171 0.0000000000
73190  -29.009  8.051  9.881 0.0000000000
74533  -28.812  8.732  10.073 0.0000000000
59963  -25.355  -2.248  29.145 0.0000000000
61250  -24.492  -2.181  30.169 0.0000000000
59961  -23.458  -2.804  28.170 0.0000000000
58763  -19.972  -3.281  26.760 0.0000000000
85053  -41.640  17.218  -7.696 0.0000000000
85069  -42.378  17.589  -9.022 0.0000000000
121243  -9.263  -8.800  43.412 0.0000000000
64002  -26.889  0.901  17.098 0.0000000000
62751  -26.941  -0.763  15.584 0.0000000000
64014  -27.316  0.570  16.411 0.0000000000
64021  -27.450  0.632  15.748 0.0000000000
65194  -28.017  1.231  16.252 0.0000000000
67555  -29.682  3.478  20.741 0.0000000000
66342  -28.888  2.435  19.532 0.0000000000
66343  -29.936  2.212  19.463 0.0000000000
67604  -30.871  3.451  18.392 0.0000000000
66365  -30.636  2.545  18.121 0.0000000000
67627  -29.857  3.366  17.325 0.0000000000
67647  -29.017  3.455  16.900 0.0000000000
68962  -29.310  4.438  16.531 0.0000000000
70350  -28.689  5.051  15.952 0.0000000000
70325  -29.193  5.124  16.360 0.0000000000
57482  -25.481  -5.001  22.893 0.0000000000
65092  -23.620  1.432  24.048 0.0000000000
62642  -23.220  -0.595  24.350 0.0000000000
63952  -22.857  0.275  22.978 0.0000000000
60098  -22.407  -2.366  21.022 0.0000000000
59981  -27.215  -1.920  28.731 0.0000000000
58767  -25.280  -4.204  25.453 0.0000000000
58751  -26.020  -3.721  26.255 0.0000000000
57447  -24.649  -4.629  25.001 0.0000000000
54660  -23.747  -6.018  23.858 0.0000000000
81623  -39.208  15.110  -1.144 0.0000000000
81642  -38.345  14.943  -2.293 0.0000000000
82711  -39.230  15.508  -2.133 0.0000000000
84987  -40.732  17.160  -3.293 0.0000000000
83912  -40.336  16.412  -3.665 0.0000000000
83926  -40.856  16.642  -4.793 0.0000000000
82776  -40.209  15.797  -5.515 0.0000000000
83953  -41.178  16.865  -6.368 0.0000000000
85012  -41.737  17.493  -5.173 0.0000000000
67735  -24.955  3.050  11.792 0.0000000000
65246  -25.183  1.208  11.365 0.0000000000
70552  -30.489  5.503  4.198 0.0000000000
71899  -31.112  6.397  6.081 0.0000000000
73192  -31.168  7.994  9.697 0.0000000000
71868  -30.735  6.757  8.566 0.0000000000
73208  -31.504  7.385  9.367 0.0000000000
74552  -34.427  8.559  9.042 0.0000000000
74563  -33.727  7.743  8.558 0.0000000000
74564  -34.288  8.089  8.331 0.0000000000
71888  -34.039  6.845  6.424 0.0000000000
75858  -34.759  9.123  7.800 0.0000000000
77061  -34.678  9.841  7.191 0.0000000000
77041  -35.172  10.373  7.768 0.0000000000
55946  -13.829  -6.006  32.682 0.0000000000
55915  -12.672  -5.920  33.937 0.0000000000
55891  -13.150  -5.740  35.126 0.0000000000
53106  -13.477  -7.835  34.599 0.0000000000
51730  -13.537  -8.861  34.771 0.0000000000
51760  -13.662  -8.632  33.419 0.0000000000
46554  -11.698  -12.596  38.119 0.0000000000
47826  -10.923  -11.599  38.961 0.0000000000
46526  -10.787  -12.375  39.493 0.0000000000
42799  -10.043  -15.134  43.035 0.0000000000
120650  -9.812  -13.679  42.188 0.0000000000
45198  -9.296  -13.499  43.666 0.0000000000
47769  -9.018  -11.951  43.735 0.0000000000
45197  -8.770  -13.765  43.908 0.0000000000
71480  -26.392  6.660  27.293 0.0000000000
81471  -36.245  14.263  6.813 0.0000000000
79357  -36.390  12.970  4.819 0.0000000000
82556  -36.821  14.815  5.135 0.0000000000
73105  -27.814  7.542  14.152 0.0000000000
58748  -22.888  -3.425  25.889 0.0000000000
58732  -22.544  -3.214  26.829 0.0000000000
53038  -10.307  -7.128  40.724 0.0000000000
51690  -10.719  -8.765  41.217 0.0000000000
64012  -25.295  0.136  16.541 0.0000000000
64013  -26.281  0.314  16.470 0.0000000000
65168  -27.548  1.416  17.797 0.0000000000
70307  -30.204  5.511  17.417 0.0000000000
57461  -25.257  -4.906  24.555 0.0000000000
56064  -25.482  -5.757  24.193 0.0000000000
58781  -24.909  -3.928  24.597 0.0000000000
58780  -24.291  -3.487  24.317 0.0000000000
58791  -23.910  -3.600  23.862 0.0000000000
66289  -23.574  2.225  22.370 0.0000000000
65109  -22.745  0.937  22.063 0.0000000000
65120  -22.737  1.067  21.228 0.0000000000
62698  -22.511  -0.438  20.126 0.0000000000
61458  -23.615  -1.626  17.725 0.0000000000
62580  -27.608  -0.761  27.919 0.0000000000
60002  -27.097  -2.104  27.771 0.0000000000
60027  -27.109  -2.582  26.603 0.0000000000
58768  -26.263  -3.886  25.316 0.0000000000
77171  -34.359  10.559  -0.697 0.0000000000
79506  -38.126  12.524  -5.047 0.0000000000
84943  -40.247  17.263  -0.525 0.0000000000
83873  -40.222  16.516  -1.819 0.0000000000
67775  -25.365  3.416  9.613 0.0000000000
67852  -28.981  3.612  5.453 0.0000000000
70528  -29.877  5.558  6.387 0.0000000000
76988  -32.319  10.685  9.574 0.0000000000
75827  -32.392  9.190  9.436 0.0000000000
77010  -33.671  10.749  10.063 0.0000000000
58674  -20.048  -3.418  30.509 0.0000000000
121341  -19.489  -3.386  30.352 0.0000000000
121361  -15.935  -3.424  30.395 0.0000000000
57374  -14.748  -4.568  30.453 0.0000000000
55966  -14.289  -6.090  31.421 0.0000000000
53165  -13.894  -7.621  32.162 0.0000000000
51781  -14.019  -8.604  32.078 0.0000000000
51803  -14.232  -8.339  31.400 0.0000000000
66311  -26.308  2.535  20.783 0.0000000000
66340  -26.589  2.485  19.757 0.0000000000
66312  -27.426  2.572  20.676 0.0000000000
67532  -28.710  3.705  21.535 0.0000000000
63876  -25.169  0.695  27.122 0.0000000000
62624  -24.423  -0.449  26.132 0.0000000000
65030  -24.919  1.468  26.549 0.0000000000
66236  -24.533  2.542  25.516 0.0000000000
66247  -24.331  2.725  24.663 0.0000000000
70153  -26.042  5.564  25.468 0.0000000000
68801  -24.866  4.444  24.677 0.0000000000
67498  -24.760  3.365  23.363 0.0000000000
66271  -24.897  3.104  22.378 0.0000000000
66292  -25.991  2.744  21.626 0.0000000000
66160  -26.333  2.092  28.524 0.0000000000
75913  -32.854  9.128  4.359 0.0000000000
74651  -32.092  8.667  2.510 0.0000000000
75933  -33.037  9.751  3.685 0.0000000000
77143  -33.379  10.559  3.114 0.0000000000
78319  -33.824  11.219  1.487 0.0000000000
79397  -36.126  11.981  3.477 0.0000000000
78291  -35.402  11.846  2.507 0.0000000000
78320  -34.267  11.577  0.791 0.0000000000
79460  -34.790  11.807  -0.522 0.0000000000
79478  -35.968  12.409  -1.531 0.0000000000
80561  -36.520  13.108  -1.796 0.0000000000
80562  -36.986  13.411  -2.373 0.0000000000
81620  -36.850  13.907  -1.295 0.0000000000
81605  -38.518  14.832  -0.452 0.0000000000
81590  -39.752  15.320  0.466 0.0000000000
82609  -39.071  15.918  2.343 0.0000000000
83808  -39.966  17.027  0.857 0.0000000000
67689  -26.534  3.626  14.483 0.0000000000
65207  -25.888  1.954  14.054 0.0000000000
67706  -25.722  3.702  13.634 0.0000000000
69049  -25.228  4.262  12.733 0.0000000000
69070  -25.052  4.347  11.520 0.0000000000
73131  -26.928  7.351  13.272 0.0000000000
71790  -25.834  6.385  12.222 0.0000000000
70441  -25.581  5.478  11.254 0.0000000000
70476  -26.012  5.504  9.512 0.0000000000
70477  -26.662  6.024  9.154 0.0000000000
70478  -27.402  6.160  8.659 0.0000000000
70491  -27.875  5.756  8.017 0.0000000000
71847  -28.505  7.013  9.131 0.0000000000
73191  -30.146  8.025  9.767 0.0000000000
74535  -30.824  8.822  9.552 0.0000000000
75803  -30.442  9.780  9.489 0.0000000000
76987  -31.164  10.917  9.585 0.0000000000
121332  -22.882  -2.885  30.110 0.0000000000
121342  -22.239  -3.227  27.642 0.0000000000
121324  -21.766  -3.411  28.727 0.0000000000
121328  -20.212  -3.524  28.742 0.0000000000
57431  -18.156  -3.685  27.726 0.0000000000
64034  -27.387  0.180  15.005 0.0000000000
66418  -27.279  2.003  14.981 0.0000000000
66361  -27.170  2.320  19.172 0.0000000000
66362  -27.961  2.475  18.917 0.0000000000
65153  -28.173  2.127  18.258 0.0000000000
65170  -29.411  2.127  17.959 0.0000000000
65169  -28.596  1.936  17.596 0.0000000000
66395  -28.390  2.558  16.963 0.0000000000
66406  -27.792  2.558  15.542 0.0000000000
67690  -27.190  3.033  15.049 0.0000000000
69010  -27.328  4.048  15.064 0.0000000000
70374  -27.633  5.232  14.984 0.0000000000
71744  -28.131  6.415  14.923 0.0000000000
71693  -29.403  6.312  16.600 0.0000000000
71716  -28.956  6.489  15.880 0.0000000000
62623  -23.652  -0.573  25.318 0.0000000000
61374  -23.201  -1.694  23.856 0.0000000000
58804  -23.215  -3.695  22.494 0.0000000000
62672  -22.484  -0.579  22.301 0.0000000000
60087  -22.595  -2.630  22.032 0.0000000000
61265  -26.128  -1.671  29.610 0.0000000000
59979  -25.273  -2.439  27.874 0.0000000000
58718  -26.268  -2.951  27.397 0.0000000000
58735  -25.692  -3.157  27.154 0.0000000000
60025  -24.103  -3.288  26.668 0.0000000000
57460  -23.606  -4.748  24.956 0.0000000000
80568  -37.448  13.291  -3.242 0.0000000000
81666  -37.863  13.660  -4.215 0.0000000000
81667  -38.227  14.210  -4.510 0.0000000000
83894  -39.750  16.143  -2.907 0.0000000000
82758  -39.448  15.406  -4.279 0.0000000000
81679  -38.890  14.303  -5.760 0.0000000000
81680  -39.521  14.733  -5.960 0.0000000000
81697  -39.719  14.381  -6.816 0.0000000000
81710  -40.280  14.558  -7.900 0.0000000000
83968  -40.789  16.107  -7.344 0.0000000000
85035  -41.678  17.320  -6.764 0.0000000000
51714  -12.589  -8.761  36.581 0.0000000000
50396  -12.256  -9.770  38.061 0.0000000000
49141  -12.481  -10.663  36.493 0.0000000000
64056  -25.749  0.593  12.498 0.0000000000
71937  -31.346  6.955  4.236 0.0000000000
70492  -28.885  5.910  7.916 0.0000000000
70509  -29.948  5.919  7.222 0.0000000000
70510  -30.817  5.911  6.986 0.0000000000
73209  -32.494  7.505  9.015 0.0000000000
71870  -32.659  6.511  7.968 0.0000000000
70511  -31.564  6.193  6.767 0.0000000000
70531  -31.864  6.598  6.314 0.0000000000
71920  -32.053  7.418  5.551 0.0000000000
73289  -32.055  7.970  4.851 0.0000000000
75891  -33.498  9.336  5.692 0.0000000000
77089  -35.076  10.793  5.969 0.0000000000
78211  -35.410  11.255  6.349 0.0000000000
54467  -12.510  -6.719  37.326 0.0000000000
55865  -13.164  -5.737  35.986 0.0000000000
53085  -12.811  -7.777  35.980 0.0000000000
51720  -12.894  -8.883  35.783 0.0000000000
49149  -13.234  -10.574  35.072 0.0000000000
50382  -11.858  -9.769  39.276 0.0000000000
50374  -11.380  -9.876  40.459 0.0000000000
50365  -10.924  -9.902  41.416 0.0000000000
45232  -10.569  -13.137  40.537 0.0000000000
47793  -10.004  -11.375  41.716 0.0000000000
49081  -10.040  -10.522  42.236 0.0000000000
49080  -9.485  -10.589  42.996 0.0000000000
49079  -8.791  -10.550  43.174 0.0000000000
43952  -8.785  -14.959  43.776 0.0000000000
46475  -8.202  -13.184  42.965 0.0000000000
53062  -12.131  -7.741  37.902 0.0000000000
65150  -24.674  1.434  18.378 0.0000000000
65166  -25.283  1.217  17.673 0.0000000000
61347  -25.838  -1.411  25.872 0.0000000000
61346  -24.892  -1.490  25.818 0.0000000000
65136  -24.569  1.912  19.423 0.0000000000
62600  -25.577  -0.758  26.956 0.0000000000
61323  -26.207  -1.351  26.390 0.0000000000
79488  -37.194  12.472  -2.952 0.0000000000
65208  -26.663  1.324  14.410 0.0000000000
64046  -26.523  0.326  13.803 0.0000000000
69154  -26.921  4.362  7.445 0.0000000000
67822  -26.631  3.527  7.513 0.0000000000
67823  -27.251  3.568  6.959 0.0000000000
67840  -27.832  3.592  6.444 0.0000000000
56025  -16.213  -5.426  27.830 0.0000000000
54618  -15.505  -6.102  28.208 0.0000000000
54606  -15.233  -6.439  28.698 0.0000000000
68836  -28.116  4.324  22.876 0.0000000000
70175  -27.731  5.639  24.288 0.0000000000
68804  -27.227  5.064  24.121 0.0000000000
68835  -27.273  4.332  23.058 0.0000000000
70088  -25.535  5.308  28.692 0.0000000000
78253  -35.018  11.171  4.812 0.0000000000
79356  -35.914  12.443  5.045 0.0000000000
81523  -38.066  14.836  2.956 0.0000000000
80485  -37.046  13.752  2.619 0.0000000000
80502  -36.957  13.808  1.565 0.0000000000
81565  -37.886  14.475  1.042 0.0000000000
81545  -38.338  15.130  2.406 0.0000000000
73104  -27.114  7.060  13.967 0.0000000000
74507  -27.590  8.458  11.277 0.0000000000
73155  -27.450  8.050  11.606 0.0000000000
73156  -27.612  8.233  10.869 0.0000000000
73174  -27.617  7.888  10.766 0.0000000000
73175  -28.205  8.161  10.406 0.0000000000
74532  -28.227  9.036  10.555 0.0000000000
59962  -24.220  -2.506  28.601 0.0000000000
85054  -42.220  17.765  -8.044 0.0000000000
85068  -41.710  17.087  -8.629 0.0000000000
121263  -9.783  -7.789  41.898 0.0000000000
121244  -9.524  -8.345  43.165 0.0000000000
64022  -27.790  0.810  16.300 0.0000000000
64015  -28.173  0.869  16.705 0.0000000000
66314  -29.760  2.819  20.141 0.0000000000
67556  -30.590  3.309  20.628 0.0000000000
68945  -30.445  4.156  17.731 0.0000000000
68944  -30.246  3.746  17.419 0.0000000000
68963  -30.009  4.234  17.113 0.0000000000
67648  -29.605  3.841  16.879 0.0000000000
70326  -29.681  5.291  16.822 0.0000000000
54661  -24.516  -6.073  24.151 0.0000000000
54662  -25.128  -6.092  24.296 0.0000000000
66257  -23.927  2.090  23.823 0.0000000000
80599  -38.688  13.200  -6.288 0.0000000000
81624  -39.604  15.180  -0.655 0.0000000000
82685  -39.494  15.387  -1.469 0.0000000000
85001  -40.875  17.159  -3.982 0.0000000000
83927  -41.343  17.214  -4.965 0.0000000000
85002  -41.503  17.564  -4.450 0.0000000000
66472  -24.749  2.055  10.768 0.0000000000
66473  -24.951  2.189  10.401 0.0000000000
69191  -29.911  4.580  5.096 0.0000000000
70543  -30.347  5.640  5.121 0.0000000000
70529  -30.733  5.997  6.153 0.0000000000
75830  -35.151  9.808  9.023 0.0000000000
75845  -34.837  9.039  8.694 0.0000000000
74574  -34.222  8.113  7.382 0.0000000000
77040  -34.997  9.732  7.679 0.0000000000
75859  -35.125  9.697  7.905 0.0000000000
54559  -13.719  -6.473  32.769 0.0000000000
55931  -13.375  -6.003  33.156 0.0000000000
54544  -13.390  -6.729  33.491 0.0000000000
54528  -13.330  -6.968  33.827 0.0000000000
53129  -13.618  -7.967  33.859 0.0000000000
46541  -11.163  -12.524  38.783 0.0000000000
42798  -9.617  -14.964  43.750 0.0000000000
43954  -9.851  -14.228  43.323 0.0000000000
45194  -9.204  -14.068  44.336 0.0000000000
45193  -8.957  -14.487  44.226 0.0000000000
74471  -28.506  8.754  14.458 0.0000000000
58779  -22.332  -3.667  25.026 0.0000000000
53048  -11.125  -7.513  39.877 0.0000000000
54443  -11.131  -6.190  39.894 0.0000000000
62738  -25.053  -0.495  16.481 0.0000000000
66290  -24.308  2.686  21.962 0.0000000000
65110  -23.086  1.626  21.794 0.0000000000
66308  -23.636  2.300  21.451 0.0000000000
63982  -23.287  1.175  19.057 0.0000000000
65134  -22.744  1.221  20.377 0.0000000000
63981  -22.734  0.617  19.475 0.0000000000
62710  -22.606  -0.444  19.223 0.0000000000
62720  -22.859  -0.470  18.484 0.0000000000
62730  -23.909  -0.654  17.303 0.0000000000
62579  -26.957  -0.684  27.447 0.0000000000
63836  -27.739  0.459  28.518 0.0000000000
62556  -27.513  -0.205  28.061 0.0000000000
62557  -28.243  -0.291  28.408 0.0000000000
61302  -27.255  -1.511  27.362 0.0000000000
60065  -26.833  -2.856  25.100 0.0000000000
58770  -27.361  -2.960  25.541 0.0000000000
77179  -34.888  10.550  -1.387 0.0000000000
69115  -25.685  4.556  9.236 0.0000000000
67801  -25.820  3.387  8.824 0.0000000000
69173  -28.209  4.380  6.453 0.0000000000
69174  -28.996  4.755  6.224 0.0000000000
70527  -29.439  5.488  6.737 0.0000000000
78153  -32.901  11.743  9.692 0.0000000000
76989  -33.129  10.464  10.062 0.0000000000
78155  -34.378  11.504  9.329 0.0000000000
121349  -18.289  -3.448  29.678 0.0000000000
54595  -14.590  -6.640  30.023 0.0000000000
55986  -14.612  -5.439  30.380 0.0000000000
54582  -14.361  -6.649  30.760 0.0000000000
54569  -14.161  -6.677  31.460 0.0000000000
53175  -14.161  -7.441  31.481 0.0000000000
51821  -14.570  -8.049  30.872 0.0000000000
68857  -29.502  4.176  21.887 0.0000000000
65031  -25.226  1.892  27.155 0.0000000000
67480  -24.584  3.978  26.092 0.0000000000
67463  -24.692  3.238  26.024 0.0000000000
71498  -26.794  6.652  26.611 0.0000000000
71497  -26.088  6.269  26.766 0.0000000000
68817  -26.144  4.488  23.957 0.0000000000
68802  -25.645  4.827  24.523 0.0000000000
67492  -25.012  4.413  24.190 0.0000000000
67510  -24.824  3.193  22.849 0.0000000000
67511  -25.319  3.484  22.892 0.0000000000
66273  -26.480  3.216  22.185 0.0000000000
66272  -25.679  3.197  22.278 0.0000000000
66310  -25.277  2.564  20.923 0.0000000000
67424  -25.716  3.253  28.583 0.0000000000
66186  -25.612  2.497  27.802 0.0000000000
65005  -25.674  1.381  27.864 0.0000000000
75914  -33.332  9.619  4.677 0.0000000000
77131  -33.685  10.245  4.167 0.0000000000
78276  -34.932  11.196  4.015 0.0000000000
77144  -34.049  10.886  2.602 0.0000000000
77152  -33.897  11.049  2.174 0.0000000000
78305  -34.249  11.363  1.995 0.0000000000
79375  -36.389  12.794  4.247 0.0000000000
80466  -36.742  13.258  3.758 0.0000000000
79412  -35.758  12.581  1.957 0.0000000000
78292  -36.135  12.310  2.586 0.0000000000
78306  -35.005  12.084  1.520 0.0000000000
78321  -35.009  12.177  0.692 0.0000000000
79442  -34.669  12.156  -0.067 0.0000000000
79443  -35.441  12.510  0.154 0.0000000000
79462  -35.987  12.832  -0.468 0.0000000000
80547  -36.412  13.453  -1.097 0.0000000000
80548  -36.768  13.690  -1.650 0.0000000000
81603  -36.980  14.045  -0.808 0.0000000000
81588  -38.674  14.788  0.422 0.0000000000
81606  -39.236  15.026  -0.224 0.0000000000
81589  -39.371  15.046  0.521 0.0000000000
83807  -39.738  16.659  1.405 0.0000000000
67688  -26.127  3.531  14.039 0.0000000000
69033  -26.356  4.418  13.998 0.0000000000
70401  -25.757  5.291  13.061 0.0000000000
69032  -25.854  4.605  13.421 0.0000000000
70420  -25.469  5.323  12.287 0.0000000000
71792  -26.970  7.089  11.358 0.0000000000
71791  -26.496  6.843  11.760 0.0000000000
71811  -26.155  6.219  11.406 0.0000000000
70442  -26.116  5.895  10.799 0.0000000000
70459  -25.710  5.393  10.191 0.0000000000
70460  -26.288  6.046  10.118 0.0000000000
71830  -27.500  7.086  10.053 0.0000000000
71845  -27.147  6.648  9.660 0.0000000000
70490  -27.091  5.525  8.399 0.0000000000
71865  -27.978  6.509  8.651 0.0000000000
78131  -30.487  11.838  10.522 0.0000000000
77008  -31.944  11.386  9.540 0.0000000000
61238  -23.782  -2.408  30.538 0.0000000000
58747  -21.661  -2.964  26.103 0.0000000000
58716  -22.976  -2.979  27.757 0.0000000000
121334  -21.382  -3.209  27.200 0.0000000000
121326  -20.806  -3.205  27.449 0.0000000000
121325  -21.117  -3.372  28.331 0.0000000000
121346  -20.303  -3.412  28.508 0.0000000000
58731  -20.067  -3.468  28.533 0.0000000000
121333  -19.816  -3.644  28.881 0.0000000000
121238  -8.609  -9.493  43.237 0.0000000000
65209  -27.242  1.019  15.079 0.0000000000
66363  -28.733  2.250  18.802 0.0000000000
65154  -29.207  2.088  18.362 0.0000000000
66382  -29.728  2.506  17.685 0.0000000000
66364  -30.179  2.322  17.953 0.0000000000
65181  -28.414  1.584  16.823 0.0000000000
67671  -28.249  3.233  16.154 0.0000000000
68989  -28.062  4.334  15.632 0.0000000000
70349  -28.233  5.066  15.444 0.0000000000
70375  -28.386  5.632  15.367 0.0000000000
71745  -28.629  6.208  15.390 0.0000000000
71672  -29.866  6.228  17.284 0.0000000000
73030  -29.730  6.943  16.963 0.0000000000
73079  -28.966  7.467  15.564 0.0000000000
57462  -25.617  -5.278  23.870 0.0000000000
56079  -25.701  -5.784  23.384 0.0000000000
63900  -23.803  0.079  25.558 0.0000000000
62659  -22.820  -0.584  23.251 0.0000000000
60074  -23.190  -2.803  23.543 0.0000000000
61387  -22.803  -2.048  23.238 0.0000000000
63958  -22.489  0.308  21.648 0.0000000000
63951  -22.688  0.426  22.431 0.0000000000
59964  -26.604  -2.044  29.146 0.0000000000
60001  -26.683  -2.758  27.186 0.0000000000
58750  -24.923  -3.676  26.566 0.0000000000
58734  -25.094  -3.098  27.049 0.0000000000
58749  -23.864  -3.733  26.171 0.0000000000
57446  -23.842  -4.379  25.345 0.0000000000
81641  -37.489  14.231  -2.842 0.0000000000
81658  -38.157  14.676  -3.388 0.0000000000
82712  -40.036  15.966  -2.180 0.0000000000
82759  -40.104  15.832  -4.547 0.0000000000
82738  -39.914  15.785  -3.826 0.0000000000
82774  -38.884  14.936  -4.785 0.0000000000
82792  -39.840  15.134  -6.028 0.0000000000
81698  -40.230  14.983  -7.160 0.0000000000
82811  -40.481  15.572  -7.454 0.0000000000
83952  -40.730  16.198  -6.823 0.0000000000
85022  -41.669  17.479  -5.905 0.0000000000
85023  -42.179  17.859  -6.231 0.0000000000
50410  -12.650  -9.717  36.166 0.0000000000
50404  -12.523  -9.743  37.073 0.0000000000
66429  -25.522  2.601  13.424 0.0000000000
65220  -25.639  1.491  13.107 0.0000000000
65232  -25.399  1.328  12.136 0.0000000000
71919  -31.392  7.188  5.290 0.0000000000
71866  -28.678  6.475  8.486 0.0000000000
71867  -29.643  6.623  8.363 0.0000000000
71883  -30.141  6.369  7.908 0.0000000000
71884  -30.847  6.317  7.722 0.0000000000
75828  -33.215  9.153  9.533 0.0000000000
74550  -32.567  8.492  9.212 0.0000000000
74551  -33.631  8.205  9.134 0.0000000000
73225  -33.568  7.192  8.059 0.0000000000
73224  -32.936  7.013  8.553 0.0000000000
71885  -31.714  6.284  7.448 0.0000000000
71886  -32.538  6.351  6.986 0.0000000000
70512  -31.998  6.456  6.540 0.0000000000
73251  -33.537  7.611  6.307 0.0000000000
71902  -33.502  7.014  6.254 0.0000000000
73269  -33.003  7.783  6.054 0.0000000000
73268  -32.522  7.839  5.487 0.0000000000
74598  -33.061  8.340  5.954 0.0000000000
74597  -32.817  8.754  5.171 0.0000000000
75870  -33.717  9.118  6.338 0.0000000000
77062  -35.136  10.533  6.733 0.0000000000
54482  -13.047  -6.680  35.623 0.0000000000
54481  -12.811  -6.724  36.455 0.0000000000
53105  -13.286  -8.303  35.340 0.0000000000
50425  -13.609  -9.558  34.237 0.0000000000
50416  -13.311  -9.711  34.807 0.0000000000
49152  -13.810  -10.565  34.324 0.0000000000
49132  -12.149  -10.766  37.409 0.0000000000
49120  -11.971  -10.500  38.280 0.0000000000
47812  -10.675  -11.584  39.743 0.0000000000
49107  -11.155  -10.660  39.520 0.0000000000
49096  -10.920  -10.578  40.401 0.0000000000
49086  -10.950  -10.438  41.004 0.0000000000
49095  -10.449  -11.003  40.886 0.0000000000
43989  -10.898  -14.674  40.366 0.0000000000
45233  -10.763  -13.805  40.388 0.0000000000
43981  -10.374  -14.012  40.979 0.0000000000
46478  -9.332  -12.777  42.848 0.0000000000
46501  -9.921  -12.222  41.678 0.0000000000
46489  -9.570  -11.941  42.243 0.0000000000
47785  -10.012  -10.928  42.017 0.0000000000
47784  -9.674  -11.337  42.501 0.0000000000
47776  -8.843  -11.683  43.579 0.0000000000
49073  -8.768  -11.143  43.456 0.0000000000
43959  -8.280  -14.588  43.174 0.0000000000
64011  -24.750  -0.090  16.649 0.0000000000
60064  -26.270  -2.807  24.949 0.0000000000
66337  -23.760  2.257  20.676 0.0000000000
63991  -23.559  0.530  18.337 0.0000000000
63992  -24.366  0.812  17.959 0.0000000000
64991  -26.322  0.894  28.240 0.0000000000
63834  -26.368  0.437  28.077 0.0000000000
63857  -26.522  -0.187  27.700 0.0000000000
61324  -26.643  -1.479  26.909 0.0000000000
61348  -26.686  -1.798  25.959 0.0000000000
60046  -26.444  -2.287  25.389 0.0000000000
78346  -35.740  11.488  -1.829 0.0000000000
79495  -37.543  12.488  -3.663 0.0000000000
67802  -26.157  3.428  8.153 0.0000000000
69156  -28.382  5.070  6.765 0.0000000000
121363  -16.452  -3.767  28.768 0.0000000000
57407  -15.840  -4.095  29.280 0.0000000000
121368  -15.418  -4.269  29.770 0.0000000000
56012  -15.499  -5.248  29.145 0.0000000000
54596  -14.848  -6.562  29.360 0.0000000000
53195  -14.631  -7.360  30.118 0.0000000000
51835  -14.674  -7.982  30.303 0.0000000000
51836  -14.969  -8.127  29.665 0.0000000000
67447  -25.276  3.456  27.717 0.0000000000
68769  -24.921  4.396  27.620 0.0000000000
68783  -24.835  4.650  26.670 0.0000000000
70154  -27.019  5.617  25.275 0.0000000000
70174  -27.125  5.305  24.658 0.0000000000
68803  -26.576  4.888  24.306 0.0000000000
67500  -26.169  4.276  23.530 0.0000000000
68746  -25.370  4.183  28.349 0.0000000000
78231  -34.880  10.801  5.379 0.0000000000
77111  -34.445  10.584  4.715 0.0000000000
78277  -35.606  11.649  3.499 0.0000000000
80448  -37.219  13.691  3.915 0.0000000000
80467  -37.116  13.620  3.378 0.0000000000
79413  -36.409  13.117  2.404 0.0000000000
79428  -36.355  13.174  1.444 0.0000000000
80501  -36.675  13.474  1.296 0.0000000000
80517  -36.734  13.431  0.882 0.0000000000
80532  -37.395  13.975  -0.205 0.0000000000
70373  -26.787  5.331  14.324 0.0000000000
71742  -26.543  6.007  13.985 0.0000000000
71770  -26.059  6.166  13.416 0.0000000000
71813  -27.195  7.031  10.752 0.0000000000
73188  -27.535  7.465  10.600 0.0000000000
71831  -28.064  7.226  9.670 0.0000000000
74549  -29.315  8.774  9.775 0.0000000000
61251  -25.311  -1.807  30.114 0.0000000000
59951  -24.783  -2.207  29.791 0.0000000000
121315  -18.848  -3.479  27.351 0.0000000000
82830  -41.068  15.940  -8.879 0.0000000000
85080  -41.815  16.873  -9.451 0.0000000000
62740  -26.687  -0.249  16.038 0.0000000000
62741  -27.251  -0.090  15.831 0.0000000000
66313  -28.667  2.990  20.591 0.0000000000
66366  -31.150  2.989  18.385 0.0000000000
67628  -30.496  3.314  17.670 0.0000000000
66383  -30.249  2.867  17.615 0.0000000000
67626  -29.370  3.045  17.380 0.0000000000
68990  -28.657  4.121  16.238 0.0000000000
70351  -29.084  5.689  16.222 0.0000000000
63924  -23.848  1.042  25.012 0.0000000000
63923  -23.520  0.498  24.830 0.0000000000
65078  -23.772  1.169  24.695 0.0000000000
63940  -23.048  0.406  23.740 0.0000000000
61421  -22.373  -1.389  20.599 0.0000000000
56047  -23.885  -4.886  24.989 0.0000000000
56048  -24.228  -4.975  24.943 0.0000000000
81622  -38.237  15.016  -1.290 0.0000000000
81643  -38.765  15.182  -1.702 0.0000000000
82710  -38.782  15.252  -2.446 0.0000000000
82736  -38.776  15.209  -2.915 0.0000000000
83938  -40.656  16.421  -5.928 0.0000000000
83939  -41.250  17.033  -5.507 0.0000000000
85003  -42.184  17.795  -4.865 0.0000000000
47867  -13.082  -11.423  35.411 0.0000000000
47866  -12.622  -11.466  36.001 0.0000000000
66457  -25.002  1.969  11.714 0.0000000000
65263  -25.023  1.444  10.680 0.0000000000
69192  -30.261  4.917  4.532 0.0000000000
71918  -30.915  6.416  5.567 0.0000000000
73223  -30.182  7.027  8.733 0.0000000000
73207  -30.515  7.324  9.252 0.0000000000
71849  -31.109  6.981  9.170 0.0000000000
71850  -31.680  6.777  9.049 0.0000000000
73226  -34.054  7.465  7.595 0.0000000000
71887  -33.551  6.651  6.737 0.0000000000
73238  -34.239  7.185  6.922 0.0000000000
74585  -33.945  7.900  6.740 0.0000000000
75871  -34.107  9.020  6.812 0.0000000000
57356  -14.035  -5.315  31.841 0.0000000000
57331  -13.683  -5.352  32.689 0.0000000000
57306  -13.276  -5.058  33.505 0.0000000000
54505  -13.026  -6.758  34.744 0.0000000000
51741  -13.581  -8.718  34.085 0.0000000000
50438  -13.799  -9.518  33.570 0.0000000000
47838  -11.344  -11.776  38.206 0.0000000000
49119  -11.429  -10.944  38.590 0.0000000000
120635  -10.022  -15.170  41.835 0.0000000000
43972  -9.867  -14.360  41.818 0.0000000000
120649  -9.867  -14.014  42.712 0.0000000000
45208  -9.520  -13.312  42.811 0.0000000000
45207  -9.173  -12.932  43.165 0.0000000000
47777  -9.239  -11.676  43.422 0.0000000000
47770  -9.096  -12.178  43.704 0.0000000000
46465  -8.978  -12.599  43.725 0.0000000000
46476  -8.688  -12.761  43.326 0.0000000000
71457  -26.043  6.608  28.022 0.0000000000
71521  -27.723  6.322  25.452 0.0000000000
80418  -36.083  13.324  6.458 0.0000000000
80434  -36.339  13.250  5.422 0.0000000000
81504  -37.007  14.003  5.064 0.0000000000
82587  -37.910  14.957  3.463 0.0000000000
82588  -38.277  15.493  3.168 0.0000000000
74490  -27.896  8.748  13.412 0.0000000000
58733  -23.303  -3.338  26.499 0.0000000000
59976  -23.209  -2.927  27.417 0.0000000000
60023  -22.532  -3.337  25.510 0.0000000000
60042  -21.761  -3.049  25.264 0.0000000000
62739  -25.787  -0.588  16.153 0.0000000000
70327  -30.242  4.770  17.340 0.0000000000
57472  -25.305  -4.691  23.588 0.0000000000
58792  -24.355  -4.214  23.320 0.0000000000
65101  -23.011  1.202  22.817 0.0000000000
65121  -23.214  1.724  20.877 0.0000000000
63968  -22.477  0.402  20.652 0.0000000000
62721  -23.356  -0.579  17.884 0.0000000000
61282  -27.714  -1.120  28.529 0.0000000000
61349  -27.139  -2.188  26.242 0.0000000000
58753  -27.367  -3.087  25.828 0.0000000000
58752  -26.964  -3.485  26.110 0.0000000000
77163  -34.051  10.774  0.176 0.0000000000
83855  -40.282  16.396  -0.788 0.0000000000
84958  -40.264  17.253  -1.519 0.0000000000
86079  -41.521  18.141  -3.752 0.0000000000
66491  -25.264  2.386  9.792 0.0000000000
75805  -32.701  9.846  9.659 0.0000000000
75806  -33.557  9.917  9.873 0.0000000000
77011  -34.072  10.570  9.716 0.0000000000
77012  -34.681  10.578  9.151 0.0000000000
77027  -35.074  10.625  8.623 0.0000000000
58673  -18.705  -2.602  31.255 0.0000000000
57373  -14.478  -5.133  31.073 0.0000000000
55947  -14.248  -6.010  32.138 0.0000000000
54560  -13.886  -6.706  32.173 0.0000000000
53149  -13.735  -7.415  32.776 0.0000000000
53164  -13.810  -7.990  32.613 0.0000000000
41695  -10.060  -15.679  43.809 0.0000000000
66339  -25.449  2.462  20.002 0.0000000000
67531  -27.847  3.410  21.800 0.0000000000
66294  -27.976  3.000  21.296 0.0000000000
67554  -29.128  3.584  20.993 0.0000000000
70198  -29.799  5.484  23.680 0.0000000000
62599  -24.901  0.030  26.680 0.0000000000
63875  -24.706  0.679  26.288 0.0000000000
65057  -24.601  1.585  25.834 0.0000000000
66214  -24.855  2.449  26.432 0.0000000000
65079  -24.177  1.646  24.903 0.0000000000
65093  -24.117  2.094  24.216 0.0000000000
66258  -24.252  2.698  23.780 0.0000000000
71479  -25.690  6.124  27.346 0.0000000000
70139  -25.472  5.618  26.459 0.0000000000
68792  -24.964  4.681  25.506 0.0000000000
68791  -24.651  4.149  24.950 0.0000000000
67491  -24.597  3.745  24.292 0.0000000000
66270  -24.384  2.714  22.852 0.0000000000
66291  -25.086  2.834  21.698 0.0000000000
74619  -32.252  8.432  4.356 0.0000000000
74639  -31.960  8.552  3.438 0.0000000000
75932  -32.513  9.043  3.327 0.0000000000
75943  -32.780  9.735  2.413 0.0000000000
79374  -36.055  12.128  4.015 0.0000000000
79398  -36.407  12.549  3.325 0.0000000000
78278  -36.105  11.890  3.029 0.0000000000
78334  -34.375  11.427  -0.380 0.0000000000
79461  -35.302  12.057  -0.760 0.0000000000
79477  -35.534  11.834  -1.389 0.0000000000
78353  -36.302  11.606  -2.203 0.0000000000
79487  -36.636  12.444  -2.284 0.0000000000
81604  -37.668  14.542  -0.670 0.0000000000
82669  -39.847  15.761  -0.111 0.0000000000
82608  -38.814  15.541  2.240 0.0000000000
82633  -39.332  15.721  1.696 0.0000000000
81568  -39.694  15.377  0.779 0.0000000000
82654  -39.684  15.742  0.632 0.0000000000
83834  -39.924  16.527  0.331 0.0000000000
66416  -25.968  2.996  14.112 0.0000000000
67721  -25.318  3.189  12.825 0.0000000000
73130  -26.117  7.009  13.261 0.0000000000
73153  -26.318  7.140  12.568 0.0000000000
69095  -25.253  4.444  10.376 0.0000000000
69116  -26.087  5.249  8.991 0.0000000000
69136  -27.119  5.067  7.788 0.0000000000
71848  -29.193  7.010  8.807 0.0000000000
73205  -28.618  7.520  9.645 0.0000000000
73206  -29.406  7.476  9.346 0.0000000000
75801  -28.704  9.565  10.255 0.0000000000
75825  -29.088  9.148  9.921 0.0000000000
75802  -29.454  9.669  9.813 0.0000000000
78130  -29.685  11.176  10.464 0.0000000000
76986  -29.981  10.744  9.873 0.0000000000
75804  -31.670  9.713  9.359 0.0000000000
77009  -32.474  11.354  9.663 0.0000000000
121347  -22.540  -3.182  28.281 0.0000000000
59949  -23.146  -3.097  28.860 0.0000000000
121339  -22.276  -3.367  28.814 0.0000000000
121330  -22.664  -3.303  29.341 0.0000000000
121329  -21.522  -3.408  29.567 0.0000000000
57421  -19.669  -3.730  29.040 0.0000000000
86121  -42.759  18.256  -8.353 0.0000000000
65138  -26.495  1.968  19.045 0.0000000000
65152  -27.122  1.792  18.529 0.0000000000
65140  -29.988  1.958  18.751 0.0000000000
65155  -30.039  2.117  18.147 0.0000000000
64004  -28.457  1.181  17.162 0.0000000000
66407  -28.235  2.089  16.184 0.0000000000
71715  -28.598  6.754  15.361 0.0000000000
61345  -24.144  -1.279  25.575 0.0000000000
61363  -23.592  -1.596  24.940 0.0000000000
57480  -23.960  -4.441  22.257 0.0000000000
62673  -22.697  -0.103  22.736 0.0000000000
62658  -22.555  -1.049  22.856 0.0000000000
61400  -22.368  -1.533  21.625 0.0000000000
61386  -22.517  -1.692  22.599 0.0000000000
60088  -22.818  -2.584  22.796 0.0000000000
61252  -26.396  -1.355  30.266 0.0000000000
61281  -24.842  -2.398  27.661 0.0000000000
58736  -26.510  -3.326  26.839 0.0000000000
58717  -25.941  -2.851  27.690 0.0000000000
60000  -25.119  -2.756  27.378 0.0000000000
61299  -24.847  -2.567  27.465 0.0000000000
59999  -24.474  -2.793  27.144 0.0000000000
60024  -23.695  -3.341  26.583 0.0000000000
57445  -23.204  -3.804  25.424 0.0000000000
81657  -37.749  13.914  -3.718 0.0000000000
80576  -37.683  13.191  -3.972 0.0000000000
80577  -37.915  13.260  -4.612 0.0000000000
80588  -38.284  13.380  -5.383 0.0000000000
82737  -39.425  15.578  -3.330 0.0000000000
83911  -39.877  15.986  -3.421 0.0000000000
81696  -39.097  13.815  -6.498 0.0000000000
80600  -39.317  13.289  -6.928 0.0000000000
83987  -40.798  16.056  -7.804 0.0000000000
83969  -41.153  16.593  -7.297 0.0000000000
85036  -42.332  17.701  -7.091 0.0000000000
86103  -42.670  18.376  -6.471 0.0000000000
51709  -12.245  -8.778  37.506 0.0000000000
47852  -12.446  -11.749  36.695 0.0000000000
47839  -11.983  -11.961  37.468 0.0000000000
64045  -26.017  0.659  13.206 0.0000000000
65282  -25.292  1.516  9.952 0.0000000000
73288  -31.609  7.775  4.325 0.0000000000
70493  -29.537  6.067  7.723 0.0000000000
71851  -32.352  6.715  8.696 0.0000000000
73210  -33.278  7.543  8.644 0.0000000000
71900  -31.509  6.680  6.017 0.0000000000
71901  -32.424  6.936  6.151 0.0000000000
73267  -31.903  7.675  5.133 0.0000000000
75890  -33.084  9.242  4.990 0.0000000000
77087  -33.937  9.749  5.584 0.0000000000
75892  -33.933  9.377  6.218 0.0000000000
77088  -34.425  9.948  5.924 0.0000000000
79340  -35.686  12.296  6.356 0.0000000000
78174  -34.657  11.708  8.275 0.0000000000
55864  -12.822  -5.754  36.731 0.0000000000
50415  -12.932  -9.739  35.424 0.0000000000
51729  -13.279  -9.099  35.282 0.0000000000
50453  -13.838  -9.246  32.994 0.0000000000
51708  -11.875  -8.906  38.544 0.0000000000
49108  -11.772  -10.367  38.887 0.0000000000
51680  -10.532  -9.620  41.646 0.0000000000
45247  -11.002  -13.393  39.623 0.0000000000
45246  -10.757  -12.805  39.945 0.0000000000
46525  -10.597  -12.317  40.159 0.0000000000
43973  -10.053  -13.595  41.543 0.0000000000
46510  -10.349  -12.339  40.866 0.0000000000
47800  -10.243  -11.716  41.114 0.0000000000
49085  -10.410  -10.585  41.589 0.0000000000
50364  -10.446  -10.063  41.855 0.0000000000
50359  -10.064  -9.678  42.214 0.0000000000
121242  -9.378  -9.366  43.044 0.0000000000
49074  -9.027  -11.096  43.493 0.0000000000
42794  -9.261  -15.970  43.611 0.0000000000
42797  -8.799  -16.089  43.450 0.0000000000
43950  -8.948  -15.141  43.863 0.0000000000
45206  -8.327  -13.588  43.331 0.0000000000
41693  -9.192  -16.632  43.621 0.0000000000
42795  -9.511  -15.428  43.732 0.0000000000
42796  -9.987  -15.314  43.634 0.0000000000
42801  -9.960  -14.878  42.500 0.0000000000
43953  -9.552  -14.393  43.844 0.0000000000
43980  -10.311  -13.435  41.077 0.0000000000
45199  -9.673  -13.741  43.229 0.0000000000
45214  -9.909  -13.061  42.024 0.0000000000
45223  -10.211  -12.969  41.287 0.0000000000
46466  -9.153  -12.507  43.503 0.0000000000
46490  -9.574  -12.589  42.435 0.0000000000
46500  -9.743  -11.767  41.899 0.0000000000
47792  -9.707  -11.581  42.089 0.0000000000
49106  -10.658  -11.048  40.160 0.0000000000
50383  -12.178  -10.037  38.698 0.0000000000
50395  -12.055  -9.638  38.657 0.0000000000
50526  -14.581  -8.378  30.408 0.0000000000
51780  -13.781  -8.625  32.764 0.0000000000
54527  -13.255  -6.615  33.634 0.0000000000
54545  -13.574  -6.819  33.183 0.0000000000
54546  -13.740  -6.980  32.619 0.0000000000
54619  -15.904  -6.191  27.544 0.0000000000
55914  -13.106  -6.444  33.701 0.0000000000
55930  -13.233  -6.402  33.483 0.0000000000
55985  -14.401  -5.875  30.776 0.0000000000
56000  -14.571  -6.012  29.993 0.0000000000
56024  -15.796  -5.593  28.220 0.0000000000
56062  -23.711  -5.351  24.602 0.0000000000
57330  -13.500  -5.578  32.970 0.0000000000
57432  -23.195  -3.655  25.682 0.0000000000
57433  -23.440  -3.779  25.706 0.0000000000
57459  -22.816  -4.331  24.836 0.0000000000
58765  -22.718  -3.587  25.287 0.0000000000
58769  -27.166  -3.324  25.176 0.0000000000
58778  -21.836  -3.814  24.866 0.0000000000
58783  -26.719  -3.133  24.905 0.0000000000
59977  -23.615  -2.717  27.545 0.0000000000
59997  -22.885  -3.099  27.347 0.0000000000
59998  -23.463  -2.984  26.962 0.0000000000
60022  -22.247  -3.105  25.586 0.0000000000
60043  -22.301  -3.258  25.218 0.0000000000
60048  -27.351  -2.717  25.908 0.0000000000
60060  -21.613  -3.394  25.020 0.0000000000
60061  -21.976  -3.364  24.970 0.0000000000
61280  -24.613  -2.513  27.533 0.0000000000
61300  -25.077  -2.488  27.582 0.0000000000
61325  -27.137  -1.954  26.752 0.0000000000
62578  -26.281  -0.474  27.437 0.0000000000
65100  -22.785  0.861  22.438 0.0000000000
65141  -30.400  2.161  18.452 0.0000000000
65245  -24.834  1.719  11.192 0.0000000000
65262  -24.717  1.850  10.947 0.0000000000
66456  -24.748  2.279  11.192 0.0000000000
67707  -26.210  3.816  14.010 0.0000000000
67734  -24.773  2.774  11.099 0.0000000000
67753  -24.766  2.509  10.799 0.0000000000
70089  -25.812  5.233  29.084 0.0000000000
70110  -25.634  4.697  28.630 0.0000000000
70530  -31.460  6.382  6.363 0.0000000000
71435  -25.462  5.606  28.678 0.0000000000
71519  -26.183  6.180  26.170 0.0000000000
71903  -33.932  7.111  6.179 0.0000000000
73129  -25.781  6.571  12.955 0.0000000000
73152  -25.852  6.948  12.774 0.0000000000
73193  -31.886  8.024  9.294 0.0000000000
73237  -33.939  6.838  7.375 0.0000000000
73250  -32.999  7.419  6.150 0.0000000000
73252  -34.061  7.270  6.447 0.0000000000
74548  -29.123  8.887  9.861 0.0000000000
75800  -28.031  9.633  10.890 0.0000000000
75826  -29.337  9.032  9.760 0.0000000000
76990  -33.689  10.384  10.053 0.0000000000
77151  -33.304  11.067  1.957 0.0000000000
77181  -36.039  11.065  -2.177 0.0000000000
78133  -32.945  11.099  9.925 0.0000000000
78134  -33.368  10.932  10.063 0.0000000000
78152  -32.258  11.915  9.659 0.0000000000
78154  -33.652  11.408  9.818 0.0000000000
78304  -33.787  11.207  1.803 0.0000000000
78335  -34.840  11.555  -0.833 0.0000000000
78344  -34.572  11.146  -1.069 0.0000000000
79414  -36.651  13.626  2.149 0.0000000000
79528  -38.780  12.549  -6.173 0.0000000000
80417  -35.942  12.944  5.962 0.0000000000
81607  -39.754  15.215  -0.168 0.0000000000
82632  -38.993  15.461  1.805 0.0000000000
82634  -39.578  15.534  1.033 0.0000000000
82653  -39.579  15.924  1.116 0.0000000000
83833  -39.680  16.178  0.860 0.0000000000
121237  -9.246  -8.600  43.561 0.0000000000
121327  -21.880  -3.424  28.980 0.0000000000
121340  -22.720  -3.342  29.036 0.0000000000
121344  -19.995  -3.293  28.686 0.0000000000
121351  -19.870  -3.531  28.659 0.0000000000
121353  -19.671  -3.585  28.745 0.0000000000
