#!ascii label  , from subject sub-NDARAG610XL4 vox2ras=TkReg
1663
74346  -41.477  8.309  22.384 0.0000000000
55938  -40.394  -5.098  32.457 0.0000000000
67700  -50.520  3.546  15.170 0.0000000000
67742  -39.758  3.450  11.506 0.0000000000
75687  -46.554  8.403  16.886 0.0000000000
63863  -42.905  0.201  27.902 0.0000000000
54704  -34.150  -6.656  21.965 0.0000000000
61462  -36.874  -1.825  17.006 0.0000000000
53095  -30.911  -7.168  36.472 0.0000000000
80421  -44.783  13.892  6.696 0.0000000000
47997  -29.239  -11.245  26.342 0.0000000000
70355  -40.789  5.654  16.547 0.0000000000
122244  -43.071  6.873  13.607 0.0000000000
122267  -42.260  10.142  18.495 0.0000000000
68795  -43.929  4.609  25.450 0.0000000000
63933  -39.802  0.347  24.210 0.0000000000
66349  -40.553  2.435  19.888 0.0000000000
64038  -38.139  0.919  15.150 0.0000000000
82511  -48.959  15.579  8.537 0.0000000000
53144  -36.265  -7.476  34.669 0.0000000000
50510  -30.490  -9.538  30.598 0.0000000000
51846  -33.913  -8.485  29.430 0.0000000000
66372  -48.593  3.380  19.382 0.0000000000
61272  -38.846  -1.805  29.628 0.0000000000
56040  -35.932  -4.991  27.152 0.0000000000
56056  -40.296  -4.788  25.671 0.0000000000
58835  -35.673  -3.812  20.363 0.0000000000
121773  -27.578  -3.983  36.807 0.0000000000
76845  -48.763  10.984  17.229 0.0000000000
73112  -47.605  7.675  14.208 0.0000000000
79255  -44.400  12.155  10.477 0.0000000000
70481  -47.048  5.401  9.552 0.0000000000
75814  -52.009  9.572  9.753 0.0000000000
50480  -26.789  -9.330  31.033 0.0000000000
51949  -31.688  -8.209  24.958 0.0000000000
71676  -41.338  6.398  18.879 0.0000000000
71722  -41.396  7.367  17.415 0.0000000000
122276  -41.555  9.067  19.744 0.0000000000
71572  -43.226  6.607  24.178 0.0000000000
66277  -42.961  2.973  22.695 0.0000000000
68886  -41.872  4.894  20.520 0.0000000000
67633  -41.071  4.065  18.090 0.0000000000
66426  -51.241  3.342  14.039 0.0000000000
69023  -51.066  4.312  15.012 0.0000000000
54539  -38.309  -6.228  34.062 0.0000000000
50515  -35.140  -8.362  31.656 0.0000000000
54577  -36.537  -6.801  31.590 0.0000000000
67785  -41.576  3.604  9.864 0.0000000000
122271  -44.864  7.804  14.677 0.0000000000
70428  -45.222  5.431  12.976 0.0000000000
71752  -46.484  5.669  15.280 0.0000000000
67654  -47.211  3.208  17.389 0.0000000000
70295  -47.817  5.418  18.349 0.0000000000
63859  -38.667  0.117  27.293 0.0000000000
60030  -39.999  -3.832  27.543 0.0000000000
60009  -41.893  -2.385  27.364 0.0000000000
62702  -38.309  -0.833  20.200 0.0000000000
61410  -37.273  -1.986  22.025 0.0000000000
60140  -35.922  -2.684  19.452 0.0000000000
66432  -38.775  2.215  13.226 0.0000000000
75710  -48.633  9.530  16.078 0.0000000000
74539  -44.557  9.114  9.867 0.0000000000
74577  -45.464  8.558  7.419 0.0000000000
73215  -49.858  7.484  9.206 0.0000000000
75850  -48.369  10.115  8.490 0.0000000000
81411  -51.231  13.840  10.246 0.0000000000
55874  -29.460  -5.511  36.110 0.0000000000
53136  -27.142  -7.129  33.964 0.0000000000
53156  -28.948  -7.170  32.978 0.0000000000
49239  -29.604  -10.963  28.114 0.0000000000
49225  -28.581  -10.765  28.915 0.0000000000
45487  -28.077  -12.884  26.724 0.0000000000
54667  -35.637  -5.929  24.790 0.0000000000
54637  -34.094  -6.726  26.374 0.0000000000
53303  -32.445  -7.367  23.251 0.0000000000
69037  -40.262  4.652  14.378 0.0000000000
69079  -41.136  5.321  12.394 0.0000000000
122237  -41.321  6.518  14.920 0.0000000000
122259  -42.858  8.639  16.955 0.0000000000
122302  -44.460  10.392  18.103 0.0000000000
66194  -43.586  2.510  27.291 0.0000000000
62609  -43.640  -1.040  26.760 0.0000000000
66251  -42.995  2.125  24.662 0.0000000000
65113  -40.617  1.424  21.980 0.0000000000
62716  -38.999  0.072  18.700 0.0000000000
62744  -37.865  -0.122  16.254 0.0000000000
65175  -39.442  1.558  17.466 0.0000000000
66410  -39.548  2.703  15.823 0.0000000000
81459  -47.113  14.161  6.961 0.0000000000
84813  -46.882  17.555  7.167 0.0000000000
54518  -33.539  -6.369  35.721 0.0000000000
51767  -31.368  -7.932  33.103 0.0000000000
51792  -32.896  -8.544  32.844 0.0000000000
49211  -32.467  -9.706  29.816 0.0000000000
49255  -31.451  -10.144  27.549 0.0000000000
69124  -43.841  4.550  10.450 0.0000000000
65187  -47.856  1.678  16.717 0.0000000000
66391  -50.120  2.729  17.594 0.0000000000
58692  -39.260  -3.177  31.203 0.0000000000
56007  -37.628  -5.283  29.578 0.0000000000
57414  -38.435  -3.964  28.350 0.0000000000
57452  -38.132  -5.106  26.175 0.0000000000
56097  -37.104  -5.450  23.033 0.0000000000
60054  -39.776  -2.471  25.250 0.0000000000
58796  -37.784  -4.043  23.220 0.0000000000
54738  -35.319  -5.941  20.948 0.0000000000
77952  -42.105  10.956  22.793 0.0000000000
61232  -40.792  -2.205  32.910 0.0000000000
66130  -38.681  2.205  30.104 0.0000000000
66146  -39.807  3.516  29.164 0.0000000000
80199  -42.349  11.795  20.701 0.0000000000
122313  -43.551  12.814  19.589 0.0000000000
77981  -46.211  11.575  19.619 0.0000000000
80226  -47.448  13.136  18.606 0.0000000000
76824  -47.639  9.929  18.527 0.0000000000
73017  -49.432  7.302  19.093 0.0000000000
70315  -49.492  5.409  18.075 0.0000000000
69020  -48.397  4.421  15.155 0.0000000000
75787  -45.797  9.523  12.071 0.0000000000
70431  -46.862  5.787  12.617 0.0000000000
69061  -49.470  3.762  12.816 0.0000000000
71801  -50.600  5.416  12.609 0.0000000000
78140  -50.098  12.064  9.649 0.0000000000
54529  -25.189  -6.852  34.452 0.0000000000
46674  -26.569  -12.635  30.796 0.0000000000
50482  -28.821  -9.104  31.308 0.0000000000
47938  -26.859  -11.565  29.438 0.0000000000
53234  -34.865  -7.047  28.654 0.0000000000
51887  -32.864  -8.218  27.366 0.0000000000
49289  -30.528  -10.478  25.667 0.0000000000
50625  -29.384  -10.256  23.560 0.0000000000
72997  -41.572  7.092  20.374 0.0000000000
74385  -41.527  8.123  20.002 0.0000000000
75610  -41.499  9.238  21.238 0.0000000000
72957  -42.263  7.136  23.075 0.0000000000
70225  -42.315  5.616  22.389 0.0000000000
71617  -41.601  6.352  21.037 0.0000000000
70276  -41.579  5.496  20.182 0.0000000000
66413  -50.572  2.390  15.837 0.0000000000
66425  -50.473  2.991  14.615 0.0000000000
67701  -51.357  3.835  14.604 0.0000000000
69022  -50.500  4.182  14.557 0.0000000000
54555  -39.010  -5.619  33.353 0.0000000000
53173  -37.699  -6.736  32.438 0.0000000000
54579  -38.109  -6.159  31.763 0.0000000000
67762  -39.740  3.324  10.105 0.0000000000
67763  -40.704  3.943  10.787 0.0000000000
75708  -46.268  8.320  16.251 0.0000000000
74476  -45.781  6.905  14.905 0.0000000000
73086  -46.656  6.846  16.002 0.0000000000
70313  -47.206  5.467  17.177 0.0000000000
73037  -47.554  6.918  17.982 0.0000000000
63882  -40.314  0.714  26.622 0.0000000000
61309  -40.876  -1.856  27.389 0.0000000000
61311  -42.825  -1.503  27.961 0.0000000000
62714  -37.591  -1.042  18.787 0.0000000000
61430  -37.616  -1.735  20.080 0.0000000000
60163  -36.136  -1.970  18.092 0.0000000000
60184  -35.415  -2.384  17.400 0.0000000000
66448  -39.215  2.800  12.339 0.0000000000
66447  -38.159  2.300  12.164 0.0000000000
66462  -38.936  2.906  11.161 0.0000000000
77044  -43.845  10.704  7.541 0.0000000000
77066  -45.315  10.856  6.554 0.0000000000
75864  -47.353  9.610  7.753 0.0000000000
78195  -46.624  11.771  7.010 0.0000000000
55875  -29.907  -6.213  36.619 0.0000000000
55919  -29.529  -5.931  34.872 0.0000000000
55920  -30.335  -5.970  35.010 0.0000000000
47973  -29.703  -11.345  27.115 0.0000000000
47953  -28.957  -11.515  27.914 0.0000000000
46732  -28.461  -12.080  26.711 0.0000000000
45488  -28.291  -13.588  26.283 0.0000000000
46779  -28.600  -12.789  25.575 0.0000000000
54688  -35.499  -6.108  23.686 0.0000000000
54686  -33.811  -6.719  24.043 0.0000000000
53325  -34.003  -7.076  22.858 0.0000000000
69016  -40.417  5.021  15.449 0.0000000000
69038  -40.943  5.756  13.990 0.0000000000
70381  -41.191  6.462  15.606 0.0000000000
122251  -42.030  8.701  17.674 0.0000000000
122245  -41.768  7.464  16.479 0.0000000000
122292  -43.944  8.643  16.259 0.0000000000
122283  -43.644  9.640  17.359 0.0000000000
67471  -43.822  3.342  26.524 0.0000000000
65069  -44.247  1.503  25.942 0.0000000000
66252  -43.845  2.708  24.914 0.0000000000
67539  -42.121  3.372  21.157 0.0000000000
66297  -42.056  2.595  21.819 0.0000000000
65126  -40.918  2.138  20.722 0.0000000000
65124  -39.910  1.127  20.256 0.0000000000
65144  -39.856  1.273  19.766 0.0000000000
64008  -39.054  1.023  17.728 0.0000000000
66369  -40.001  2.302  18.427 0.0000000000
68967  -40.612  4.672  17.137 0.0000000000
67651  -39.857  3.248  17.278 0.0000000000
67675  -40.265  4.193  15.881 0.0000000000
67694  -40.004  3.967  15.137 0.0000000000
53119  -35.108  -6.876  35.138 0.0000000000
51747  -33.632  -7.842  34.021 0.0000000000
51770  -34.351  -7.920  33.461 0.0000000000
50534  -34.312  -8.491  30.692 0.0000000000
50513  -33.704  -8.951  30.999 0.0000000000
50532  -32.907  -9.485  29.546 0.0000000000
49242  -32.155  -10.004  28.567 0.0000000000
50563  -33.105  -9.268  28.327 0.0000000000
70464  -42.418  5.993  11.986 0.0000000000
69104  -42.900  5.020  11.114 0.0000000000
69080  -43.370  5.640  11.599 0.0000000000
69039  -45.747  4.420  13.844 0.0000000000
69082  -45.187  4.315  12.009 0.0000000000
67726  -45.536  3.346  13.086 0.0000000000
67610  -47.962  3.724  19.016 0.0000000000
66401  -47.378  2.433  17.511 0.0000000000
66390  -48.881  2.133  18.369 0.0000000000
65177  -49.352  1.814  17.632 0.0000000000
65161  -49.577  2.356  18.269 0.0000000000
61273  -39.097  -2.221  30.153 0.0000000000
57398  -39.733  -4.059  29.605 0.0000000000
59983  -38.963  -2.837  28.766 0.0000000000
58757  -40.668  -4.096  26.702 0.0000000000
57440  -39.402  -4.708  26.788 0.0000000000
56054  -39.052  -5.307  25.408 0.0000000000
56068  -37.431  -5.178  24.732 0.0000000000
56085  -38.403  -4.843  24.250 0.0000000000
63910  -41.492  0.257  25.487 0.0000000000
62607  -41.764  -1.147  26.358 0.0000000000
62630  -39.450  -1.032  24.911 0.0000000000
58837  -36.838  -2.950  21.096 0.0000000000
60092  -37.432  -2.717  22.532 0.0000000000
58822  -36.622  -4.106  21.405 0.0000000000
56119  -36.845  -5.344  21.961 0.0000000000
64025  -37.899  0.337  15.533 0.0000000000
66144  -38.367  2.567  28.860 0.0000000000
68753  -42.869  4.767  28.426 0.0000000000
79088  -41.912  11.599  22.144 0.0000000000
81231  -42.694  13.717  20.274 0.0000000000
122310  -44.839  13.261  20.079 0.0000000000
122305  -45.722  11.982  19.766 0.0000000000
81246  -45.993  13.327  20.669 0.0000000000
79140  -48.674  12.105  18.089 0.0000000000
77999  -47.727  11.108  18.737 0.0000000000
76825  -48.071  10.158  18.191 0.0000000000
74387  -48.584  8.056  19.257 0.0000000000
75665  -48.669  9.462  17.969 0.0000000000
74462  -48.451  8.850  15.289 0.0000000000
73038  -49.035  7.374  17.337 0.0000000000
71726  -48.289  6.451  15.630 0.0000000000
70357  -48.379  5.263  16.171 0.0000000000
71754  -47.957  6.147  14.854 0.0000000000
76995  -44.998  10.937  11.101 0.0000000000
71835  -45.556  6.702  9.287 0.0000000000
73179  -46.041  7.239  11.121 0.0000000000
69107  -46.646  5.031  11.022 0.0000000000
69059  -47.449  4.741  12.640 0.0000000000
70452  -48.744  4.393  11.676 0.0000000000
71800  -50.153  4.877  12.327 0.0000000000
70471  -49.514  5.397  11.149 0.0000000000
74557  -50.773  8.427  9.244 0.0000000000
73198  -51.322  7.086  10.424 0.0000000000
73200  -53.072  7.778  10.791 0.0000000000
81461  -48.471  14.672  8.101 0.0000000000
79302  -48.377  12.508  8.412 0.0000000000
80361  -49.430  13.345  9.028 0.0000000000
51786  -26.787  -8.024  31.995 0.0000000000
53166  -25.623  -7.794  32.767 0.0000000000
50479  -26.023  -9.189  31.468 0.0000000000
47920  -25.380  -10.972  31.450 0.0000000000
47928  -25.763  -10.542  30.751 0.0000000000
51811  -31.271  -8.830  32.015 0.0000000000
51809  -29.346  -8.351  31.968 0.0000000000
50509  -29.424  -9.546  30.556 0.0000000000
49224  -27.258  -10.764  29.376 0.0000000000
43019  -28.484  -15.625  27.877 0.0000000000
56019  -36.627  -5.473  28.778 0.0000000000
54612  -36.120  -5.980  29.265 0.0000000000
56030  -35.836  -5.451  27.874 0.0000000000
53259  -32.582  -7.630  25.708 0.0000000000
53244  -32.799  -7.638  26.665 0.0000000000
51904  -31.360  -8.742  26.121 0.0000000000
50572  -30.896  -9.265  26.028 0.0000000000
50587  -30.769  -9.616  25.421 0.0000000000
49308  -29.262  -10.674  24.287 0.0000000000
70331  -41.046  5.807  18.248 0.0000000000
71696  -40.993  6.408  17.218 0.0000000000
73034  -41.593  7.932  18.556 0.0000000000
73035  -41.625  8.778  18.802 0.0000000000
122275  -41.926  10.042  18.685 0.0000000000
70158  -43.977  5.403  25.109 0.0000000000
67495  -43.691  3.868  24.631 0.0000000000
68824  -43.156  4.923  23.276 0.0000000000
67540  -42.439  4.099  21.336 0.0000000000
67561  -41.941  4.048  20.496 0.0000000000
66371  -40.740  3.198  18.799 0.0000000000
68928  -41.308  4.615  19.127 0.0000000000
70312  -41.206  5.336  18.691 0.0000000000
68997  -51.526  4.532  15.699 0.0000000000
53145  -36.818  -7.228  34.320 0.0000000000
51772  -35.950  -8.321  33.449 0.0000000000
51797  -36.799  -7.795  32.834 0.0000000000
51827  -35.928  -7.716  31.473 0.0000000000
51868  -34.715  -7.737  30.015 0.0000000000
122250  -44.269  7.088  13.483 0.0000000000
70449  -44.424  6.173  12.583 0.0000000000
73160  -45.059  6.566  13.662 0.0000000000
71778  -45.623  5.602  14.320 0.0000000000
69018  -46.350  4.278  15.039 0.0000000000
67697  -46.420  3.196  15.136 0.0000000000
68968  -47.079  4.395  16.781 0.0000000000
68951  -47.432  4.393  17.846 0.0000000000
68911  -48.227  4.294  19.201 0.0000000000
63843  -38.136  0.087  28.466 0.0000000000
61287  -38.922  -2.049  28.371 0.0000000000
61307  -39.425  -2.244  27.592 0.0000000000
60007  -40.146  -2.773  27.169 0.0000000000
58758  -40.559  -3.741  26.113 0.0000000000
62682  -38.966  -0.471  22.120 0.0000000000
62668  -38.566  -0.926  23.366 0.0000000000
61411  -37.821  -1.424  21.526 0.0000000000
60124  -36.973  -2.355  20.274 0.0000000000
60139  -35.318  -3.248  19.241 0.0000000000
58874  -34.889  -3.907  19.190 0.0000000000
60161  -34.578  -3.284  18.135 0.0000000000
65213  -38.471  1.619  14.352 0.0000000000
65236  -37.799  1.682  12.605 0.0000000000
79191  -48.537  12.143  16.070 0.0000000000
76865  -48.693  10.273  16.606 0.0000000000
78059  -48.121  11.352  15.343 0.0000000000
75738  -48.269  10.132  14.782 0.0000000000
74494  -47.684  9.457  13.922 0.0000000000
79280  -43.711  11.893  9.409 0.0000000000
75810  -44.296  9.985  10.208 0.0000000000
75848  -43.758  10.292  8.707 0.0000000000
74567  -44.978  8.126  8.294 0.0000000000
71874  -46.423  6.823  8.300 0.0000000000
71857  -48.946  6.486  9.384 0.0000000000
73231  -47.992  7.659  8.374 0.0000000000
74570  -48.672  8.458  8.579 0.0000000000
75836  -49.777  9.924  8.924 0.0000000000
82512  -49.812  15.491  8.745 0.0000000000
81426  -50.143  14.101  9.925 0.0000000000
82496  -51.008  14.679  9.141 0.0000000000
121783  -28.337  -4.749  36.718 0.0000000000
54487  -27.437  -5.744  35.832 0.0000000000
55897  -28.120  -5.778  35.491 0.0000000000
53155  -27.971  -7.270  33.383 0.0000000000
51787  -27.573  -7.874  31.916 0.0000000000
49226  -29.778  -10.446  28.998 0.0000000000
49207  -28.986  -10.077  29.794 0.0000000000
49238  -28.962  -11.178  28.388 0.0000000000
47952  -28.250  -11.954  27.616 0.0000000000
45474  -27.722  -13.446  27.330 0.0000000000
43033  -28.533  -15.458  27.210 0.0000000000
44206  -28.384  -14.794  26.575 0.0000000000
54652  -35.734  -6.008  25.864 0.0000000000
54638  -35.007  -6.381  26.640 0.0000000000
54651  -34.846  -6.218  25.580 0.0000000000
53277  -33.331  -6.953  24.766 0.0000000000
53275  -31.792  -7.682  23.844 0.0000000000
67725  -40.222  4.215  12.863 0.0000000000
67743  -40.279  4.131  11.999 0.0000000000
67712  -40.476  4.658  13.313 0.0000000000
122260  -42.009  7.155  14.203 0.0000000000
122238  -41.639  7.045  15.760 0.0000000000
122270  -42.001  7.239  15.250 0.0000000000
122277  -44.071  8.041  14.938 0.0000000000
122291  -45.219  9.003  16.295 0.0000000000
76864  -45.952  9.096  16.628 0.0000000000
65014  -43.368  1.781  27.571 0.0000000000
62568  -44.162  -1.096  28.233 0.0000000000
65042  -44.324  1.207  26.824 0.0000000000
65067  -42.798  0.866  25.628 0.0000000000
63935  -41.254  0.835  24.681 0.0000000000
66262  -42.915  2.648  23.893 0.0000000000
65097  -41.419  1.451  23.866 0.0000000000
63956  -40.220  0.780  22.673 0.0000000000
63961  -39.411  0.272  21.425 0.0000000000
62703  -39.073  -0.278  19.738 0.0000000000
62724  -37.680  -0.744  18.171 0.0000000000
61475  -37.509  -1.144  16.346 0.0000000000
62734  -37.816  -0.496  17.181 0.0000000000
62745  -38.135  0.314  16.372 0.0000000000
65184  -38.815  1.432  16.346 0.0000000000
66388  -40.107  2.999  18.095 0.0000000000
66399  -39.624  2.545  16.865 0.0000000000
65214  -38.949  1.811  15.009 0.0000000000
66422  -39.457  2.547  14.604 0.0000000000
66433  -39.546  2.766  13.386 0.0000000000
80423  -46.359  13.229  6.680 0.0000000000
82545  -45.691  15.776  6.549 0.0000000000
82547  -47.514  15.889  7.048 0.0000000000
83710  -47.926  16.719  8.228 0.0000000000
83694  -48.475  16.706  8.451 0.0000000000
84798  -49.355  16.837  8.035 0.0000000000
55901  -32.259  -6.197  35.748 0.0000000000
53138  -31.112  -6.683  34.025 0.0000000000
53159  -31.860  -7.414  33.737 0.0000000000
51791  -31.880  -8.693  32.450 0.0000000000
50485  -31.950  -9.261  31.748 0.0000000000
50463  -34.292  -8.390  32.442 0.0000000000
50486  -33.065  -9.118  31.622 0.0000000000
50511  -31.524  -9.588  30.689 0.0000000000
49228  -31.693  -10.247  29.233 0.0000000000
49240  -30.617  -10.543  28.242 0.0000000000
47974  -30.304  -11.130  26.793 0.0000000000
69102  -41.097  4.723  10.958 0.0000000000
67786  -42.635  4.116  9.904 0.0000000000
70466  -44.574  5.195  11.872 0.0000000000
65190  -50.628  1.903  16.795 0.0000000000
67656  -50.282  3.082  16.616 0.0000000000
57364  -40.278  -4.486  31.135 0.0000000000
55977  -39.518  -5.323  30.952 0.0000000000
57381  -39.894  -4.528  29.965 0.0000000000
56021  -38.111  -4.162  28.898 0.0000000000
56032  -37.349  -4.574  27.872 0.0000000000
58721  -38.985  -3.608  28.134 0.0000000000
57428  -38.744  -4.199  27.406 0.0000000000
57438  -37.534  -5.016  26.707 0.0000000000
54668  -36.460  -5.523  25.209 0.0000000000
54689  -36.590  -5.718  23.984 0.0000000000
54707  -36.227  -5.790  22.824 0.0000000000
60034  -42.893  -2.311  27.302 0.0000000000
60056  -41.026  -2.555  26.671 0.0000000000
58775  -40.159  -3.417  25.588 0.0000000000
60070  -38.593  -2.132  23.863 0.0000000000
58798  -38.685  -3.090  23.831 0.0000000000
58787  -38.693  -4.202  24.128 0.0000000000
56120  -37.500  -5.105  22.592 0.0000000000
54727  -35.925  -5.799  21.920 0.0000000000
61508  -36.368  -1.510  14.888 0.0000000000
74332  -42.509  8.501  23.713 0.0000000000
75603  -41.669  9.566  22.273 0.0000000000
58561  -29.418  -3.645  38.152 0.0000000000
55856  -32.224  -5.477  36.554 0.0000000000
55878  -33.210  -5.728  36.236 0.0000000000
54494  -34.431  -6.078  36.267 0.0000000000
54498  -38.024  -6.232  35.605 0.0000000000
55906  -39.274  -5.200  34.691 0.0000000000
57296  -40.621  -4.385  33.951 0.0000000000
57346  -41.161  -3.977  32.898 0.0000000000
59929  -40.215  -2.557  32.633 0.0000000000
59954  -39.378  -2.441  31.451 0.0000000000
62531  -39.071  -0.612  30.690 0.0000000000
64971  -39.136  1.051  30.197 0.0000000000
63826  -38.406  0.160  29.596 0.0000000000
64998  -37.843  1.368  28.032 0.0000000000
66189  -38.836  2.371  26.786 0.0000000000
66191  -40.517  2.640  27.459 0.0000000000
66192  -41.646  2.689  27.626 0.0000000000
67454  -43.122  3.253  27.653 0.0000000000
67455  -43.452  3.677  27.475 0.0000000000
74333  -43.141  8.098  24.149 0.0000000000
76784  -41.683  10.027  21.513 0.0000000000
77996  -41.525  10.961  20.005 0.0000000000
122268  -42.721  11.259  18.988 0.0000000000
81230  -42.002  13.253  21.180 0.0000000000
122297  -42.973  12.118  19.765 0.0000000000
122257  -43.087  11.219  18.750 0.0000000000
122296  -45.850  10.981  19.201 0.0000000000
76822  -46.426  10.033  18.229 0.0000000000
79110  -47.184  12.029  19.781 0.0000000000
77998  -47.130  10.951  18.827 0.0000000000
75664  -47.319  8.884  18.572 0.0000000000
72998  -48.205  7.223  19.156 0.0000000000
71636  -48.463  6.325  19.814 0.0000000000
70261  -49.928  4.461  21.062 0.0000000000
74422  -49.192  8.344  17.797 0.0000000000
71680  -49.594  6.201  18.763 0.0000000000
67612  -50.991  3.461  19.242 0.0000000000
67636  -49.693  3.507  18.036 0.0000000000
68996  -49.294  3.967  16.463 0.0000000000
67677  -49.161  3.953  15.485 0.0000000000
76955  -46.477  10.851  12.798 0.0000000000
74512  -46.846  8.140  13.120 0.0000000000
75811  -45.172  9.713  10.878 0.0000000000
74524  -46.218  7.913  11.830 0.0000000000
71779  -47.155  6.697  13.476 0.0000000000
69040  -47.765  4.695  13.696 0.0000000000
67715  -48.790  3.842  13.629 0.0000000000
67699  -49.840  3.992  14.714 0.0000000000
69043  -50.506  4.219  13.751 0.0000000000
70410  -51.344  4.989  14.060 0.0000000000
71781  -52.185  5.915  14.153 0.0000000000
71837  -50.274  5.933  11.120 0.0000000000
71821  -51.805  6.664  11.923 0.0000000000
71782  -52.887  6.752  13.967 0.0000000000
79323  -47.484  12.462  7.496 0.0000000000
77018  -49.017  11.201  9.044 0.0000000000
76998  -50.861  11.027  9.577 0.0000000000
80303  -50.339  12.957  11.476 0.0000000000
78120  -51.255  11.543  10.838 0.0000000000
76976  -52.339  10.494  10.039 0.0000000000
54530  -26.075  -6.699  34.251 0.0000000000
53157  -29.882  -7.535  33.128 0.0000000000
53177  -28.907  -7.963  32.032 0.0000000000
50481  -27.786  -9.095  31.114 0.0000000000
49206  -27.783  -10.118  29.895 0.0000000000
49205  -26.441  -10.117  30.360 0.0000000000
46692  -26.670  -12.370  29.885 0.0000000000
55993  -36.746  -5.966  30.498 0.0000000000
54602  -35.503  -6.855  29.922 0.0000000000
53218  -34.386  -7.634  28.775 0.0000000000
54625  -34.295  -6.816  27.291 0.0000000000
53232  -33.611  -7.551  27.548 0.0000000000
51888  -33.384  -8.580  28.111 0.0000000000
50574  -32.057  -9.385  27.064 0.0000000000
49271  -31.020  -10.377  26.725 0.0000000000
48022  -29.686  -10.926  25.613 0.0000000000
53302  -31.592  -7.802  23.223 0.0000000000
50608  -30.977  -8.998  23.876 0.0000000000
50607  -30.521  -9.555  24.453 0.0000000000
49309  -29.933  -10.519  24.822 0.0000000000
48048  -29.321  -11.000  24.968 0.0000000000
48021  -28.879  -11.243  25.560 0.0000000000
72984  -41.561  7.299  21.237 0.0000000000
74372  -41.448  8.172  20.764 0.0000000000
74359  -41.412  8.253  21.588 0.0000000000
72956  -41.807  7.666  22.765 0.0000000000
71602  -41.907  6.500  22.265 0.0000000000
72969  -41.615  7.484  22.020 0.0000000000
67679  -50.498  3.048  16.119 0.0000000000
55937  -39.507  -5.367  32.843 0.0000000000
55936  -38.764  -5.776  32.848 0.0000000000
55956  -38.709  -5.610  32.209 0.0000000000
75709  -46.464  8.171  16.506 0.0000000000
74439  -46.585  7.668  16.383 0.0000000000
73036  -47.277  7.331  17.309 0.0000000000
74420  -47.012  7.954  17.468 0.0000000000
63884  -41.551  0.894  27.019 0.0000000000
62588  -41.941  -0.901  27.271 0.0000000000
62589  -42.602  -0.599  27.741 0.0000000000
61452  -36.800  -1.550  17.856 0.0000000000
61453  -37.171  -1.370  18.431 0.0000000000
67724  -39.858  3.523  12.636 0.0000000000
79344  -44.643  12.715  6.648 0.0000000000
78213  -44.678  11.558  6.535 0.0000000000
78214  -45.356  11.845  6.439 0.0000000000
78194  -45.853  11.367  6.673 0.0000000000
79345  -45.695  12.638  6.507 0.0000000000
53113  -30.149  -7.195  36.877 0.0000000000
55900  -30.538  -6.383  35.421 0.0000000000
54515  -30.367  -7.000  35.741 0.0000000000
47996  -28.593  -11.712  26.284 0.0000000000
54705  -34.415  -6.557  22.454 0.0000000000
53305  -34.162  -6.899  23.103 0.0000000000
68993  -40.522  4.663  16.331 0.0000000000
122252  -43.295  10.706  18.367 0.0000000000
68787  -43.837  4.169  26.214 0.0000000000
67486  -44.153  3.064  26.074 0.0000000000
67485  -44.007  3.410  25.632 0.0000000000
66321  -41.240  2.913  20.591 0.0000000000
66320  -40.784  2.230  20.442 0.0000000000
65145  -40.178  1.941  19.420 0.0000000000
65159  -39.840  1.750  18.677 0.0000000000
65160  -40.063  2.130  18.946 0.0000000000
53143  -35.496  -7.488  34.708 0.0000000000
53142  -34.530  -7.494  34.591 0.0000000000
51749  -34.921  -7.846  34.050 0.0000000000
51847  -34.368  -8.329  29.999 0.0000000000
50533  -33.559  -8.839  30.018 0.0000000000
50550  -33.490  -9.057  28.958 0.0000000000
50549  -32.806  -9.633  28.708 0.0000000000
70465  -43.068  6.119  11.903 0.0000000000
69081  -43.587  6.110  12.124 0.0000000000
67713  -45.897  3.563  13.711 0.0000000000
66389  -48.017  2.583  18.711 0.0000000000
66373  -49.161  2.849  19.053 0.0000000000
59968  -39.119  -2.771  29.718 0.0000000000
57442  -40.492  -4.514  26.070 0.0000000000
57441  -40.203  -4.709  26.489 0.0000000000
56055  -39.932  -5.095  25.246 0.0000000000
56069  -38.371  -5.046  24.794 0.0000000000
56070  -39.121  -5.058  24.617 0.0000000000
63934  -40.547  0.334  24.720 0.0000000000
63909  -40.738  -0.162  25.348 0.0000000000
62652  -39.827  -0.070  24.636 0.0000000000
58836  -36.357  -3.549  20.829 0.0000000000
57518  -35.780  -4.330  20.707 0.0000000000
57519  -36.324  -4.682  21.227 0.0000000000
64037  -37.709  0.500  14.639 0.0000000000
79158  -48.978  12.176  17.158 0.0000000000
80238  -48.376  12.660  17.327 0.0000000000
79141  -49.003  11.742  17.473 0.0000000000
78015  -48.171  11.157  18.088 0.0000000000
78016  -48.726  11.232  17.569 0.0000000000
76844  -48.517  10.453  17.405 0.0000000000
73113  -48.098  8.383  14.647 0.0000000000
73088  -48.168  7.664  15.253 0.0000000000
71725  -47.760  6.787  15.065 0.0000000000
78138  -44.937  11.539  11.108 0.0000000000
78137  -44.493  11.493  10.488 0.0000000000
70468  -46.562  5.236  10.471 0.0000000000
70469  -47.494  4.847  10.388 0.0000000000
69109  -47.683  4.573  11.125 0.0000000000
70470  -48.569  4.775  10.949 0.0000000000
70482  -48.201  5.390  9.818 0.0000000000
75838  -51.408  9.301  9.455 0.0000000000
73217  -51.715  7.934  9.931 0.0000000000
74542  -52.825  8.408  10.266 0.0000000000
75815  -52.709  9.407  9.982 0.0000000000
81443  -49.081  14.696  8.507 0.0000000000
80379  -49.055  13.915  8.557 0.0000000000
80380  -49.534  13.909  8.982 0.0000000000
55872  -27.074  -5.655  36.316 0.0000000000
51806  -26.517  -8.643  31.549 0.0000000000
49189  -25.671  -9.999  31.248 0.0000000000
49190  -26.209  -9.669  31.023 0.0000000000
50484  -30.929  -9.058  31.327 0.0000000000
50483  -29.891  -9.035  31.288 0.0000000000
43002  -28.216  -15.456  28.673 0.0000000000
56031  -36.740  -5.050  27.768 0.0000000000
51926  -31.876  -8.200  25.579 0.0000000000
51925  -31.295  -8.519  25.380 0.0000000000
51903  -30.994  -8.790  25.781 0.0000000000
51924  -30.831  -8.914  25.334 0.0000000000
71697  -41.155  6.582  17.971 0.0000000000
73014  -41.533  7.369  19.486 0.0000000000
75644  -41.543  8.662  19.833 0.0000000000
74403  -41.572  8.421  19.385 0.0000000000
75685  -41.587  9.249  19.213 0.0000000000
122256  -41.766  9.363  18.585 0.0000000000
70180  -43.829  5.949  24.580 0.0000000000
68807  -43.684  4.952  24.287 0.0000000000
70205  -42.954  5.713  23.573 0.0000000000
70243  -42.117  5.232  21.487 0.0000000000
68845  -42.442  4.674  22.013 0.0000000000
67562  -42.233  4.587  20.817 0.0000000000
67587  -41.281  3.873  19.717 0.0000000000
68910  -41.493  4.736  19.950 0.0000000000
71655  -41.510  6.316  19.795 0.0000000000
70294  -41.385  5.483  19.443 0.0000000000
54538  -37.550  -6.623  34.238 0.0000000000
51773  -36.608  -7.896  33.533 0.0000000000
53162  -37.173  -7.269  33.534 0.0000000000
53179  -36.295  -7.324  31.875 0.0000000000
53192  -36.059  -7.248  31.070 0.0000000000
53191  -35.589  -7.720  30.970 0.0000000000
53206  -35.350  -7.371  30.389 0.0000000000
67784  -40.677  3.432  9.592 0.0000000000
71817  -44.750  6.838  13.607 0.0000000000
122261  -45.131  6.946  14.127 0.0000000000
71723  -46.346  6.171  15.163 0.0000000000
71750  -45.497  6.055  14.302 0.0000000000
71751  -46.002  5.889  14.711 0.0000000000
70382  -45.948  5.107  14.587 0.0000000000
70383  -46.415  5.098  15.147 0.0000000000
68994  -46.709  4.495  15.753 0.0000000000
70356  -46.872  5.155  15.826 0.0000000000
70314  -47.435  5.289  17.664 0.0000000000
70333  -47.289  4.796  17.352 0.0000000000
68929  -48.002  4.576  18.699 0.0000000000
70296  -48.219  5.343  18.926 0.0000000000
62585  -38.933  -1.173  27.822 0.0000000000
61308  -39.945  -1.915  27.207 0.0000000000
60008  -40.884  -2.263  26.742 0.0000000000
60032  -40.835  -3.075  26.702 0.0000000000
62691  -38.861  -0.625  21.008 0.0000000000
61412  -38.500  -0.973  21.937 0.0000000000
62690  -38.215  -1.073  20.821 0.0000000000
60141  -36.790  -1.993  18.972 0.0000000000
60125  -37.556  -1.907  20.420 0.0000000000
60123  -36.231  -2.886  20.243 0.0000000000
60162  -35.076  -2.897  18.511 0.0000000000
66421  -39.062  2.278  13.896 0.0000000000
65225  -38.083  1.677  13.203 0.0000000000
80280  -48.015  12.573  15.484 0.0000000000
79209  -48.479  11.730  15.967 0.0000000000
78071  -47.571  11.820  14.111 0.0000000000
76918  -47.719  11.070  14.416 0.0000000000
76939  -47.774  10.650  14.268 0.0000000000
75755  -47.928  10.113  14.129 0.0000000000
76938  -47.500  10.818  13.748 0.0000000000
80377  -43.729  13.662  8.287 0.0000000000
79301  -43.625  12.698  8.758 0.0000000000
79300  -43.560  11.993  9.069 0.0000000000
78160  -43.720  11.435  9.361 0.0000000000
78177  -43.511  11.498  8.597 0.0000000000
75861  -44.560  9.844  7.151 0.0000000000
74566  -44.539  8.938  7.751 0.0000000000
73229  -45.734  7.420  7.910 0.0000000000
71875  -47.317  6.827  8.500 0.0000000000
73242  -46.234  7.840  7.672 0.0000000000
74569  -47.746  8.776  8.270 0.0000000000
75851  -48.830  9.479  8.654 0.0000000000
75852  -49.279  8.971  8.748 0.0000000000
82495  -50.309  14.729  9.150 0.0000000000
121797  -29.298  -4.641  36.745 0.0000000000
55873  -28.193  -5.370  36.166 0.0000000000
55898  -28.819  -5.815  35.319 0.0000000000
54533  -29.009  -6.277  34.236 0.0000000000
54549  -28.675  -6.755  33.619 0.0000000000
53169  -28.327  -7.643  32.377 0.0000000000
47971  -28.361  -12.029  27.241 0.0000000000
46731  -28.165  -12.399  27.072 0.0000000000
45475  -27.980  -14.160  26.899 0.0000000000
44222  -28.622  -14.427  25.805 0.0000000000
54666  -34.756  -6.307  24.531 0.0000000000
53304  -33.489  -6.997  23.532 0.0000000000
54665  -34.075  -6.605  24.415 0.0000000000
53276  -32.256  -7.599  24.508 0.0000000000
67711  -39.960  4.047  13.765 0.0000000000
71721  -41.176  6.813  16.659 0.0000000000
122242  -41.436  7.371  16.874 0.0000000000
78014  -45.464  10.008  18.028 0.0000000000
65015  -43.998  1.333  27.358 0.0000000000
66195  -44.168  1.868  27.078 0.0000000000
65086  -43.730  1.811  25.202 0.0000000000
65068  -43.572  1.183  25.682 0.0000000000
65085  -42.897  1.515  25.174 0.0000000000
65084  -41.999  1.111  25.056 0.0000000000
66250  -42.280  1.729  24.600 0.0000000000
66278  -43.226  3.714  22.955 0.0000000000
66263  -43.311  3.353  23.797 0.0000000000
65105  -41.391  1.836  22.513 0.0000000000
65104  -40.932  1.153  23.003 0.0000000000
63962  -39.980  0.851  21.675 0.0000000000
63986  -39.540  0.647  19.229 0.0000000000
62725  -38.340  0.114  17.966 0.0000000000
64007  -38.684  0.974  17.221 0.0000000000
64018  -38.335  0.804  16.309 0.0000000000
67609  -41.094  3.725  18.671 0.0000000000
67632  -40.507  3.609  17.856 0.0000000000
67674  -39.890  3.426  16.282 0.0000000000
65198  -39.144  1.919  15.620 0.0000000000
83725  -46.583  16.750  6.760 0.0000000000
84829  -47.101  17.122  7.095 0.0000000000
83726  -47.468  16.654  7.257 0.0000000000
84830  -47.279  17.242  7.364 0.0000000000
84796  -48.021  17.426  8.448 0.0000000000
85882  -48.293  17.716  8.309 0.0000000000
84797  -48.802  17.333  8.207 0.0000000000
53116  -32.574  -6.732  34.874 0.0000000000
54537  -32.103  -6.647  34.815 0.0000000000
53117  -33.049  -6.862  34.967 0.0000000000
51768  -32.357  -8.015  33.238 0.0000000000
51812  -31.675  -9.008  32.117 0.0000000000
50461  -32.549  -8.931  32.192 0.0000000000
50489  -35.540  -8.352  32.224 0.0000000000
50464  -35.170  -8.163  32.726 0.0000000000
50488  -34.768  -8.500  32.033 0.0000000000
50512  -32.683  -9.493  30.560 0.0000000000
49210  -31.996  -9.935  29.939 0.0000000000
49209  -31.103  -9.961  29.896 0.0000000000
49256  -31.851  -9.923  28.098 0.0000000000
49241  -31.480  -10.319  28.455 0.0000000000
49254  -30.454  -10.869  27.309 0.0000000000
69078  -40.828  4.782  11.625 0.0000000000
69103  -41.592  5.411  11.266 0.0000000000
67765  -42.138  4.971  10.470 0.0000000000
69123  -43.302  4.477  10.180 0.0000000000
70450  -44.920  5.124  12.268 0.0000000000
67744  -45.080  3.663  11.596 0.0000000000
67676  -46.686  3.649  16.112 0.0000000000
66400  -47.087  2.937  16.747 0.0000000000
65188  -48.967  1.613  16.721 0.0000000000
65178  -50.253  1.975  17.605 0.0000000000
65189  -50.011  1.556  16.840 0.0000000000
65179  -50.593  2.082  17.159 0.0000000000
66403  -50.528  2.516  16.837 0.0000000000
66402  -50.278  2.912  17.047 0.0000000000
58693  -39.877  -3.849  30.959 0.0000000000
57382  -40.151  -4.214  30.276 0.0000000000
58704  -39.029  -3.554  29.156 0.0000000000
57397  -38.843  -4.115  29.252 0.0000000000
57413  -37.748  -4.204  28.246 0.0000000000
60006  -39.417  -3.155  27.635 0.0000000000
57439  -38.348  -5.046  26.586 0.0000000000
57451  -37.866  -5.065  26.208 0.0000000000
56052  -37.149  -4.960  25.877 0.0000000000
56083  -37.440  -5.430  23.780 0.0000000000
62610  -44.288  -1.013  27.222 0.0000000000
61312  -44.049  -2.292  27.726 0.0000000000
61332  -42.938  -1.925  26.730 0.0000000000
61356  -40.325  -1.640  25.765 0.0000000000
61357  -41.184  -1.860  26.450 0.0000000000
60055  -40.527  -2.717  26.135 0.0000000000
61396  -38.172  -1.419  22.710 0.0000000000
61380  -38.510  -1.656  23.559 0.0000000000
60093  -37.816  -2.116  22.844 0.0000000000
58810  -37.498  -3.855  22.637 0.0000000000
60078  -37.731  -3.397  23.205 0.0000000000
58797  -38.293  -3.750  23.678 0.0000000000
58788  -38.955  -3.650  24.176 0.0000000000
57476  -38.014  -4.386  23.418 0.0000000000
57486  -38.014  -4.756  23.415 0.0000000000
57485  -37.737  -4.596  22.936 0.0000000000
56138  -36.020  -5.541  21.322 0.0000000000
54739  -35.660  -5.748  21.439 0.0000000000
61491  -36.795  -1.869  15.404 0.0000000000
61492  -37.167  -1.311  15.239 0.0000000000
121779  -28.486  -3.192  37.866 0.0000000000
55857  -33.414  -5.237  37.002 0.0000000000
55883  -37.923  -5.640  35.963 0.0000000000
59931  -40.793  -2.976  33.039 0.0000000000
58664  -40.716  -3.465  32.708 0.0000000000
59930  -40.533  -2.553  32.805 0.0000000000
61259  -39.250  -1.646  30.772 0.0000000000
66131  -39.337  1.850  30.721 0.0000000000
64985  -38.293  1.260  29.261 0.0000000000
66145  -39.443  3.040  29.000 0.0000000000
66165  -38.404  2.531  27.599 0.0000000000
66166  -39.257  3.191  27.877 0.0000000000
66190  -39.581  2.573  26.964 0.0000000000
66168  -41.688  3.481  28.173 0.0000000000
66169  -42.288  3.604  28.111 0.0000000000
66193  -42.660  2.892  27.695 0.0000000000
67433  -43.317  4.232  28.159 0.0000000000
68754  -43.678  4.804  27.922 0.0000000000
68774  -43.808  4.356  26.988 0.0000000000
76768  -41.975  10.195  22.498 0.0000000000
77965  -41.870  10.836  21.855 0.0000000000
80187  -42.137  12.152  21.415 0.0000000000
79100  -42.078  11.394  21.302 0.0000000000
122294  -41.945  11.364  20.384 0.0000000000
122282  -41.835  11.183  19.712 0.0000000000
122295  -42.359  11.636  19.862 0.0000000000
122269  -43.155  11.849  19.447 0.0000000000
122258  -43.215  11.552  19.054 0.0000000000
122308  -45.035  12.210  19.389 0.0000000000
77967  -46.082  11.923  20.332 0.0000000000
122301  -45.400  11.232  19.045 0.0000000000
77997  -46.407  10.747  18.937 0.0000000000
81263  -46.522  13.326  20.220 0.0000000000
80212  -47.283  12.903  19.530 0.0000000000
77983  -47.348  11.513  19.316 0.0000000000
76843  -47.365  9.438  18.608 0.0000000000
74405  -47.769  8.113  18.577 0.0000000000
75645  -47.941  8.770  18.833 0.0000000000
74388  -49.150  8.184  19.216 0.0000000000
72999  -48.597  7.175  19.595 0.0000000000
73000  -49.047  7.270  19.617 0.0000000000
71619  -48.924  5.767  20.592 0.0000000000
71657  -49.409  6.261  19.591 0.0000000000
75688  -48.772  9.242  17.113 0.0000000000
74421  -48.829  8.196  16.984 0.0000000000
71679  -49.195  6.390  17.770 0.0000000000
70316  -49.752  5.089  18.866 0.0000000000
67611  -50.040  3.600  19.047 0.0000000000
68953  -49.660  4.370  18.372 0.0000000000
68995  -48.749  4.382  16.039 0.0000000000
68970  -48.873  4.602  16.857 0.0000000000
76971  -45.574  10.572  11.704 0.0000000000
76972  -45.887  11.189  12.241 0.0000000000
75788  -45.989  10.359  12.399 0.0000000000
75770  -46.440  9.646  12.966 0.0000000000
75769  -46.105  9.113  12.524 0.0000000000
74540  -45.268  8.396  10.378 0.0000000000
71798  -46.439  6.337  11.790 0.0000000000
73162  -46.469  7.442  12.129 0.0000000000
71799  -46.727  6.932  12.715 0.0000000000
70408  -47.376  5.628  13.524 0.0000000000
69060  -48.443  3.984  13.010 0.0000000000
67728  -48.966  3.757  13.273 0.0000000000
67716  -49.343  3.711  13.776 0.0000000000
69042  -50.004  3.678  13.741 0.0000000000
69021  -50.001  4.152  14.287 0.0000000000
69062  -50.228  4.039  12.952 0.0000000000
70433  -50.505  4.664  12.982 0.0000000000
70434  -51.011  5.111  13.228 0.0000000000
71780  -51.645  5.561  13.959 0.0000000000
71802  -51.391  5.904  13.151 0.0000000000
71858  -50.150  6.550  10.241 0.0000000000
73180  -52.106  6.956  11.296 0.0000000000
71822  -52.370  6.835  12.191 0.0000000000
71803  -52.390  6.715  12.952 0.0000000000
80399  -47.160  13.561  7.079 0.0000000000
79322  -46.837  12.677  6.921 0.0000000000
79283  -49.288  12.372  9.010 0.0000000000
78163  -49.124  11.706  9.028 0.0000000000
78139  -49.589  11.829  9.340 0.0000000000
76997  -50.120  11.462  9.528 0.0000000000
76973  -50.558  11.861  9.781 0.0000000000
81410  -50.409  14.095  10.617 0.0000000000
81409  -49.878  14.064  10.895 0.0000000000
81393  -50.689  13.782  11.034 0.0000000000
79230  -51.933  11.859  11.293 0.0000000000
76957  -51.939  10.928  10.551 0.0000000000
54531  -27.071  -6.810  34.211 0.0000000000
54511  -26.867  -6.058  35.205 0.0000000000
54547  -26.569  -7.098  33.947 0.0000000000
50459  -25.196  -9.124  31.938 0.0000000000
49177  -24.856  -10.087  32.414 0.0000000000
47921  -25.854  -11.963  31.578 0.0000000000
46659  -26.835  -13.045  31.176 0.0000000000
45434  -26.928  -13.319  30.640 0.0000000000
53158  -30.901  -7.158  33.708 0.0000000000
51766  -30.450  -7.972  33.129 0.0000000000
51808  -28.300  -8.254  31.598 0.0000000000
50507  -27.300  -9.620  30.571 0.0000000000
49223  -26.573  -10.939  29.816 0.0000000000
43034  -29.171  -15.729  26.649 0.0000000000
43020  -29.039  -16.002  27.537 0.0000000000
55995  -38.636  -5.330  30.278 0.0000000000
55994  -37.583  -5.643  30.548 0.0000000000
54611  -35.375  -6.455  29.168 0.0000000000
53219  -34.893  -7.274  29.487 0.0000000000
53231  -33.104  -7.606  27.156 0.0000000000
53217  -33.869  -7.828  28.296 0.0000000000
50562  -32.454  -9.439  27.726 0.0000000000
50588  -31.022  -10.046  26.107 0.0000000000
50573  -31.511  -9.568  26.686 0.0000000000
49290  -30.940  -10.562  26.218 0.0000000000
51972  -31.031  -8.495  23.184 0.0000000000
51971  -30.482  -8.829  23.213 0.0000000000
50626  -29.891  -9.357  23.323 0.0000000000
50606  -29.787  -10.049  24.114 0.0000000000
48047  -28.795  -11.698  24.581 0.0000000000
75627  -41.535  9.032  20.335 0.0000000000
71571  -42.605  6.541  23.436 0.0000000000
70204  -42.572  6.080  22.980 0.0000000000
71589  -42.247  6.425  22.641 0.0000000000
70224  -41.767  5.954  22.023 0.0000000000
70257  -41.812  5.477  20.883 0.0000000000
71634  -41.571  6.123  20.448 0.0000000000
66412  -50.360  2.196  15.174 0.0000000000
54540  -38.845  -5.786  33.838 0.0000000000
54553  -37.771  -6.640  33.449 0.0000000000
54565  -38.267  -6.315  32.468 0.0000000000
53181  -37.763  -6.637  32.018 0.0000000000
54578  -37.246  -6.413  31.565 0.0000000000
74438  -45.885  7.928  15.514 0.0000000000
122272  -45.557  7.512  14.940 0.0000000000
74461  -46.459  7.275  15.879 0.0000000000
71724  -46.726  5.998  15.813 0.0000000000
70332  -47.118  5.325  16.607 0.0000000000
71698  -46.940  6.101  16.735 0.0000000000
71678  -47.446  6.121  17.831 0.0000000000
71656  -47.738  6.410  18.594 0.0000000000
63860  -39.958  -0.108  27.008 0.0000000000
62586  -39.846  -1.034  27.393 0.0000000000
62587  -40.907  -1.039  27.291 0.0000000000
61443  -37.829  -1.187  19.887 0.0000000000
61442  -37.448  -1.475  19.372 0.0000000000
60199  -34.955  -2.685  16.712 0.0000000000
79321  -43.739  12.632  7.644 0.0000000000
78192  -43.600  11.602  7.834 0.0000000000
78193  -43.949  11.664  6.984 0.0000000000
77065  -44.428  10.780  6.764 0.0000000000
75875  -45.200  10.034  6.702 0.0000000000
74578  -46.542  8.524  7.563 0.0000000000
77067  -45.699  10.194  6.675 0.0000000000
77046  -46.090  10.791  6.820 0.0000000000
77047  -47.085  10.824  7.418 0.0000000000
57266  -29.868  -5.655  36.374 0.0000000000
55899  -30.046  -6.089  35.779 0.0000000000
54534  -29.935  -6.339  34.334 0.0000000000
54550  -29.487  -6.698  33.586 0.0000000000
49253  -29.847  -11.116  27.536 0.0000000000
47954  -29.544  -11.243  27.664 0.0000000000
47972  -28.702  -11.757  27.046 0.0000000000
46758  -28.397  -12.502  26.386 0.0000000000
54687  -34.441  -6.558  23.531 0.0000000000
69015  -40.289  4.879  14.713 0.0000000000
122246  -41.666  7.711  17.092 0.0000000000
66223  -43.654  2.953  26.944 0.0000000000
66224  -44.110  2.352  26.595 0.0000000000
67472  -44.125  2.832  26.260 0.0000000000
66253  -44.144  2.474  25.338 0.0000000000
66298  -42.511  3.363  21.817 0.0000000000
65114  -41.143  2.032  21.343 0.0000000000
65125  -40.357  1.488  20.602 0.0000000000
63972  -39.832  0.801  21.010 0.0000000000
62726  -38.879  0.418  18.217 0.0000000000
63996  -39.281  0.841  18.262 0.0000000000
68948  -40.974  4.579  17.792 0.0000000000
67652  -40.169  4.002  16.797 0.0000000000
67695  -40.214  4.375  15.468 0.0000000000
53118  -34.059  -7.016  35.135 0.0000000000
53141  -33.444  -7.543  34.332 0.0000000000
51748  -34.053  -7.861  34.048 0.0000000000
51793  -33.831  -8.269  32.930 0.0000000000
50535  -34.854  -8.263  31.159 0.0000000000
50514  -34.434  -8.492  31.374 0.0000000000
49229  -32.369  -9.921  29.295 0.0000000000
70448  -41.569  5.851  12.648 0.0000000000
70429  -45.470  4.981  13.498 0.0000000000
69056  -45.277  4.663  12.559 0.0000000000
69057  -45.565  4.365  13.139 0.0000000000
69083  -45.476  3.994  12.563 0.0000000000
65176  -48.349  1.884  17.690 0.0000000000
65162  -49.981  2.523  18.087 0.0000000000
59969  -39.173  -2.660  30.569 0.0000000000
58705  -39.529  -3.535  30.161 0.0000000000
60031  -40.368  -3.601  27.274 0.0000000000
58756  -40.219  -4.331  27.236 0.0000000000
56043  -38.875  -5.277  26.155 0.0000000000
56053  -38.194  -5.123  25.769 0.0000000000
56084  -37.962  -5.143  24.056 0.0000000000
63885  -42.806  -0.265  26.474 0.0000000000
62608  -42.613  -0.830  26.571 0.0000000000
62632  -41.075  -0.815  25.785 0.0000000000
61355  -39.715  -1.461  25.225 0.0000000000
60104  -37.170  -2.383  21.444 0.0000000000
58823  -37.003  -3.598  21.739 0.0000000000
57500  -36.884  -4.497  21.666 0.0000000000
57501  -37.336  -4.549  22.191 0.0000000000
62756  -37.571  -0.405  15.402 0.0000000000
61231  -40.325  -1.785  32.724 0.0000000000
62521  -39.792  -0.859  32.719 0.0000000000
67414  -38.907  2.890  29.639 0.0000000000
67432  -42.768  3.853  28.252 0.0000000000
79080  -42.025  11.723  23.141 0.0000000000
80176  -41.843  12.483  22.365 0.0000000000
80177  -45.801  12.523  20.528 0.0000000000
79091  -46.225  12.248  20.608 0.0000000000
80253  -47.351  13.551  16.656 0.0000000000
80227  -48.149  12.919  18.046 0.0000000000
79139  -48.064  12.653  18.416 0.0000000000
80213  -47.785  12.288  19.343 0.0000000000
79124  -48.286  11.776  18.925 0.0000000000
75646  -48.531  8.989  18.703 0.0000000000
75647  -49.090  8.583  18.800 0.0000000000
74440  -48.550  8.498  16.194 0.0000000000
73061  -48.613  7.445  16.364 0.0000000000
71700  -48.664  6.409  16.791 0.0000000000
70334  -48.862  5.462  17.272 0.0000000000
70385  -48.148  5.415  15.085 0.0000000000
78116  -45.453  11.640  11.607 0.0000000000
74555  -45.013  8.161  9.339 0.0000000000
73196  -45.491  7.225  9.981 0.0000000000
73197  -45.827  6.616  10.407 0.0000000000
71818  -46.105  6.107  10.805 0.0000000000
70451  -46.440  5.475  11.243 0.0000000000
69058  -46.892  5.014  12.080 0.0000000000
69085  -47.276  4.612  11.670 0.0000000000
69086  -48.114  4.303  11.840 0.0000000000
69087  -48.855  4.101  12.182 0.0000000000
70432  -50.032  4.300  12.521 0.0000000000
70453  -49.467  4.553  11.856 0.0000000000
71819  -50.035  5.469  11.889 0.0000000000
71859  -50.935  6.918  10.368 0.0000000000
73216  -51.070  7.479  9.887 0.0000000000
73199  -52.032  7.434  10.573 0.0000000000
73181  -52.619  7.149  11.607 0.0000000000
81460  -47.568  14.472  7.270 0.0000000000
80400  -48.034  13.534  7.834 0.0000000000
80378  -48.565  13.349  8.345 0.0000000000
79303  -48.955  13.055  8.641 0.0000000000
79258  -50.012  12.683  9.902 0.0000000000
80337  -51.937  13.196  10.447 0.0000000000
79259  -51.837  12.642  10.836 0.0000000000
54510  -25.649  -6.159  34.986 0.0000000000
53154  -26.963  -7.342  33.645 0.0000000000
53167  -26.402  -7.700  32.748 0.0000000000
51785  -25.858  -8.297  32.025 0.0000000000
47929  -26.160  -11.407  30.443 0.0000000000
51790  -30.851  -8.389  32.558 0.0000000000
51810  -30.366  -8.582  31.934 0.0000000000
47939  -27.850  -11.560  28.528 0.0000000000
46693  -27.085  -12.412  28.918 0.0000000000
45446  -26.850  -13.275  29.577 0.0000000000
43001  -27.693  -15.016  29.146 0.0000000000
43003  -28.989  -16.066  28.432 0.0000000000
56018  -35.700  -5.830  28.650 0.0000000000
54626  -35.120  -6.376  27.898 0.0000000000
53260  -33.362  -7.106  25.934 0.0000000000
51905  -32.113  -8.562  26.691 0.0000000000
49323  -28.949  -11.041  23.474 0.0000000000
70330  -40.912  5.548  17.562 0.0000000000
67503  -43.397  4.185  23.603 0.0000000000
67520  -43.022  4.381  22.744 0.0000000000
68846  -42.744  4.969  22.656 0.0000000000
67519  -42.735  3.850  22.259 0.0000000000
66350  -40.863  3.140  19.386 0.0000000000
68949  -41.174  4.567  18.382 0.0000000000
70311  -41.099  5.162  18.104 0.0000000000
53121  -36.725  -6.917  35.016 0.0000000000
51750  -35.720  -7.968  34.100 0.0000000000
51751  -36.300  -7.858  34.049 0.0000000000
51796  -36.292  -8.306  32.857 0.0000000000
50490  -35.994  -8.377  32.455 0.0000000000
53172  -37.357  -7.117  32.774 0.0000000000
51814  -36.153  -8.072  32.090 0.0000000000
51826  -35.493  -8.098  31.382 0.0000000000
51848  -34.921  -7.961  30.678 0.0000000000
51867  -34.385  -7.986  29.399 0.0000000000
70427  -45.011  6.271  13.242 0.0000000000
122263  -45.546  6.652  14.527 0.0000000000
73137  -45.278  6.334  13.930 0.0000000000
70406  -45.382  5.479  13.567 0.0000000000
70407  -45.562  5.135  14.030 0.0000000000
69017  -45.921  4.565  14.369 0.0000000000
67696  -46.120  3.822  14.389 0.0000000000
67653  -47.147  3.771  17.216 0.0000000000
68950  -47.167  3.932  17.659 0.0000000000
67634  -47.323  4.066  17.737 0.0000000000
67635  -47.381  3.612  18.058 0.0000000000
67588  -48.420  4.004  19.583 0.0000000000
62565  -38.377  -0.975  28.951 0.0000000000
63946  -39.607  0.334  23.387 0.0000000000
62669  -38.838  -0.180  23.048 0.0000000000
62681  -38.541  -0.734  22.700 0.0000000000
61397  -38.521  -0.884  22.335 0.0000000000
61431  -37.830  -1.436  20.540 0.0000000000
60105  -37.531  -1.938  20.829 0.0000000000
58852  -35.876  -3.253  20.171 0.0000000000
58851  -35.420  -3.533  19.786 0.0000000000
58873  -34.637  -3.706  18.447 0.0000000000
58894  -34.322  -3.807  17.806 0.0000000000
60183  -34.640  -2.920  17.620 0.0000000000
65212  -37.755  1.091  13.803 0.0000000000
65224  -37.607  1.120  12.977 0.0000000000
65235  -37.463  1.568  11.986 0.0000000000
79178  -48.718  12.369  16.478 0.0000000000
79159  -49.070  12.111  16.899 0.0000000000
76866  -48.803  10.966  16.825 0.0000000000
76886  -48.773  11.144  16.262 0.0000000000
76885  -48.750  10.865  16.316 0.0000000000
76884  -48.727  10.393  15.937 0.0000000000
78072  -47.967  11.498  15.027 0.0000000000
76901  -48.342  10.754  15.408 0.0000000000
75725  -48.496  9.825  15.316 0.0000000000
74478  -48.146  9.237  14.411 0.0000000000
74477  -47.780  8.510  14.236 0.0000000000
79281  -43.841  12.174  9.773 0.0000000000
78161  -44.062  11.508  9.875 0.0000000000
77016  -44.073  10.812  9.898 0.0000000000
77015  -43.749  10.684  9.292 0.0000000000
75833  -43.907  9.944  9.288 0.0000000000
77030  -43.708  10.514  8.265 0.0000000000
74554  -44.430  8.958  8.778 0.0000000000
73213  -45.277  7.253  8.867 0.0000000000
71854  -45.784  6.542  8.703 0.0000000000
71855  -46.663  6.135  8.854 0.0000000000
71856  -47.739  6.131  9.101 0.0000000000
71876  -48.353  6.817  8.646 0.0000000000
73232  -48.994  7.562  8.702 0.0000000000
74568  -47.112  8.411  7.836 0.0000000000
73233  -49.539  7.982  8.808 0.0000000000
74556  -49.862  8.656  8.988 0.0000000000
75837  -50.610  9.492  9.113 0.0000000000
77021  -51.092  10.163  9.288 0.0000000000
81444  -49.669  14.540  8.906 0.0000000000
81427  -50.700  14.258  9.765 0.0000000000
54488  -27.674  -5.830  35.547 0.0000000000
54512  -27.865  -6.218  34.980 0.0000000000
54532  -28.051  -6.630  34.126 0.0000000000
53137  -27.427  -7.062  33.888 0.0000000000
53168  -27.324  -7.646  32.679 0.0000000000
51807  -27.267  -8.475  31.439 0.0000000000
49208  -30.091  -9.990  29.822 0.0000000000
47940  -28.590  -11.261  28.438 0.0000000000
46711  -27.566  -12.463  27.904 0.0000000000
44207  -28.971  -15.023  26.036 0.0000000000
54640  -36.048  -5.253  26.645 0.0000000000
54639  -35.741  -5.785  26.875 0.0000000000
54650  -34.062  -6.613  25.262 0.0000000000
51948  -31.294  -8.514  24.355 0.0000000000
122236  -40.681  4.773  12.681 0.0000000000
122285  -44.507  8.407  15.527 0.0000000000
75707  -45.740  8.577  15.927 0.0000000000
75662  -46.380  8.953  17.101 0.0000000000
65013  -42.697  1.611  27.632 0.0000000000
63864  -43.690  0.605  27.832 0.0000000000
63865  -44.341  0.085  27.404 0.0000000000
63887  -44.122  0.204  26.569 0.0000000000
63913  -43.920  0.880  26.104 0.0000000000
63886  -43.240  -0.184  26.520 0.0000000000
65066  -42.214  0.599  25.564 0.0000000000
63948  -40.993  0.791  24.199 0.0000000000
66276  -42.150  2.326  23.145 0.0000000000
66261  -42.277  2.168  24.082 0.0000000000
63947  -40.572  0.776  23.686 0.0000000000
63955  -39.475  0.295  22.385 0.0000000000
63971  -39.586  0.596  20.376 0.0000000000
62715  -38.195  -0.703  19.097 0.0000000000
61463  -37.279  -1.179  17.481 0.0000000000
63995  -38.858  0.665  17.885 0.0000000000
62735  -38.215  0.245  16.888 0.0000000000
64017  -38.075  0.409  16.035 0.0000000000
64026  -38.182  0.763  15.706 0.0000000000
66370  -40.234  2.704  18.739 0.0000000000
66387  -39.917  2.498  17.899 0.0000000000
65185  -39.334  1.889  16.476 0.0000000000
65197  -38.574  1.323  15.499 0.0000000000
80422  -45.540  13.599  6.534 0.0000000000
81475  -45.303  14.638  6.540 0.0000000000
81476  -46.591  14.492  6.649 0.0000000000
82546  -46.927  15.833  6.690 0.0000000000
81477  -47.391  15.270  6.944 0.0000000000
82529  -48.057  15.713  7.560 0.0000000000
83711  -48.435  16.125  8.192 0.0000000000
84814  -47.474  17.325  7.828 0.0000000000
83693  -48.077  16.946  8.613 0.0000000000
83695  -49.317  16.395  8.426 0.0000000000
83696  -49.941  15.878  8.251 0.0000000000
84816  -49.387  16.992  7.437 0.0000000000
83712  -49.660  16.343  7.768 0.0000000000
54492  -31.706  -6.313  35.940 0.0000000000
54516  -31.181  -6.820  35.701 0.0000000000
54536  -31.691  -6.613  34.808 0.0000000000
53139  -31.449  -6.892  34.209 0.0000000000
53160  -32.752  -7.654  33.916 0.0000000000
51771  -35.246  -7.973  33.291 0.0000000000
51794  -34.654  -7.958  32.903 0.0000000000
50462  -33.409  -8.638  32.278 0.0000000000
50487  -33.914  -8.611  31.759 0.0000000000
49227  -30.800  -10.306  29.113 0.0000000000
67764  -41.567  4.509  10.455 0.0000000000
69105  -43.996  5.258  11.410 0.0000000000
70467  -44.859  4.806  11.855 0.0000000000
69106  -44.747  4.505  11.430 0.0000000000
69125  -44.413  4.390  10.806 0.0000000000
65186  -47.014  1.938  16.504 0.0000000000
65204  -50.422  1.732  16.285 0.0000000000
55958  -40.300  -5.106  31.514 0.0000000000
55957  -39.541  -5.335  31.861 0.0000000000
55996  -39.560  -4.961  30.151 0.0000000000
56009  -39.375  -4.487  29.687 0.0000000000
56008  -38.560  -4.743  29.475 0.0000000000
56020  -37.416  -4.632  28.733 0.0000000000
58740  -39.536  -4.063  27.585 0.0000000000
57427  -37.883  -4.481  27.452 0.0000000000
57426  -37.266  -4.922  27.322 0.0000000000
56041  -36.672  -4.984  26.766 0.0000000000
54653  -36.306  -5.467  26.180 0.0000000000
54706  -35.149  -6.041  22.562 0.0000000000
56118  -34.769  -6.031  22.078 0.0000000000
61288  -43.588  -1.567  28.337 0.0000000000
60010  -42.988  -2.139  27.738 0.0000000000
60033  -41.769  -2.449  26.772 0.0000000000
61331  -42.106  -1.757  26.508 0.0000000000
57454  -40.170  -4.297  25.498 0.0000000000
62651  -39.156  -0.586  24.215 0.0000000000
61366  -38.721  -1.637  24.152 0.0000000000
61367  -39.228  -1.635  24.720 0.0000000000
60079  -38.245  -2.572  23.481 0.0000000000
60080  -38.667  -2.785  23.824 0.0000000000
60071  -39.006  -2.636  24.191 0.0000000000
58774  -39.582  -3.663  24.896 0.0000000000
57467  -39.254  -4.408  24.499 0.0000000000
57466  -38.746  -4.617  24.297 0.0000000000
56099  -38.107  -4.907  23.738 0.0000000000
56098  -37.781  -5.132  23.299 0.0000000000
54726  -35.224  -5.790  21.721 0.0000000000
54725  -34.600  -6.225  21.650 0.0000000000
64050  -37.176  0.371  13.720 0.0000000000
74331  -41.767  8.449  23.132 0.0000000000
75592  -41.468  9.010  22.673 0.0000000000
75593  -42.010  9.384  23.145 0.0000000000
76752  -42.252  10.257  23.398 0.0000000000
77939  -42.240  10.996  23.692 0.0000000000
57232  -29.991  -4.872  36.554 0.0000000000
57250  -30.323  -5.172  36.528 0.0000000000
55854  -30.447  -5.808  36.875 0.0000000000
55855  -31.225  -5.664  36.616 0.0000000000
57252  -31.730  -4.979  37.028 0.0000000000
54473  -31.311  -6.318  36.516 0.0000000000
55902  -32.734  -6.082  35.755 0.0000000000
55879  -34.108  -5.705  36.744 0.0000000000
54519  -34.637  -6.418  35.655 0.0000000000
54520  -35.499  -6.184  35.625 0.0000000000
53120  -36.247  -6.727  35.337 0.0000000000
54496  -36.730  -6.120  35.748 0.0000000000
53096  -36.871  -6.475  35.686 0.0000000000
53097  -36.944  -6.658  35.506 0.0000000000
54522  -37.362  -6.575  35.113 0.0000000000
54523  -38.240  -6.305  34.896 0.0000000000
55921  -38.870  -5.763  34.499 0.0000000000
55922  -39.510  -5.161  33.851 0.0000000000
55923  -40.286  -4.947  33.256 0.0000000000
57320  -41.237  -3.982  33.503 0.0000000000
57319  -40.836  -4.493  33.063 0.0000000000
57345  -40.709  -4.391  32.213 0.0000000000
58681  -40.308  -3.817  31.902 0.0000000000
58680  -39.639  -3.365  31.898 0.0000000000
61246  -39.972  -1.879  32.281 0.0000000000
59943  -39.706  -2.502  32.266 0.0000000000
61258  -38.789  -1.203  30.340 0.0000000000
62546  -38.545  -0.724  29.994 0.0000000000
63812  -38.893  0.082  30.356 0.0000000000
65009  -38.501  1.501  27.074 0.0000000000
65039  -39.743  1.764  26.579 0.0000000000
65040  -40.806  1.332  26.681 0.0000000000
65012  -41.643  1.488  27.112 0.0000000000
66167  -40.429  3.418  28.412 0.0000000000
68788  -44.254  4.952  26.407 0.0000000000
70117  -43.804  5.500  27.363 0.0000000000
68796  -44.309  5.344  25.661 0.0000000000
70181  -44.188  6.301  24.917 0.0000000000
72941  -42.771  7.442  23.807 0.0000000000
72940  -42.163  7.822  23.377 0.0000000000
75611  -41.557  9.505  21.752 0.0000000000
76783  -41.560  9.769  21.208 0.0000000000
76803  -41.541  9.930  20.862 0.0000000000
77979  -41.759  10.655  20.847 0.0000000000
77995  -41.526  9.982  20.074 0.0000000000
122281  -41.814  10.511  19.182 0.0000000000
81245  -42.393  12.374  20.760 0.0000000000
122304  -42.637  12.570  20.250 0.0000000000
122300  -42.562  12.093  20.375 0.0000000000
122284  -42.849  11.709  19.526 0.0000000000
76841  -46.148  9.371  17.531 0.0000000000
75663  -46.777  8.596  17.968 0.0000000000
81262  -45.666  13.810  20.303 0.0000000000
81247  -46.306  13.039  20.593 0.0000000000
79101  -46.638  12.203  20.162 0.0000000000
79111  -47.726  11.822  19.418 0.0000000000
77982  -46.750  11.611  19.547 0.0000000000
76823  -46.989  10.122  18.586 0.0000000000
76842  -46.813  9.418  18.355 0.0000000000
74404  -47.386  7.944  18.145 0.0000000000
73016  -47.733  7.287  18.591 0.0000000000
71635  -48.063  6.672  19.133 0.0000000000
74386  -48.298  7.844  19.052 0.0000000000
70277  -48.090  5.975  19.126 0.0000000000
70278  -48.330  5.523  19.600 0.0000000000
68888  -49.027  4.617  20.702 0.0000000000
66322  -49.649  3.505  20.846 0.0000000000
75689  -48.944  8.979  17.838 0.0000000000
74406  -49.351  8.151  18.643 0.0000000000
73039  -49.393  7.336  18.261 0.0000000000
70279  -49.925  5.213  20.194 0.0000000000
68891  -51.033  3.938  20.779 0.0000000000
66353  -50.068  3.058  19.767 0.0000000000
66375  -50.618  3.198  19.068 0.0000000000
66374  -49.723  3.236  18.733 0.0000000000
68971  -49.361  4.052  17.400 0.0000000000
67655  -49.788  3.311  17.006 0.0000000000
67678  -49.971  3.623  15.973 0.0000000000
75754  -47.292  9.772  13.544 0.0000000000
74493  -47.238  8.723  13.634 0.0000000000
76994  -44.556  10.590  10.565 0.0000000000
74523  -45.792  8.476  11.499 0.0000000000
73178  -45.667  7.824  10.727 0.0000000000
74510  -45.934  8.861  12.242 0.0000000000
74511  -46.430  8.491  12.622 0.0000000000
73138  -47.064  7.651  13.323 0.0000000000
71753  -47.570  6.517  14.331 0.0000000000
70384  -47.732  5.501  14.350 0.0000000000
69019  -47.957  4.767  14.501 0.0000000000
69041  -48.353  4.195  14.068 0.0000000000
67698  -48.919  3.784  14.502 0.0000000000
69044  -50.941  4.400  14.177 0.0000000000
70409  -50.907  4.660  13.611 0.0000000000
70386  -51.467  4.960  15.080 0.0000000000
70387  -52.080  5.261  15.037 0.0000000000
70483  -49.230  5.653  10.305 0.0000000000
70484  -49.784  5.866  10.696 0.0000000000
71820  -50.767  6.141  11.996 0.0000000000
71838  -51.215  6.550  10.907 0.0000000000
79346  -46.312  12.453  6.704 0.0000000000
78196  -47.304  11.658  7.429 0.0000000000
77031  -48.006  10.775  8.155 0.0000000000
78162  -48.576  11.637  8.712 0.0000000000
75834  -48.798  10.697  8.832 0.0000000000
75813  -49.679  10.735  9.286 0.0000000000
77019  -50.160  10.723  9.369 0.0000000000
76999  -51.554  10.393  9.626 0.0000000000
80362  -49.759  13.812  9.503 0.0000000000
80336  -49.898  13.611  10.258 0.0000000000
79239  -50.334  12.689  10.972 0.0000000000
80305  -51.165  12.678  11.305 0.0000000000
79228  -50.683  12.543  11.298 0.0000000000
78118  -50.577  12.194  10.091 0.0000000000
76975  -51.562  11.349  10.231 0.0000000000
77000  -52.163  10.002  9.844 0.0000000000
53135  -25.324  -7.157  33.868 0.0000000000
53153  -25.982  -7.293  33.463 0.0000000000
47909  -25.879  -12.203  32.333 0.0000000000
46658  -26.440  -12.768  31.893 0.0000000000
54535  -30.845  -6.511  34.587 0.0000000000
54551  -30.353  -6.719  33.769 0.0000000000
51789  -29.871  -8.201  32.676 0.0000000000
53170  -29.314  -7.845  32.443 0.0000000000
50508  -28.331  -9.562  30.522 0.0000000000
50506  -26.821  -9.677  30.641 0.0000000000
45445  -26.716  -12.914  30.274 0.0000000000
55976  -38.561  -5.586  31.270 0.0000000000
55975  -37.695  -5.904  31.290 0.0000000000
54591  -36.507  -6.523  30.912 0.0000000000
56006  -36.778  -5.739  29.787 0.0000000000
54603  -36.196  -6.432  29.956 0.0000000000
53207  -35.912  -6.893  30.461 0.0000000000
51866  -33.866  -8.251  28.835 0.0000000000
54624  -33.774  -6.968  27.060 0.0000000000
53233  -34.424  -7.295  28.032 0.0000000000
50561  -31.884  -9.664  27.267 0.0000000000
49270  -30.673  -10.883  26.483 0.0000000000
47998  -30.103  -11.128  26.301 0.0000000000
53324  -33.566  -7.145  22.355 0.0000000000
53322  -31.443  -7.886  22.647 0.0000000000
50627  -30.607  -9.050  23.622 0.0000000000
51947  -30.744  -9.136  24.893 0.0000000000
48020  -28.521  -11.979  25.580 0.0000000000
48046  -28.579  -12.282  25.130 0.0000000000
45433  -26.747  -12.945  30.559 0.0000000000
46675  -26.820  -12.973  30.861 0.0000000000
46757  -28.215  -12.595  26.732 0.0000000000
49204  -25.859  -10.196  30.715 0.0000000000
50444  -35.373  -8.084  33.042 0.0000000000
50445  -35.553  -8.242  33.069 0.0000000000
50460  -32.118  -9.063  32.184 0.0000000000
50465  -35.763  -8.385  32.805 0.0000000000
51765  -29.999  -8.017  33.096 0.0000000000
51769  -33.386  -8.018  33.669 0.0000000000
51788  -29.509  -8.140  32.357 0.0000000000
51795  -35.056  -7.889  32.939 0.0000000000
51813  -35.614  -8.276  31.826 0.0000000000
51815  -36.723  -7.460  32.358 0.0000000000
53076  -31.090  -6.800  37.052 0.0000000000
53077  -31.155  -6.987  36.793 0.0000000000
53093  -30.214  -7.103  37.120 0.0000000000
53094  -30.654  -7.156  37.054 0.0000000000
53114  -30.413  -7.209  36.504 0.0000000000
53115  -30.688  -7.164  36.169 0.0000000000
53140  -32.352  -6.970  34.519 0.0000000000
53161  -33.189  -7.782  33.986 0.0000000000
53171  -29.671  -7.881  32.762 0.0000000000
53178  -29.181  -8.052  32.136 0.0000000000
53180  -37.035  -6.848  32.174 0.0000000000
53245  -33.417  -7.224  26.810 0.0000000000
54471  -30.172  -6.432  37.114 0.0000000000
54472  -30.782  -6.443  37.069 0.0000000000
54489  -29.877  -6.899  37.045 0.0000000000
54490  -30.330  -6.831  37.198 0.0000000000
54491  -31.277  -6.818  36.339 0.0000000000
54493  -33.822  -6.057  36.329 0.0000000000
54513  -28.525  -6.208  34.693 0.0000000000
54514  -29.827  -7.002  36.410 0.0000000000
54517  -32.305  -6.499  35.246 0.0000000000
54548  -26.857  -7.142  33.984 0.0000000000
54552  -30.807  -6.673  33.905 0.0000000000
54554  -38.457  -6.181  33.277 0.0000000000
54564  -37.935  -6.627  32.854 0.0000000000
54592  -37.062  -5.954  31.070 0.0000000000
55853  -30.031  -6.149  37.035 0.0000000000
55876  -30.020  -5.945  36.882 0.0000000000
55918  -28.958  -6.033  34.778 0.0000000000
55978  -40.113  -5.041  30.785 0.0000000000
55997  -40.095  -4.691  30.422 0.0000000000
56042  -38.473  -5.185  26.159 0.0000000000
56044  -39.693  -5.212  26.040 0.0000000000
56045  -40.267  -5.015  25.917 0.0000000000
56071  -39.618  -4.856  24.728 0.0000000000
56095  -34.615  -6.283  22.239 0.0000000000
56096  -34.751  -6.177  22.354 0.0000000000
56117  -34.574  -6.254  22.037 0.0000000000
57251  -30.942  -5.037  36.639 0.0000000000
57254  -33.694  -4.484  37.309 0.0000000000
57267  -30.062  -5.662  36.620 0.0000000000
57399  -40.035  -3.882  29.980 0.0000000000
57453  -39.764  -4.514  24.943 0.0000000000
57477  -38.323  -4.526  23.833 0.0000000000
58663  -40.125  -3.120  32.594 0.0000000000
58679  -39.269  -2.868  31.784 0.0000000000
58691  -39.257  -2.807  31.491 0.0000000000
58706  -39.992  -3.861  30.290 0.0000000000
59942  -39.388  -2.591  31.790 0.0000000000
59944  -40.279  -2.237  32.542 0.0000000000
59953  -39.346  -2.654  31.580 0.0000000000
59984  -43.474  -2.043  28.228 0.0000000000
59985  -43.982  -2.021  28.396 0.0000000000
59986  -44.234  -1.939  28.333 0.0000000000
60011  -43.911  -2.331  28.062 0.0000000000
60012  -44.274  -2.120  28.236 0.0000000000
60035  -43.613  -2.270  27.681 0.0000000000
60164  -36.726  -1.713  18.344 0.0000000000
61223  -40.711  -1.964  33.238 0.0000000000
61289  -44.069  -1.618  28.373 0.0000000000
61290  -44.337  -1.728  28.172 0.0000000000
61310  -41.917  -1.776  27.551 0.0000000000
61313  -44.405  -2.050  27.863 0.0000000000
61333  -43.903  -1.968  27.319 0.0000000000
61334  -44.341  -1.628  27.573 0.0000000000
61395  -37.600  -1.859  22.391 0.0000000000
62508  -39.919  -1.240  32.732 0.0000000000
62566  -43.209  -0.866  28.218 0.0000000000
62567  -43.757  -1.030  28.354 0.0000000000
62590  -44.347  -1.188  27.812 0.0000000000
62631  -39.984  -0.581  25.236 0.0000000000
62633  -41.899  -0.437  26.147 0.0000000000
62650  -38.650  -1.179  23.857 0.0000000000
63786  -39.740  -0.522  32.805 0.0000000000
63844  -43.454  -0.527  28.309 0.0000000000
63845  -43.789  -0.345  28.354 0.0000000000
63846  -44.267  -0.387  28.067 0.0000000000
63861  -41.003  -0.138  26.849 0.0000000000
63862  -41.816  0.238  27.338 0.0000000000
63881  -39.254  0.894  26.659 0.0000000000
63883  -41.208  0.681  26.747 0.0000000000
63911  -42.548  0.127  26.139 0.0000000000
63912  -43.437  0.534  26.113 0.0000000000
65010  -39.915  2.172  26.744 0.0000000000
65011  -40.393  2.044  26.882 0.0000000000
65038  -39.013  1.705  26.614 0.0000000000
65041  -41.353  1.118  26.837 0.0000000000
65087  -44.155  2.186  25.389 0.0000000000
65096  -41.028  1.059  23.497 0.0000000000
65174  -39.034  1.496  16.890 0.0000000000
66221  -39.184  2.020  26.596 0.0000000000
66222  -39.318  2.220  26.665 0.0000000000
66242  -44.132  2.901  25.409 0.0000000000
66243  -44.219  2.593  25.731 0.0000000000
66323  -49.957  3.136  20.699 0.0000000000
66324  -50.773  2.949  20.369 0.0000000000
66325  -51.373  3.011  20.170 0.0000000000
66351  -48.775  3.744  19.835 0.0000000000
66352  -49.340  3.482  20.100 0.0000000000
66354  -51.053  2.878  19.479 0.0000000000
66355  -51.531  3.130  19.866 0.0000000000
66392  -50.454  2.265  17.325 0.0000000000
67428  -38.743  2.877  27.200 0.0000000000
67429  -38.777  3.060  27.517 0.0000000000
67452  -39.034  2.895  26.917 0.0000000000
67453  -39.059  3.100  27.263 0.0000000000
67541  -49.983  3.665  21.628 0.0000000000
67542  -50.274  3.699  21.524 0.0000000000
67543  -50.652  3.744  21.214 0.0000000000
67563  -49.358  3.894  20.915 0.0000000000
67564  -49.906  3.594  21.380 0.0000000000
67565  -50.450  3.435  21.022 0.0000000000
67566  -50.977  3.571  20.594 0.0000000000
67589  -48.788  4.063  20.258 0.0000000000
67590  -51.346  3.422  19.724 0.0000000000
67591  -51.355  3.457  20.175 0.0000000000
67608  -40.656  3.297  18.499 0.0000000000
67631  -40.025  3.111  17.801 0.0000000000
67727  -48.735  3.847  13.275 0.0000000000
68865  -42.349  4.819  21.202 0.0000000000
68866  -50.089  3.847  21.760 0.0000000000
68867  -50.472  3.985  21.573 0.0000000000
68868  -50.916  3.936  21.131 0.0000000000
68887  -42.126  4.995  20.841 0.0000000000
68889  -49.802  4.271  21.400 0.0000000000
68890  -50.530  4.252  21.118 0.0000000000
68912  -48.420  4.740  19.762 0.0000000000
68913  -50.382  4.735  19.813 0.0000000000
68914  -50.807  4.084  20.152 0.0000000000
68915  -51.112  3.743  20.431 0.0000000000
68930  -48.340  5.064  19.192 0.0000000000
68931  -50.445  4.276  19.310 0.0000000000
68932  -51.014  3.718  19.618 0.0000000000
68952  -49.281  4.784  17.570 0.0000000000
68969  -47.315  4.114  17.610 0.0000000000
69084  -46.754  4.974  11.472 0.0000000000
69108  -47.020  4.735  10.977 0.0000000000
70130  -43.998  5.530  26.812 0.0000000000
70226  -42.795  5.300  22.960 0.0000000000
70242  -41.767  5.789  21.591 0.0000000000
70258  -42.133  5.143  21.061 0.0000000000
70259  -48.693  5.497  20.390 0.0000000000
70260  -49.403  5.049  20.677 0.0000000000
70280  -50.139  4.609  20.754 0.0000000000
70297  -49.896  5.278  19.465 0.0000000000
70358  -51.641  5.060  15.805 0.0000000000
70411  -51.708  5.363  14.475 0.0000000000
70430  -46.621  5.477  11.852 0.0000000000
71588  -41.899  6.170  22.238 0.0000000000
71601  -41.727  6.534  21.819 0.0000000000
71618  -48.762  5.992  20.414 0.0000000000
71637  -49.060  6.237  20.264 0.0000000000
71677  -47.232  5.850  17.341 0.0000000000
71699  -47.237  6.315  17.213 0.0000000000
71777  -45.395  5.773  13.937 0.0000000000
71797  -45.256  5.955  13.502 0.0000000000
71836  -46.003  6.110  9.715 0.0000000000
71839  -51.828  6.830  11.154 0.0000000000
71877  -48.917  6.916  8.835 0.0000000000
72970  -41.990  6.961  22.377 0.0000000000
73015  -47.439  7.538  17.934 0.0000000000
73059  -47.115  6.853  16.784 0.0000000000
73060  -47.387  6.713  17.413 0.0000000000
73085  -46.364  6.585  15.418 0.0000000000
73087  -47.662  7.189  14.764 0.0000000000
73111  -46.017  6.594  14.959 0.0000000000
73161  -45.164  6.298  13.553 0.0000000000
73163  -46.717  7.728  12.784 0.0000000000
73214  -49.218  7.063  8.966 0.0000000000
73230  -46.874  7.715  7.973 0.0000000000
73241  -45.947  8.014  7.553 0.0000000000
74419  -41.602  8.586  18.971 0.0000000000
74460  -46.105  7.198  15.375 0.0000000000
74492  -46.680  9.016  13.253 0.0000000000
74541  -52.079  8.621  9.891 0.0000000000
74558  -51.465  8.330  9.605 0.0000000000
74571  -49.271  8.319  8.732 0.0000000000
74576  -44.910  9.127  7.244 0.0000000000
74579  -47.191  8.807  7.830 0.0000000000
75602  -41.380  9.028  21.992 0.0000000000
75666  -49.014  8.783  18.348 0.0000000000
75686  -46.219  8.771  16.517 0.0000000000
75753  -46.893  9.287  13.409 0.0000000000
75812  -49.532  10.967  9.343 0.0000000000
75832  -43.711  10.424  9.025 0.0000000000
75835  -49.178  10.565  8.969 0.0000000000
75849  -44.054  9.846  8.188 0.0000000000
75862  -45.300  9.428  6.930 0.0000000000
75863  -46.236  9.619  6.911 0.0000000000
75874  -44.833  10.340  6.699 0.0000000000
75876  -45.610  9.781  6.732 0.0000000000
76804  -41.644  10.241  21.087 0.0000000000
76867  -48.893  11.288  16.578 0.0000000000
76902  -48.671  10.953  15.973 0.0000000000
76903  -48.770  11.049  16.139 0.0000000000
76919  -47.991  10.684  14.710 0.0000000000
76974  -50.889  11.759  9.875 0.0000000000
76996  -49.430  11.183  9.309 0.0000000000
77017  -48.553  10.882  8.704 0.0000000000
77020  -50.624  10.382  9.269 0.0000000000
77029  -43.572  10.818  8.785 0.0000000000
77043  -43.499  10.997  8.170 0.0000000000
77045  -45.746  10.996  6.690 0.0000000000
77953  -45.937  11.972  20.754 0.0000000000
77954  -46.046  11.921  20.954 0.0000000000
77955  -46.139  11.725  20.718 0.0000000000
77966  -45.950  11.944  20.512 0.0000000000
77968  -46.275  11.991  20.125 0.0000000000
77978  -41.561  10.223  20.591 0.0000000000
77980  -45.923  11.706  19.711 0.0000000000
78034  -48.993  11.479  17.208 0.0000000000
78035  -49.079  11.637  16.866 0.0000000000
78047  -48.944  11.539  16.370 0.0000000000
78060  -48.465  11.294  15.779 0.0000000000
78061  -48.734  11.365  16.120 0.0000000000
78073  -48.066  11.786  15.706 0.0000000000
78074  -48.564  11.499  15.969 0.0000000000
78100  -51.061  11.937  11.093 0.0000000000
78119  -51.000  11.842  10.562 0.0000000000
78141  -51.042  10.625  9.431 0.0000000000
78142  -51.249  10.441  9.443 0.0000000000
78164  -50.917  10.438  9.308 0.0000000000
78165  -51.107  10.422  9.355 0.0000000000
78178  -47.850  11.630  7.919 0.0000000000
78215  -45.992  12.000  6.588 0.0000000000
79089  -45.877  12.149  20.452 0.0000000000
79090  -45.978  12.186  20.930 0.0000000000
79123  -47.938  12.476  18.837 0.0000000000
79157  -48.797  12.244  17.406 0.0000000000
79177  -48.638  12.458  16.883 0.0000000000
79179  -49.071  12.066  16.408 0.0000000000
79192  -48.761  11.849  16.091 0.0000000000
79208  -48.015  12.130  15.649 0.0000000000
79227  -50.411  12.741  11.351 0.0000000000
79229  -51.262  12.280  11.229 0.0000000000
79240  -50.701  12.225  10.878 0.0000000000
79257  -49.674  12.244  9.410 0.0000000000
79282  -48.730  12.139  8.738 0.0000000000
79284  -49.691  13.172  9.584 0.0000000000
80178  -46.078  12.572  20.847 0.0000000000
80188  -45.498  13.035  20.437 0.0000000000
80189  -46.364  12.617  20.537 0.0000000000
80200  -46.998  12.754  20.057 0.0000000000
80201  -47.395  12.363  19.658 0.0000000000
80237  -47.506  13.299  17.458 0.0000000000
80255  -48.475  12.433  16.035 0.0000000000
80304  -50.836  12.855  11.494 0.0000000000
80317  -49.931  13.452  11.110 0.0000000000
80318  -50.464  13.372  11.284 0.0000000000
80319  -51.198  13.134  11.072 0.0000000000
80401  -48.521  13.850  8.211 0.0000000000
81232  -45.887  12.991  20.838 0.0000000000
81233  -46.108  13.112  20.787 0.0000000000
81259  -42.518  12.136  20.617 0.0000000000
81260  -42.571  12.327  20.474 0.0000000000
81391  -49.807  13.946  11.242 0.0000000000
81392  -50.154  13.926  11.251 0.0000000000
82530  -48.490  15.557  8.134 0.0000000000
121796  -29.853  -5.219  36.445 0.0000000000
122262  -45.351  7.261  14.558 0.0000000000
122264  -45.638  7.127  14.831 0.0000000000
122290  -41.852  11.380  19.972 0.0000000000
122299  -42.082  11.314  20.817 0.0000000000
