#!ascii label  , from subject sub-NDARAG610XL4 vox2ras=TkReg
1605
67803  -36.028  2.573  8.584 0.0000000000
81546  -47.218  14.641  2.010 0.0000000000
73272  -41.427  7.967  5.225 0.0000000000
50405  -17.609  -9.580  37.309 0.0000000000
65223  -34.239  1.702  13.804 0.0000000000
59915  -33.864  -2.686  33.968 0.0000000000
64953  -34.673  1.578  30.778 0.0000000000
65095  -38.453  1.507  23.812 0.0000000000
68863  -38.899  4.749  21.231 0.0000000000
53186  -24.424  -7.016  30.312 0.0000000000
58622  -29.248  -3.854  35.080 0.0000000000
54600  -29.469  -6.519  29.999 0.0000000000
60052  -33.172  -1.938  25.313 0.0000000000
65080  -33.056  0.688  25.552 0.0000000000
73109  -37.186  7.701  14.481 0.0000000000
122243  -41.824  7.085  13.028 0.0000000000
77134  -44.269  10.787  3.894 0.0000000000
69179  -39.588  4.813  7.141 0.0000000000
79496  -44.417  11.913  -3.950 0.0000000000
47801  -15.375  -11.912  41.024 0.0000000000
73032  -37.718  7.546  17.181 0.0000000000
67737  -33.028  4.103  11.284 0.0000000000
56029  -32.293  -5.385  27.718 0.0000000000
59941  -37.997  -2.436  31.781 0.0000000000
75807  -42.351  10.082  10.100 0.0000000000
82831  -47.798  16.183  -7.815 0.0000000000
61409  -35.236  -1.126  21.671 0.0000000000
63970  -36.446  0.431  20.463 0.0000000000
53188  -26.511  -7.392  30.194 0.0000000000
62675  -30.223  -0.530  23.033 0.0000000000
62678  -33.042  -1.109  22.687 0.0000000000
62629  -35.366  0.236  25.166 0.0000000000
69054  -36.726  4.825  12.420 0.0000000000
70380  -39.918  6.852  14.097 0.0000000000
69100  -38.556  4.294  10.705 0.0000000000
79415  -45.996  12.752  2.668 0.0000000000
81491  -43.984  14.815  5.288 0.0000000000
82656  -47.567  15.644  0.310 0.0000000000
47854  -16.706  -11.875  36.603 0.0000000000
49110  -16.298  -10.800  39.421 0.0000000000
66397  -36.997  3.240  16.812 0.0000000000
70275  -38.746  5.997  18.790 0.0000000000
68992  -36.053  4.817  15.347 0.0000000000
71747  -34.224  6.281  14.641 0.0000000000
66445  -33.074  2.739  12.611 0.0000000000
58624  -31.762  -3.204  35.021 0.0000000000
62478  -31.693  -1.352  36.988 0.0000000000
63747  -33.760  -0.661  36.086 0.0000000000
121854  -35.770  -0.620  35.207 0.0000000000
54647  -29.872  -6.434  25.746 0.0000000000
56082  -31.338  -5.131  23.853 0.0000000000
62562  -34.247  -0.243  28.456 0.0000000000
58739  -36.105  -2.563  28.039 0.0000000000
62517  -36.961  -0.127  31.033 0.0000000000
61244  -37.888  0.186  33.025 0.0000000000
51762  -21.026  -8.011  33.748 0.0000000000
121303  -22.213  -4.816  35.171 0.0000000000
61190  -21.702  -1.896  37.245 0.0000000000
71905  -40.509  6.420  6.190 0.0000000000
73227  -41.054  7.177  8.205 0.0000000000
74565  -41.948  9.230  7.897 0.0000000000
85056  -49.568  17.519  -8.410 0.0000000000
53040  -16.876  -7.778  40.442 0.0000000000
70157  -39.584  5.449  25.520 0.0000000000
71550  -39.846  6.742  24.286 0.0000000000
67517  -38.775  3.319  22.352 0.0000000000
66367  -36.707  2.152  19.196 0.0000000000
57332  -24.430  -5.111  32.537 0.0000000000
121781  -27.073  -4.396  35.359 0.0000000000
55952  -27.180  -5.650  32.526 0.0000000000
55955  -29.370  -5.417  32.121 0.0000000000
57340  -31.660  -4.644  32.307 0.0000000000
58809  -31.633  -3.746  23.328 0.0000000000
61364  -29.634  -2.044  24.181 0.0000000000
62627  -31.198  -0.750  25.664 0.0000000000
65007  -33.396  1.157  27.337 0.0000000000
66217  -34.930  2.522  26.599 0.0000000000
67469  -37.427  3.255  26.276 0.0000000000
121286  -22.734  -8.247  30.872 0.0000000000
76897  -38.361  10.982  16.307 0.0000000000
122274  -40.233  12.633  17.236 0.0000000000
122247  -40.540  10.870  15.363 0.0000000000
122279  -43.244  10.729  15.309 0.0000000000
74622  -42.680  9.121  4.335 0.0000000000
77064  -42.026  10.797  6.344 0.0000000000
79359  -42.866  12.461  5.878 0.0000000000
120563  -13.566  -15.653  46.113 0.0000000000
67827  -38.093  3.445  7.780 0.0000000000
70554  -37.694  5.296  4.426 0.0000000000
74655  -40.365  7.918  2.480 0.0000000000
74675  -42.816  7.966  1.333 0.0000000000
77164  -44.030  10.323  0.730 0.0000000000
78338  -44.026  11.992  0.018 0.0000000000
80549  -44.787  13.057  -0.971 0.0000000000
78368  -42.885  11.353  -3.490 0.0000000000
51681  -15.775  -9.030  41.663 0.0000000000
49069  -14.186  -10.856  44.237 0.0000000000
46462  -12.815  -13.440  45.632 0.0000000000
79099  -39.240  12.774  21.213 0.0000000000
72955  -39.309  8.001  21.906 0.0000000000
75625  -39.124  9.125  20.252 0.0000000000
76863  -38.425  10.404  17.931 0.0000000000
74457  -36.572  8.319  15.342 0.0000000000
70422  -34.394  5.636  12.804 0.0000000000
69118  -34.683  3.998  9.946 0.0000000000
121800  -29.270  -1.437  37.698 0.0000000000
56014  -30.937  -5.816  28.914 0.0000000000
57361  -34.053  -4.507  31.387 0.0000000000
57436  -33.773  -4.039  26.350 0.0000000000
57380  -36.182  -4.419  30.004 0.0000000000
58628  -36.477  -3.213  34.369 0.0000000000
121830  -37.731  -0.366  34.671 0.0000000000
49150  -18.003  -10.342  35.500 0.0000000000
50440  -19.051  -9.442  34.081 0.0000000000
53087  -19.307  -7.895  36.343 0.0000000000
70480  -40.343  5.670  9.860 0.0000000000
73195  -42.648  8.580  11.313 0.0000000000
78096  -43.523  11.562  12.031 0.0000000000
78158  -41.540  11.943  9.405 0.0000000000
81625  -45.663  14.230  -2.064 0.0000000000
82739  -46.811  15.702  -3.221 0.0000000000
82761  -47.093  16.276  -4.689 0.0000000000
81699  -46.687  15.046  -6.818 0.0000000000
83941  -47.779  17.117  -5.471 0.0000000000
61408  -34.458  -1.446  21.554 0.0000000000
61428  -34.341  -1.370  20.557 0.0000000000
60138  -33.077  -2.666  19.274 0.0000000000
61405  -31.118  -1.220  21.561 0.0000000000
61406  -32.329  -2.085  21.417 0.0000000000
61393  -34.686  -1.355  22.410 0.0000000000
67759  -36.053  3.458  10.591 0.0000000000
69076  -37.334  4.425  11.859 0.0000000000
67781  -37.266  3.064  9.707 0.0000000000
80487  -46.471  13.610  2.495 0.0000000000
81524  -46.185  14.517  3.714 0.0000000000
82590  -47.161  15.556  3.035 0.0000000000
83772  -47.446  16.620  2.840 0.0000000000
82636  -47.441  15.230  1.007 0.0000000000
49134  -17.326  -10.427  37.431 0.0000000000
49133  -16.952  -11.164  37.559 0.0000000000
50398  -17.403  -9.720  38.257 0.0000000000
66408  -35.931  2.692  15.681 0.0000000000
67673  -36.398  3.787  15.675 0.0000000000
66419  -34.794  2.892  14.122 0.0000000000
67691  -34.545  4.004  14.076 0.0000000000
65222  -33.725  2.023  13.165 0.0000000000
59876  -24.092  -2.486  35.978 0.0000000000
58625  -32.969  -2.964  34.412 0.0000000000
61210  -32.886  -1.523  35.617 0.0000000000
61211  -33.643  -1.452  35.291 0.0000000000
62489  -35.483  -0.771  35.729 0.0000000000
121837  -35.121  -1.305  35.385 0.0000000000
63824  -34.460  0.529  29.103 0.0000000000
62528  -35.899  -0.059  29.628 0.0000000000
121858  -35.365  1.165  31.448 0.0000000000
121839  -36.704  0.928  32.657 0.0000000000
121304  -23.684  -5.209  33.251 0.0000000000
121313  -23.091  -3.990  34.435 0.0000000000
61200  -23.261  -2.026  36.252 0.0000000000
81258  -39.180  14.658  20.550 0.0000000000
73271  -40.613  7.373  5.006 0.0000000000
73239  -41.416  7.295  6.979 0.0000000000
73254  -41.611  8.128  6.134 0.0000000000
67493  -39.193  3.421  24.762 0.0000000000
67494  -39.404  3.626  23.939 0.0000000000
66259  -38.958  2.347  23.489 0.0000000000
65143  -36.496  1.234  19.719 0.0000000000
63994  -35.413  0.748  18.203 0.0000000000
65172  -35.665  1.558  17.514 0.0000000000
54572  -24.261  -6.331  31.517 0.0000000000
55950  -25.472  -5.313  31.961 0.0000000000
55988  -25.433  -6.133  30.872 0.0000000000
53203  -27.738  -7.133  30.030 0.0000000000
55971  -28.350  -5.737  31.512 0.0000000000
55990  -29.461  -5.709  30.843 0.0000000000
57339  -30.976  -4.916  32.648 0.0000000000
55991  -30.186  -5.696  30.597 0.0000000000
60089  -28.902  -2.552  22.198 0.0000000000
63941  -31.726  -0.190  24.239 0.0000000000
62644  -30.999  -0.476  24.885 0.0000000000
65058  -31.956  0.676  25.997 0.0000000000
63878  -32.698  0.019  26.926 0.0000000000
65034  -33.354  1.073  26.590 0.0000000000
66187  -34.227  1.588  27.043 0.0000000000
66237  -34.283  1.642  26.439 0.0000000000
63930  -36.941  0.321  24.387 0.0000000000
65037  -36.836  1.717  26.177 0.0000000000
66241  -38.324  2.375  25.396 0.0000000000
68793  -38.625  4.390  26.016 0.0000000000
53176  -23.455  -7.820  30.952 0.0000000000
74459  -38.318  9.766  15.629 0.0000000000
122255  -39.004  10.485  15.503 0.0000000000
122254  -39.006  9.389  15.280 0.0000000000
122240  -40.746  6.493  13.889 0.0000000000
122248  -41.502  8.984  15.044 0.0000000000
122265  -42.505  8.617  14.068 0.0000000000
76898  -44.008  10.436  15.069 0.0000000000
75736  -43.317  9.407  13.803 0.0000000000
75935  -43.751  9.734  3.869 0.0000000000
78255  -42.800  11.571  5.175 0.0000000000
78256  -43.301  11.621  4.758 0.0000000000
84843  -44.110  16.773  5.664 0.0000000000
73335  -41.057  7.618  2.065 0.0000000000
73379  -40.996  7.785  0.749 0.0000000000
75977  -42.738  9.340  -0.585 0.0000000000
77172  -43.164  10.418  -0.585 0.0000000000
78322  -44.030  10.868  0.451 0.0000000000
78348  -43.098  11.316  -1.248 0.0000000000
79463  -43.770  12.040  -0.897 0.0000000000
47827  -16.017  -12.362  39.143 0.0000000000
46511  -15.460  -13.801  40.904 0.0000000000
54432  -16.429  -6.680  41.088 0.0000000000
53033  -16.510  -8.318  40.798 0.0000000000
54422  -15.622  -6.899  41.725 0.0000000000
51670  -13.854  -8.757  44.337 0.0000000000
49063  -12.972  -10.575  45.711 0.0000000000
47772  -13.508  -12.374  44.362 0.0000000000
47758  -13.160  -11.964  45.802 0.0000000000
45191  -14.068  -13.246  46.413 0.0000000000
70223  -39.415  5.971  22.272 0.0000000000
71570  -39.432  6.860  23.094 0.0000000000
70241  -39.311  5.956  21.141 0.0000000000
71675  -38.013  6.791  17.563 0.0000000000
72995  -39.047  7.775  19.357 0.0000000000
73013  -38.835  7.704  18.439 0.0000000000
75642  -38.987  9.657  19.383 0.0000000000
74418  -38.519  8.637  17.679 0.0000000000
74437  -38.353  9.296  17.064 0.0000000000
73058  -37.113  7.508  16.413 0.0000000000
69034  -32.932  4.642  12.677 0.0000000000
70404  -34.162  6.274  13.308 0.0000000000
70444  -33.857  5.133  12.082 0.0000000000
69073  -34.419  4.793  11.673 0.0000000000
67757  -33.877  3.787  10.459 0.0000000000
121780  -27.898  -3.894  35.910 0.0000000000
121791  -29.600  -3.017  36.636 0.0000000000
54636  -31.276  -5.717  26.560 0.0000000000
53243  -30.398  -6.832  27.038 0.0000000000
56028  -31.721  -5.667  27.931 0.0000000000
57391  -32.102  -5.074  30.109 0.0000000000
57393  -33.475  -5.152  29.537 0.0000000000
58785  -32.466  -2.893  24.639 0.0000000000
57464  -32.684  -3.738  24.808 0.0000000000
58754  -34.011  -3.417  25.812 0.0000000000
59967  -37.379  -2.447  29.724 0.0000000000
57412  -36.380  -3.687  28.548 0.0000000000
58678  -37.505  -3.439  31.252 0.0000000000
58661  -36.720  -4.077  31.832 0.0000000000
58662  -37.409  -3.324  32.487 0.0000000000
121826  -37.437  -1.835  34.201 0.0000000000
61229  -38.197  -1.510  33.551 0.0000000000
68749  -35.319  4.755  28.950 0.0000000000
50441  -19.575  -9.095  33.848 0.0000000000
51732  -19.501  -8.262  35.302 0.0000000000
51731  -19.031  -8.462  35.552 0.0000000000
61178  -21.621  -1.894  38.110 0.0000000000
69178  -38.837  4.112  6.718 0.0000000000
69139  -39.080  4.615  8.910 0.0000000000
69158  -39.374  4.707  7.889 0.0000000000
74537  -42.103  9.134  10.096 0.0000000000
71853  -41.609  7.355  10.198 0.0000000000
74538  -42.598  9.017  10.977 0.0000000000
75768  -43.222  9.791  12.022 0.0000000000
76970  -42.983  11.016  11.123 0.0000000000
79319  -41.317  12.991  7.686 0.0000000000
78176  -41.365  12.004  8.216 0.0000000000
80357  -41.320  13.943  9.465 0.0000000000
79481  -45.150  12.961  -2.076 0.0000000000
81608  -45.615  14.210  -1.052 0.0000000000
80563  -45.372  13.462  -2.490 0.0000000000
81659  -46.035  13.975  -3.998 0.0000000000
81669  -46.282  14.573  -4.838 0.0000000000
82760  -46.722  15.745  -4.267 0.0000000000
81681  -46.366  14.916  -6.008 0.0000000000
81724  -47.605  15.005  -8.046 0.0000000000
81723  -47.135  14.525  -7.715 0.0000000000
81711  -47.152  15.180  -7.376 0.0000000000
83954  -47.342  16.301  -6.342 0.0000000000
83955  -47.715  16.819  -6.583 0.0000000000
85025  -48.121  17.505  -6.902 0.0000000000
82814  -49.775  16.467  -7.265 0.0000000000
63943  -37.099  0.138  23.117 0.0000000000
63960  -37.115  0.749  21.971 0.0000000000
62689  -36.421  -0.127  21.611 0.0000000000
62712  -34.751  -0.554  19.566 0.0000000000
53187  -25.286  -6.987  30.147 0.0000000000
62687  -30.597  -0.577  21.744 0.0000000000
62676  -31.157  -0.538  22.553 0.0000000000
62646  -32.876  -0.118  24.429 0.0000000000
63928  -34.313  0.350  25.139 0.0000000000
62665  -34.442  -1.018  23.967 0.0000000000
62666  -35.408  -0.684  23.744 0.0000000000
71796  -36.706  6.038  12.969 0.0000000000
71749  -38.499  7.047  14.492 0.0000000000
70425  -37.282  5.342  12.877 0.0000000000
70447  -38.696  4.943  12.147 0.0000000000
71832  -40.184  5.340  11.700 0.0000000000
78280  -45.281  11.717  3.415 0.0000000000
79378  -44.756  12.534  4.394 0.0000000000
80451  -45.034  13.624  4.457 0.0000000000
82572  -45.042  15.487  4.467 0.0000000000
83835  -48.048  16.517  0.110 0.0000000000
47828  -16.301  -11.683  38.793 0.0000000000
49109  -15.887  -11.145  39.878 0.0000000000
67606  -37.754  3.798  18.697 0.0000000000
68909  -38.462  5.192  19.246 0.0000000000
67629  -37.895  4.293  17.712 0.0000000000
68946  -37.623  5.191  16.883 0.0000000000
70329  -37.086  5.723  15.937 0.0000000000
71719  -36.054  6.688  15.497 0.0000000000
68991  -35.469  5.233  14.970 0.0000000000
69036  -33.797  4.392  13.649 0.0000000000
67722  -32.398  4.015  12.291 0.0000000000
58623  -30.313  -3.818  34.908 0.0000000000
59887  -30.611  -2.228  36.628 0.0000000000
61209  -32.169  -1.732  36.096 0.0000000000
62479  -32.972  -1.152  36.285 0.0000000000
62483  -36.185  -0.607  36.152 0.0000000000
56066  -30.435  -5.742  24.714 0.0000000000
56051  -31.595  -5.281  25.982 0.0000000000
61329  -33.866  -1.147  26.858 0.0000000000
60003  -34.762  -2.392  26.666 0.0000000000
61305  -35.669  -1.282  27.768 0.0000000000
61270  -37.054  -1.404  29.772 0.0000000000
61257  -37.616  -1.409  30.941 0.0000000000
61243  -38.176  -1.073  32.476 0.0000000000
62507  -37.485  0.308  32.339 0.0000000000
51805  -21.352  -8.346  32.305 0.0000000000
51763  -21.670  -7.668  33.424 0.0000000000
54507  -21.555  -5.613  36.028 0.0000000000
121310  -21.388  -3.959  36.180 0.0000000000
121319  -22.185  -3.263  35.383 0.0000000000
70533  -39.925  5.272  6.341 0.0000000000
71889  -40.116  6.074  7.747 0.0000000000
71890  -40.569  6.450  7.373 0.0000000000
73228  -41.524  8.195  8.076 0.0000000000
75831  -42.178  9.921  9.507 0.0000000000
78397  -43.453  11.563  -5.334 0.0000000000
79507  -44.510  11.686  -4.728 0.0000000000
79520  -44.387  11.800  -5.594 0.0000000000
82832  -48.298  15.762  -8.505 0.0000000000
83990  -48.427  16.839  -8.021 0.0000000000
82849  -49.080  15.774  -9.051 0.0000000000
85071  -50.038  17.466  -9.106 0.0000000000
51711  -18.419  -8.387  37.859 0.0000000000
51700  -17.461  -8.981  39.015 0.0000000000
74282  -40.251  8.056  25.721 0.0000000000
71528  -40.045  6.319  25.191 0.0000000000
68823  -39.583  4.515  23.489 0.0000000000
67538  -38.315  3.565  21.395 0.0000000000
66295  -37.715  2.145  21.660 0.0000000000
67537  -37.845  2.759  21.229 0.0000000000
67585  -37.798  3.405  19.616 0.0000000000
66385  -36.481  2.333  17.957 0.0000000000
65183  -35.647  1.794  16.432 0.0000000000
121309  -24.525  -4.398  33.209 0.0000000000
58619  -25.397  -3.566  34.826 0.0000000000
57309  -25.558  -4.240  33.423 0.0000000000
55917  -26.453  -4.978  33.960 0.0000000000
57292  -28.448  -4.339  34.767 0.0000000000
54575  -27.156  -6.171  31.503 0.0000000000
55953  -28.029  -5.539  32.445 0.0000000000
57313  -29.281  -4.700  33.548 0.0000000000
57314  -30.423  -4.596  33.638 0.0000000000
58657  -31.540  -4.575  32.989 0.0000000000
58659  -33.155  -3.589  32.757 0.0000000000
60076  -30.525  -2.799  23.666 0.0000000000
60067  -30.579  -2.464  24.460 0.0000000000
62674  -29.727  -1.168  23.249 0.0000000000
61350  -30.541  -1.541  25.244 0.0000000000
61352  -31.785  -1.587  25.769 0.0000000000
62604  -32.915  -0.460  26.981 0.0000000000
63840  -33.466  0.165  28.297 0.0000000000
64984  -34.114  1.118  28.704 0.0000000000
67398  -35.065  2.804  29.991 0.0000000000
66164  -34.492  2.195  27.813 0.0000000000
68770  -34.626  3.546  28.154 0.0000000000
67450  -35.467  3.644  27.476 0.0000000000
65035  -35.391  1.613  26.097 0.0000000000
67468  -36.120  3.339  26.971 0.0000000000
68785  -36.827  4.399  27.230 0.0000000000
70140  -37.578  5.380  27.175 0.0000000000
121294  -22.330  -7.991  31.727 0.0000000000
79155  -38.394  12.363  17.677 0.0000000000
78046  -38.769  12.235  16.720 0.0000000000
82400  -42.935  13.697  16.614 0.0000000000
122253  -39.902  8.186  14.857 0.0000000000
74621  -41.983  8.658  4.511 0.0000000000
75893  -42.268  9.492  5.698 0.0000000000
75894  -42.343  10.296  5.718 0.0000000000
79358  -42.352  12.035  6.122 0.0000000000
80419  -41.851  13.630  7.186 0.0000000000
81490  -43.441  14.410  5.563 0.0000000000
82542  -42.876  15.441  6.338 0.0000000000
67824  -36.101  2.142  7.998 0.0000000000
67805  -37.425  3.422  8.757 0.0000000000
67843  -36.339  2.863  6.339 0.0000000000
69176  -36.838  3.546  6.162 0.0000000000
69193  -36.924  4.138  5.701 0.0000000000
70544  -38.042  4.969  4.988 0.0000000000
70545  -39.050  5.141  5.021 0.0000000000
71939  -39.352  6.632  4.423 0.0000000000
73291  -39.581  7.197  4.124 0.0000000000
74620  -41.187  8.134  3.974 0.0000000000
74642  -41.745  8.318  3.426 0.0000000000
74643  -42.873  8.862  3.607 0.0000000000
75944  -44.210  9.289  2.831 0.0000000000
74690  -41.507  8.107  0.098 0.0000000000
74692  -43.158  8.522  0.778 0.0000000000
75956  -44.478  9.740  2.309 0.0000000000
78307  -44.940  11.032  1.435 0.0000000000
78309  -46.069  12.362  1.624 0.0000000000
80503  -46.129  13.139  0.902 0.0000000000
80520  -46.519  13.952  0.403 0.0000000000
79464  -44.590  12.628  -0.571 0.0000000000
79480  -44.495  12.641  -1.690 0.0000000000
78369  -43.686  11.553  -3.690 0.0000000000
78384  -43.089  11.530  -4.419 0.0000000000
51699  -17.038  -9.223  39.407 0.0000000000
50375  -16.149  -9.973  40.499 0.0000000000
49088  -15.507  -10.859  41.432 0.0000000000
53025  -14.487  -7.951  43.336 0.0000000000
50356  -14.874  -10.006  43.483 0.0000000000
47794  -15.115  -11.548  42.269 0.0000000000
46479  -14.548  -13.003  43.077 0.0000000000
46468  -13.850  -13.924  44.104 0.0000000000
120606  -13.272  -15.817  44.880 0.0000000000
120567  -12.901  -14.777  46.033 0.0000000000
80211  -39.105  13.422  19.786 0.0000000000
75601  -39.742  9.741  22.620 0.0000000000
71616  -39.345  6.892  20.130 0.0000000000
74358  -39.243  8.600  21.358 0.0000000000
76802  -39.282  10.812  20.932 0.0000000000
77994  -39.371  11.512  19.749 0.0000000000
79137  -38.977  12.297  18.430 0.0000000000
76862  -38.126  10.736  17.231 0.0000000000
74458  -37.625  9.000  15.775 0.0000000000
74474  -36.819  8.532  14.888 0.0000000000
73082  -35.346  7.320  15.208 0.0000000000
73107  -35.408  7.651  14.456 0.0000000000
71775  -35.880  7.045  13.349 0.0000000000
70423  -35.463  5.805  12.640 0.0000000000
69098  -35.185  4.165  10.650 0.0000000000
67779  -35.584  2.921  9.721 0.0000000000
64059  -33.195  0.827  12.384 0.0000000000
65248  -32.821  2.059  11.744 0.0000000000
66458  -32.349  2.706  11.470 0.0000000000
67776  -32.426  2.582  10.511 0.0000000000
67777  -32.912  2.825  10.200 0.0000000000
66493  -33.626  1.833  9.544 0.0000000000
66494  -34.927  2.188  9.358 0.0000000000
66519  -35.578  2.002  8.482 0.0000000000
61193  -30.751  -1.569  37.221 0.0000000000
53215  -29.399  -7.622  28.454 0.0000000000
53229  -29.808  -7.223  27.819 0.0000000000
54610  -30.386  -6.340  29.135 0.0000000000
57375  -31.741  -4.967  30.723 0.0000000000
57360  -33.072  -4.192  31.573 0.0000000000
58660  -33.937  -3.608  33.032 0.0000000000
57484  -31.544  -4.381  23.081 0.0000000000
57463  -32.158  -4.517  25.207 0.0000000000
57435  -32.857  -4.618  26.686 0.0000000000
57425  -35.488  -3.632  27.576 0.0000000000
57410  -34.747  -4.709  28.187 0.0000000000
57409  -33.641  -5.102  28.388 0.0000000000
57362  -35.036  -4.711  31.256 0.0000000000
57317  -35.362  -4.333  32.916 0.0000000000
59904  -35.167  -3.122  34.390 0.0000000000
59905  -35.963  -2.499  34.870 0.0000000000
121828  -36.604  -0.045  35.023 0.0000000000
47869  -17.515  -11.220  35.439 0.0000000000
50411  -18.002  -9.512  36.380 0.0000000000
50456  -18.909  -9.557  33.129 0.0000000000
49163  -18.422  -10.259  33.597 0.0000000000
49154  -18.467  -10.089  34.559 0.0000000000
50412  -18.324  -9.055  36.065 0.0000000000
51721  -18.256  -8.796  36.609 0.0000000000
53065  -19.585  -7.269  37.851 0.0000000000
59874  -20.698  -2.906  36.827 0.0000000000
69138  -38.283  3.996  9.015 0.0000000000
70479  -39.464  5.026  9.911 0.0000000000
71833  -40.880  6.084  11.148 0.0000000000
70495  -40.334  6.084  9.202 0.0000000000
71834  -41.618  7.098  10.950 0.0000000000
73159  -42.500  7.786  12.728 0.0000000000
75751  -43.398  9.616  12.909 0.0000000000
75860  -41.870  10.313  7.594 0.0000000000
77028  -41.623  11.044  8.506 0.0000000000
77014  -41.932  11.491  9.943 0.0000000000
81592  -46.634  14.631  0.088 0.0000000000
82670  -46.916  15.314  -0.195 0.0000000000
82687  -46.896  15.584  -1.126 0.0000000000
80569  -45.435  13.237  -3.521 0.0000000000
81645  -46.266  14.924  -2.635 0.0000000000
83874  -47.336  16.116  -1.825 0.0000000000
83897  -47.618  16.532  -2.558 0.0000000000
83914  -47.544  16.767  -3.503 0.0000000000
80602  -46.295  14.184  -6.780 0.0000000000
82777  -46.914  15.732  -5.294 0.0000000000
82778  -47.327  16.520  -5.144 0.0000000000
83957  -49.119  17.123  -7.044 0.0000000000
61427  -33.436  -2.193  20.313 0.0000000000
61426  -32.620  -2.546  20.638 0.0000000000
61407  -33.556  -1.710  21.408 0.0000000000
67780  -36.174  2.980  9.693 0.0000000000
66475  -36.534  2.987  10.322 0.0000000000
66497  -36.551  2.821  9.917 0.0000000000
81525  -46.613  14.552  2.995 0.0000000000
82610  -47.338  15.250  2.351 0.0000000000
82611  -47.508  15.582  1.968 0.0000000000
81570  -47.337  14.857  1.334 0.0000000000
65210  -34.671  1.776  14.540 0.0000000000
66420  -35.298  2.364  14.916 0.0000000000
66431  -34.093  2.473  13.804 0.0000000000
59886  -24.608  -2.719  35.657 0.0000000000
58606  -24.655  -3.253  34.986 0.0000000000
58626  -33.503  -2.816  34.139 0.0000000000
61217  -33.328  -1.789  35.022 0.0000000000
61218  -34.124  -1.872  35.024 0.0000000000
59903  -34.353  -2.456  34.338 0.0000000000
63809  -34.542  0.962  30.360 0.0000000000
63810  -35.389  0.510  30.329 0.0000000000
63797  -34.843  1.107  30.904 0.0000000000
121851  -35.118  1.748  31.828 0.0000000000
59885  -24.104  -2.795  35.280 0.0000000000
66248  -38.915  2.408  24.640 0.0000000000
66249  -39.305  2.915  24.080 0.0000000000
62723  -34.430  -0.244  18.317 0.0000000000
63983  -35.048  0.144  18.619 0.0000000000
55967  -24.933  -5.821  31.410 0.0000000000
54584  -24.798  -6.310  30.764 0.0000000000
53204  -28.360  -6.955  29.893 0.0000000000
54588  -28.394  -6.434  30.752 0.0000000000
54589  -29.120  -6.171  30.488 0.0000000000
54590  -29.652  -6.040  30.344 0.0000000000
63926  -32.463  0.441  24.955 0.0000000000
63925  -31.706  -0.000  24.811 0.0000000000
63903  -31.983  0.514  25.451 0.0000000000
65059  -32.665  0.701  25.895 0.0000000000
66216  -33.939  1.477  26.610 0.0000000000
65081  -33.343  0.713  25.634 0.0000000000
63932  -38.210  1.326  24.363 0.0000000000
65082  -37.910  1.543  25.129 0.0000000000
65083  -38.312  1.677  24.811 0.0000000000
67484  -38.510  3.296  25.600 0.0000000000
53185  -23.868  -7.311  30.652 0.0000000000
54583  -24.126  -6.740  30.882 0.0000000000
74475  -37.888  8.759  15.207 0.0000000000
73110  -38.472  8.257  14.817 0.0000000000
122241  -40.756  7.195  14.394 0.0000000000
77114  -43.585  11.105  4.387 0.0000000000
78257  -44.030  11.660  4.446 0.0000000000
84826  -43.954  17.119  6.039 0.0000000000
73378  -40.193  7.708  0.704 0.0000000000
78347  -43.097  10.867  -0.701 0.0000000000
77198  -42.588  10.866  -1.874 0.0000000000
77184  -42.731  11.034  -1.663 0.0000000000
47813  -15.558  -12.095  40.002 0.0000000000
46527  -15.695  -13.248  39.489 0.0000000000
46503  -15.144  -12.382  41.644 0.0000000000
54431  -16.136  -7.202  41.266 0.0000000000
55813  -15.670  -6.387  42.195 0.0000000000
46453  -13.599  -11.519  46.369 0.0000000000
68864  -39.237  5.385  21.762 0.0000000000
70240  -39.012  5.370  20.606 0.0000000000
73033  -38.362  7.561  17.668 0.0000000000
74417  -38.116  8.042  17.301 0.0000000000
74436  -37.927  8.467  16.674 0.0000000000
69071  -32.573  4.336  11.923 0.0000000000
70421  -33.638  5.243  12.834 0.0000000000
69072  -33.232  4.634  11.688 0.0000000000
69096  -33.358  4.176  11.147 0.0000000000
58621  -28.835  -3.897  35.404 0.0000000000
121786  -29.126  -3.687  36.201 0.0000000000
56038  -31.690  -5.569  27.030 0.0000000000
56037  -31.318  -5.777  27.506 0.0000000000
56016  -32.285  -5.380  28.568 0.0000000000
56017  -32.996  -5.346  28.773 0.0000000000
58771  -32.893  -2.455  25.104 0.0000000000
58786  -33.049  -2.949  24.912 0.0000000000
58772  -33.512  -2.771  25.276 0.0000000000
59952  -37.758  -2.637  30.530 0.0000000000
58690  -37.330  -3.450  30.228 0.0000000000
59927  -38.097  -2.367  33.156 0.0000000000
70112  -35.838  5.624  28.966 0.0000000000
54483  -20.902  -6.371  36.718 0.0000000000
75808  -42.833  9.974  10.635 0.0000000000
75786  -43.239  10.219  11.262 0.0000000000
76993  -42.820  10.616  10.756 0.0000000000
80397  -41.345  14.006  7.687 0.0000000000
80376  -41.086  13.945  8.435 0.0000000000
79491  -44.956  12.772  -2.683 0.0000000000
79497  -44.821  12.510  -3.508 0.0000000000
81712  -47.477  15.618  -7.615 0.0000000000
82813  -47.445  16.093  -7.189 0.0000000000
83970  -47.804  16.882  -7.312 0.0000000000
85024  -47.814  17.310  -7.013 0.0000000000
83971  -48.124  17.130  -7.551 0.0000000000
62680  -36.444  -0.272  22.544 0.0000000000
63953  -36.908  0.294  22.180 0.0000000000
62688  -35.841  -0.637  21.988 0.0000000000
61441  -34.068  -1.387  19.769 0.0000000000
62699  -34.927  -0.873  20.450 0.0000000000
62711  -34.039  -1.072  19.332 0.0000000000
60101  -29.936  -1.481  21.058 0.0000000000
61390  -31.911  -1.254  22.123 0.0000000000
62677  -32.332  -1.021  22.841 0.0000000000
62663  -32.083  -0.397  23.798 0.0000000000
62664  -33.294  -0.866  23.496 0.0000000000
62647  -33.830  -0.344  24.617 0.0000000000
61378  -34.988  -1.271  23.202 0.0000000000
62679  -35.822  -0.683  22.912 0.0000000000
62667  -36.285  -0.258  23.553 0.0000000000
70424  -36.348  5.567  12.681 0.0000000000
69077  -38.165  4.236  11.462 0.0000000000
70446  -38.065  4.693  11.957 0.0000000000
71814  -39.503  5.304  12.310 0.0000000000
70462  -39.236  4.953  11.135 0.0000000000
78293  -45.714  11.943  2.725 0.0000000000
79379  -45.341  13.062  4.170 0.0000000000
80468  -45.749  13.628  3.871 0.0000000000
83754  -45.531  16.362  4.517 0.0000000000
84859  -45.150  16.755  4.867 0.0000000000
84860  -45.793  17.314  4.847 0.0000000000
84924  -48.233  17.330  0.629 0.0000000000
49121  -16.678  -10.876  38.504 0.0000000000
47842  -16.281  -12.018  37.691 0.0000000000
47814  -15.986  -11.588  39.428 0.0000000000
66386  -37.316  3.361  17.893 0.0000000000
67607  -38.118  4.603  18.614 0.0000000000
66398  -37.418  3.749  17.326 0.0000000000
67649  -36.849  4.197  16.366 0.0000000000
68966  -37.060  4.854  16.430 0.0000000000
68965  -36.524  4.960  15.870 0.0000000000
70353  -35.963  5.750  15.322 0.0000000000
67710  -33.902  3.455  13.770 0.0000000000
67709  -33.187  3.945  13.329 0.0000000000
67708  -32.750  4.300  12.800 0.0000000000
67723  -32.803  3.560  12.768 0.0000000000
58609  -31.415  -2.721  35.788 0.0000000000
59900  -31.920  -2.483  35.572 0.0000000000
63746  -33.577  -0.698  35.937 0.0000000000
62480  -33.711  -0.932  36.390 0.0000000000
56050  -30.851  -5.711  25.511 0.0000000000
56067  -31.376  -5.046  24.869 0.0000000000
62583  -33.888  -0.721  27.579 0.0000000000
61330  -34.832  -1.209  26.921 0.0000000000
62584  -34.749  -0.700  27.684 0.0000000000
62545  -36.361  -0.628  29.282 0.0000000000
62529  -36.586  -0.321  30.328 0.0000000000
61256  -37.159  -0.928  30.449 0.0000000000
62530  -37.198  -0.595  30.853 0.0000000000
62518  -37.472  -0.202  31.620 0.0000000000
63798  -37.103  0.484  31.989 0.0000000000
121844  -37.158  1.050  33.470 0.0000000000
121291  -21.912  -7.878  32.597 0.0000000000
51783  -21.488  -8.131  32.901 0.0000000000
53151  -22.549  -7.123  33.075 0.0000000000
121297  -23.035  -5.640  34.349 0.0000000000
61192  -23.197  -1.807  36.951 0.0000000000
71904  -40.025  5.967  5.785 0.0000000000
70534  -40.349  5.958  6.778 0.0000000000
73240  -41.840  8.512  7.081 0.0000000000
74553  -42.008  9.009  8.911 0.0000000000
79519  -43.637  11.686  -5.850 0.0000000000
80636  -48.376  14.464  -8.753 0.0000000000
81741  -48.721  14.894  -8.804 0.0000000000
54457  -18.427  -7.256  38.759 0.0000000000
55832  -17.567  -5.317  40.232 0.0000000000
71505  -39.794  6.549  26.148 0.0000000000
67502  -39.426  3.509  23.076 0.0000000000
67518  -39.305  4.046  22.605 0.0000000000
68843  -38.819  4.150  22.044 0.0000000000
63959  -36.772  0.661  21.415 0.0000000000
65112  -37.341  1.300  21.785 0.0000000000
65122  -36.865  1.326  20.897 0.0000000000
65142  -36.158  1.076  19.012 0.0000000000
66347  -36.797  2.042  19.993 0.0000000000
66348  -37.267  2.621  19.816 0.0000000000
67559  -37.834  3.052  20.517 0.0000000000
66368  -37.245  2.913  18.858 0.0000000000
65173  -36.126  1.625  18.151 0.0000000000
65171  -35.240  1.447  16.803 0.0000000000
58641  -25.094  -3.549  33.715 0.0000000000
57308  -25.130  -4.272  33.080 0.0000000000
55951  -26.342  -5.135  32.433 0.0000000000
55933  -26.241  -4.913  33.422 0.0000000000
55934  -26.836  -5.451  33.366 0.0000000000
57291  -27.220  -4.992  34.221 0.0000000000
57311  -27.467  -5.374  33.552 0.0000000000
54586  -26.752  -6.537  30.933 0.0000000000
55954  -28.748  -5.479  32.157 0.0000000000
57337  -29.006  -5.117  32.711 0.0000000000
57294  -30.243  -4.163  34.234 0.0000000000
58645  -32.526  -3.553  33.733 0.0000000000
58658  -32.266  -4.167  32.688 0.0000000000
60090  -29.762  -2.614  23.059 0.0000000000
60075  -29.765  -2.399  23.800 0.0000000000
60077  -31.023  -2.788  24.169 0.0000000000
60066  -30.016  -2.368  24.230 0.0000000000
62685  -29.612  -0.882  22.511 0.0000000000
62643  -30.419  -1.067  25.101 0.0000000000
62626  -30.693  -1.216  25.487 0.0000000000
61351  -31.016  -1.520  25.635 0.0000000000
61326  -31.540  -1.080  25.862 0.0000000000
61327  -32.147  -0.975  26.167 0.0000000000
62603  -32.441  -0.450  26.662 0.0000000000
65006  -33.059  0.424  27.412 0.0000000000
64995  -33.256  0.242  27.911 0.0000000000
64996  -33.453  0.738  28.054 0.0000000000
64997  -34.079  1.415  28.017 0.0000000000
66142  -34.489  2.207  28.913 0.0000000000
67465  -34.534  1.820  26.961 0.0000000000
67426  -34.339  2.735  27.562 0.0000000000
67449  -34.563  3.277  27.461 0.0000000000
68771  -35.119  3.884  28.160 0.0000000000
62628  -35.016  0.341  25.127 0.0000000000
63906  -34.967  0.900  25.477 0.0000000000
63880  -35.501  1.161  25.899 0.0000000000
66220  -37.279  2.216  26.216 0.0000000000
66219  -36.498  2.397  26.387 0.0000000000
68784  -36.271  4.017  27.407 0.0000000000
68786  -37.802  4.485  26.520 0.0000000000
70156  -39.066  5.121  26.058 0.0000000000
70141  -38.410  5.461  26.516 0.0000000000
70142  -39.123  5.857  26.197 0.0000000000
55932  -24.075  -5.672  32.738 0.0000000000
78045  -37.920  11.789  16.825 0.0000000000
79173  -38.414  12.454  17.200 0.0000000000
78056  -38.389  11.568  16.449 0.0000000000
122266  -39.054  11.408  16.103 0.0000000000
79174  -44.056  12.199  16.063 0.0000000000
122288  -44.009  11.445  15.795 0.0000000000
78058  -44.890  11.056  14.895 0.0000000000
75915  -42.261  9.114  5.162 0.0000000000
75916  -42.872  9.699  4.924 0.0000000000
78234  -42.427  11.594  5.725 0.0000000000
79343  -42.511  12.930  6.433 0.0000000000
79342  -42.020  12.509  6.655 0.0000000000
80420  -42.287  13.367  6.688 0.0000000000
80450  -44.263  13.469  4.909 0.0000000000
80449  -43.655  13.496  5.406 0.0000000000
81506  -43.969  14.148  5.204 0.0000000000
120605  -13.654  -17.144  45.700 0.0000000000
120571  -13.362  -17.829  45.613 0.0000000000
67856  -36.414  3.541  5.613 0.0000000000
69177  -37.585  3.762  6.265 0.0000000000
69211  -37.571  4.902  4.958 0.0000000000
70571  -38.440  6.188  3.799 0.0000000000
71938  -38.869  6.621  3.942 0.0000000000
73290  -39.058  7.188  3.676 0.0000000000
73314  -39.946  7.798  3.630 0.0000000000
74641  -40.661  8.119  3.345 0.0000000000
74656  -41.353  7.955  2.643 0.0000000000
73336  -41.839  7.543  1.995 0.0000000000
74657  -42.607  7.995  2.477 0.0000000000
74644  -43.641  9.096  3.279 0.0000000000
74658  -43.644  8.692  2.636 0.0000000000
75978  -43.218  9.372  0.055 0.0000000000
75966  -43.062  8.927  0.214 0.0000000000
75967  -43.588  9.266  0.675 0.0000000000
75955  -44.193  9.478  1.694 0.0000000000
77153  -44.386  10.186  1.326 0.0000000000
77154  -44.806  10.426  1.827 0.0000000000
77165  -44.398  10.558  1.187 0.0000000000
78323  -44.435  11.265  0.882 0.0000000000
78324  -45.274  11.972  0.743 0.0000000000
79430  -45.917  12.626  1.023 0.0000000000
79446  -45.367  12.652  0.279 0.0000000000
79465  -45.016  12.647  -0.170 0.0000000000
79479  -43.596  11.882  -1.927 0.0000000000
79489  -43.506  11.682  -2.532 0.0000000000
79490  -44.028  12.186  -2.891 0.0000000000
120627  -15.155  -15.379  40.629 0.0000000000
53050  -17.853  -7.895  39.360 0.0000000000
53049  -17.199  -8.587  39.686 0.0000000000
51682  -16.254  -9.023  40.795 0.0000000000
50367  -15.765  -9.942  41.125 0.0000000000
50366  -15.354  -9.995  41.873 0.0000000000
55804  -14.744  -6.486  43.223 0.0000000000
50351  -14.119  -9.857  44.396 0.0000000000
50355  -14.419  -9.385  43.711 0.0000000000
49082  -15.175  -11.127  42.942 0.0000000000
46480  -14.752  -12.366  42.599 0.0000000000
47779  -14.511  -11.903  42.996 0.0000000000
46467  -12.997  -13.227  44.740 0.0000000000
120589  -12.924  -14.285  44.953 0.0000000000
120581  -12.843  -14.916  45.531 0.0000000000
45192  -14.936  -13.281  46.200 0.0000000000
79098  -38.908  13.235  21.381 0.0000000000
80197  -38.777  13.725  20.791 0.0000000000
79109  -39.402  12.614  20.240 0.0000000000
72907  -40.417  7.540  24.920 0.0000000000
74304  -40.412  8.010  25.279 0.0000000000
72925  -40.173  7.469  24.456 0.0000000000
72939  -39.430  7.881  22.717 0.0000000000
74330  -39.811  8.797  23.182 0.0000000000
74345  -39.485  8.768  22.220 0.0000000000
70255  -39.030  6.006  19.928 0.0000000000
71615  -39.176  6.699  19.680 0.0000000000
74384  -39.110  8.597  19.668 0.0000000000
74370  -39.182  8.383  20.332 0.0000000000
74357  -39.136  8.692  20.750 0.0000000000
75609  -39.322  9.649  21.553 0.0000000000
75626  -39.209  9.787  20.622 0.0000000000
75661  -38.524  9.609  18.355 0.0000000000
76820  -39.023  10.765  19.356 0.0000000000
76840  -38.660  10.532  18.673 0.0000000000
78012  -39.061  11.375  18.893 0.0000000000
78033  -38.555  11.352  17.971 0.0000000000
73084  -37.160  8.151  15.881 0.0000000000
75705  -38.117  9.818  16.654 0.0000000000
74473  -36.085  8.145  14.794 0.0000000000
71718  -35.205  6.554  15.177 0.0000000000
73081  -34.802  7.004  15.155 0.0000000000
71793  -34.560  6.759  13.306 0.0000000000
73133  -34.719  7.335  13.780 0.0000000000
73157  -34.911  7.289  13.278 0.0000000000
73134  -35.424  7.461  13.528 0.0000000000
71794  -35.204  6.868  13.091 0.0000000000
69097  -34.003  4.220  10.790 0.0000000000
69074  -35.442  4.362  11.645 0.0000000000
69119  -35.482  3.816  9.878 0.0000000000
65233  -32.892  1.416  11.897 0.0000000000
64075  -32.199  0.591  11.049 0.0000000000
65266  -32.201  1.302  10.496 0.0000000000
66474  -32.220  2.245  10.775 0.0000000000
66492  -32.708  1.940  10.303 0.0000000000
65286  -33.333  1.162  9.101 0.0000000000
57289  -25.629  -3.868  34.779 0.0000000000
57277  -25.674  -3.686  35.295 0.0000000000
121776  -26.723  -4.024  36.434 0.0000000000
121777  -28.935  -1.631  37.647 0.0000000000
59878  -30.913  -1.848  36.665 0.0000000000
61202  -30.828  -1.615  36.887 0.0000000000
61194  -31.165  -1.413  37.126 0.0000000000
54623  -30.546  -6.421  28.147 0.0000000000
53230  -30.407  -6.633  27.497 0.0000000000
56002  -30.615  -5.710  29.782 0.0000000000
56003  -31.428  -5.350  29.744 0.0000000000
57377  -33.351  -4.713  30.578 0.0000000000
57376  -32.512  -4.686  30.730 0.0000000000
57341  -33.230  -3.851  32.166 0.0000000000
57342  -33.841  -3.952  32.263 0.0000000000
57449  -32.925  -4.272  25.687 0.0000000000
57448  -32.323  -4.733  26.015 0.0000000000
57423  -33.822  -4.617  27.359 0.0000000000
60005  -35.945  -2.145  27.786 0.0000000000
58737  -34.814  -3.091  27.128 0.0000000000
58738  -35.694  -2.881  27.759 0.0000000000
57396  -36.395  -4.171  29.116 0.0000000000
57411  -35.709  -4.167  28.186 0.0000000000
57395  -35.468  -4.494  29.166 0.0000000000
57394  -34.480  -4.808  29.304 0.0000000000
57379  -35.289  -4.812  30.189 0.0000000000
58649  -36.285  -4.078  33.242 0.0000000000
57344  -35.721  -4.346  32.181 0.0000000000
57318  -35.808  -4.359  32.804 0.0000000000
58648  -35.027  -4.332  34.006 0.0000000000
58627  -35.794  -3.702  34.321 0.0000000000
121842  -37.571  -1.355  34.407 0.0000000000
121848  -36.908  -1.214  34.708 0.0000000000
121831  -37.346  -0.603  34.708 0.0000000000
121832  -38.262  -0.752  33.626 0.0000000000
121836  -38.290  -0.126  33.706 0.0000000000
67397  -35.149  3.160  30.094 0.0000000000
49143  -17.590  -10.516  36.454 0.0000000000
51782  -20.556  -8.526  32.958 0.0000000000
50457  -19.611  -8.843  32.907 0.0000000000
50428  -19.352  -9.024  34.499 0.0000000000
49175  -18.530  -9.990  33.253 0.0000000000
49164  -18.715  -9.871  33.822 0.0000000000
49155  -18.823  -9.704  34.334 0.0000000000
50418  -18.603  -9.043  35.568 0.0000000000
51722  -18.672  -8.444  36.318 0.0000000000
51716  -18.556  -8.322  37.178 0.0000000000
53072  -19.091  -7.752  37.096 0.0000000000
121317  -20.972  -3.125  36.305 0.0000000000
121316  -20.947  -3.399  36.468 0.0000000000
61199  -20.981  -2.499  36.797 0.0000000000
122306  -41.538  14.739  18.489 0.0000000000
67826  -37.137  3.421  7.727 0.0000000000
67806  -38.202  3.605  8.451 0.0000000000
70463  -40.050  5.346  10.728 0.0000000000
71873  -40.394  6.417  8.507 0.0000000000
73211  -41.079  6.920  8.921 0.0000000000
73194  -42.348  7.999  10.742 0.0000000000
73176  -42.324  7.540  11.688 0.0000000000
73177  -42.759  8.434  11.956 0.0000000000
75750  -43.035  8.730  13.019 0.0000000000
74491  -43.106  9.032  12.472 0.0000000000
76936  -43.610  10.563  12.557 0.0000000000
78097  -44.018  11.693  12.644 0.0000000000
75872  -42.165  10.125  6.494 0.0000000000
77063  -41.760  11.029  6.882 0.0000000000
77013  -41.974  10.830  9.479 0.0000000000
81591  -45.932  14.108  -0.146 0.0000000000
81609  -46.264  14.859  -0.632 0.0000000000
81626  -46.211  14.930  -1.607 0.0000000000
80578  -45.822  13.334  -4.414 0.0000000000
81660  -46.417  14.807  -3.663 0.0000000000
82713  -46.857  15.609  -2.207 0.0000000000
83896  -47.253  16.074  -2.334 0.0000000000
82714  -47.206  16.012  -2.722 0.0000000000
83928  -47.009  16.393  -4.316 0.0000000000
83913  -47.011  16.412  -3.814 0.0000000000
84989  -48.214  16.834  -3.019 0.0000000000
83929  -47.392  16.873  -4.440 0.0000000000
80614  -46.683  14.392  -7.439 0.0000000000
82794  -46.933  15.786  -6.279 0.0000000000
83940  -47.353  16.408  -5.854 0.0000000000
85014  -47.859  17.332  -4.604 0.0000000000
85055  -48.920  17.415  -8.005 0.0000000000
85039  -49.192  17.466  -7.634 0.0000000000
61429  -34.983  -1.141  20.957 0.0000000000
60102  -30.416  -1.735  21.123 0.0000000000
60103  -31.200  -2.228  21.248 0.0000000000
61391  -32.822  -1.316  22.086 0.0000000000
61392  -33.723  -1.349  22.398 0.0000000000
67738  -36.000  3.837  11.361 0.0000000000
67739  -36.782  3.722  11.342 0.0000000000
67740  -37.726  3.704  11.293 0.0000000000
67761  -38.135  3.536  10.656 0.0000000000
80469  -46.266  13.898  3.288 0.0000000000
82589  -46.549  15.034  3.477 0.0000000000
84879  -47.312  17.177  3.120 0.0000000000
84894  -47.492  17.630  2.551 0.0000000000
85984  -47.338  18.468  2.503 0.0000000000
83790  -47.658  16.615  2.095 0.0000000000
83809  -47.973  16.277  1.123 0.0000000000
49142  -17.206  -11.095  36.862 0.0000000000
49122  -17.138  -10.485  38.108 0.0000000000
50397  -16.973  -10.089  38.597 0.0000000000
66409  -36.406  2.981  16.250 0.0000000000
67672  -36.054  3.371  15.225 0.0000000000
67692  -35.536  3.487  14.684 0.0000000000
69014  -35.851  4.326  14.922 0.0000000000
66430  -33.359  3.018  13.315 0.0000000000
61201  -23.851  -2.177  36.917 0.0000000000
59901  -32.632  -2.270  35.065 0.0000000000
62485  -33.819  -1.049  35.577 0.0000000000
63748  -34.312  -0.640  36.002 0.0000000000
62494  -34.260  -0.927  35.624 0.0000000000
121843  -35.495  -0.876  35.450 0.0000000000
62543  -34.040  0.123  28.639 0.0000000000
63842  -35.327  -0.079  28.848 0.0000000000
63825  -35.287  0.165  29.274 0.0000000000
63811  -36.499  0.601  31.382 0.0000000000
121845  -35.926  1.410  32.068 0.0000000000
121846  -35.557  1.543  32.829 0.0000000000
59875  -23.266  -2.655  35.252 0.0000000000
71923  -40.495  6.890  5.525 0.0000000000
73253  -41.015  7.330  5.834 0.0000000000
68794  -39.233  4.627  25.595 0.0000000000
68806  -39.491  4.418  24.748 0.0000000000
66260  -39.332  3.015  23.487 0.0000000000
67501  -39.072  2.852  22.929 0.0000000000
63985  -36.241  0.503  19.791 0.0000000000
63984  -35.748  0.449  19.220 0.0000000000
65157  -35.901  1.169  18.469 0.0000000000
64006  -35.190  0.888  17.628 0.0000000000
55949  -24.526  -5.631  32.275 0.0000000000
57334  -25.556  -4.671  32.725 0.0000000000
54562  -25.791  -5.304  32.068 0.0000000000
54563  -26.068  -5.306  31.996 0.0000000000
53189  -27.295  -6.992  30.433 0.0000000000
54587  -27.559  -6.596  30.933 0.0000000000
55989  -28.855  -5.810  30.935 0.0000000000
55972  -29.120  -5.573  31.496 0.0000000000
57338  -29.947  -5.080  32.593 0.0000000000
55973  -29.911  -5.486  31.548 0.0000000000
57357  -30.572  -5.246  31.940 0.0000000000
57358  -31.255  -4.999  31.581 0.0000000000
62662  -31.113  -0.325  23.877 0.0000000000
63902  -31.640  0.060  25.656 0.0000000000
63877  -31.910  -0.089  26.333 0.0000000000
65032  -31.897  0.356  26.195 0.0000000000
65033  -32.578  0.520  26.578 0.0000000000
65008  -34.198  1.573  27.468 0.0000000000
67481  -34.573  1.875  26.700 0.0000000000
63908  -37.059  0.866  25.277 0.0000000000
63907  -36.104  0.517  25.594 0.0000000000
66240  -37.788  2.341  25.822 0.0000000000
67483  -38.060  2.806  25.830 0.0000000000
67470  -38.127  3.844  26.179 0.0000000000
68805  -38.991  4.037  25.332 0.0000000000
54570  -22.956  -7.653  31.434 0.0000000000
54571  -23.501  -6.997  31.377 0.0000000000
75723  -38.026  10.228  16.078 0.0000000000
75724  -38.493  10.615  15.869 0.0000000000
122249  -40.265  7.346  14.499 0.0000000000
122273  -43.266  9.622  14.492 0.0000000000
76916  -43.933  9.963  14.549 0.0000000000
75737  -43.897  9.862  13.664 0.0000000000
75934  -43.044  9.330  4.211 0.0000000000
77113  -42.963  10.849  4.566 0.0000000000
79376  -43.170  11.978  5.239 0.0000000000
83740  -44.223  16.267  5.468 0.0000000000
82559  -43.646  15.486  5.728 0.0000000000
83739  -43.761  16.413  5.938 0.0000000000
84975  -48.246  17.252  -2.087 0.0000000000
70570  -37.955  5.907  3.666 0.0000000000
74674  -39.811  7.753  2.023 0.0000000000
73360  -40.478  7.628  1.561 0.0000000000
73361  -41.367  7.591  1.377 0.0000000000
73380  -41.712  7.753  0.688 0.0000000000
77173  -43.478  9.926  -0.052 0.0000000000
78336  -43.339  10.758  -0.542 0.0000000000
78337  -43.772  10.935  -0.290 0.0000000000
78356  -42.894  11.142  -2.372 0.0000000000
120658  -14.871  -13.038  42.147 0.0000000000
53039  -16.407  -7.381  41.029 0.0000000000
53032  -16.181  -7.954  41.275 0.0000000000
53031  -15.353  -8.083  41.915 0.0000000000
53021  -13.956  -8.047  44.535 0.0000000000
50346  -13.403  -9.712  45.109 0.0000000000
50350  -13.527  -10.417  44.834 0.0000000000
49075  -13.877  -11.536  44.058 0.0000000000
49067  -13.272  -10.990  45.201 0.0000000000
47764  -13.072  -11.916  45.599 0.0000000000
46461  -13.022  -12.594  45.689 0.0000000000
120577  -13.280  -13.326  46.156 0.0000000000
45190  -13.430  -12.685  46.212 0.0000000000
46459  -14.774  -12.273  46.446 0.0000000000
70203  -39.602  5.742  23.324 0.0000000000
71587  -39.312  7.040  21.914 0.0000000000
70293  -38.302  6.026  17.976 0.0000000000
71632  -38.919  6.870  19.160 0.0000000000
71654  -38.490  6.824  18.286 0.0000000000
74402  -38.965  8.673  18.770 0.0000000000
75684  -38.304  9.789  17.490 0.0000000000
71772  -33.775  6.101  14.147 0.0000000000
70403  -33.771  5.741  13.464 0.0000000000
69117  -34.162  3.870  10.277 0.0000000000
121792  -29.203  -2.357  37.283 0.0000000000
62473  -32.022  -1.414  37.211 0.0000000000
54648  -30.543  -6.199  25.977 0.0000000000
54634  -30.338  -6.551  26.418 0.0000000000
54635  -30.769  -6.022  27.047 0.0000000000
56027  -31.222  -5.954  28.040 0.0000000000
56015  -31.568  -5.484  28.745 0.0000000000
56004  -32.116  -5.267  29.393 0.0000000000
57392  -32.712  -5.140  29.973 0.0000000000
58794  -31.611  -3.166  23.891 0.0000000000
57475  -32.237  -3.431  24.256 0.0000000000
57450  -33.342  -3.572  25.463 0.0000000000
59966  -36.809  -2.281  28.970 0.0000000000
58720  -36.354  -2.940  28.404 0.0000000000
58702  -36.988  -3.298  29.279 0.0000000000
58689  -36.744  -3.869  29.867 0.0000000000
58677  -36.762  -3.965  30.708 0.0000000000
57363  -36.038  -4.575  31.047 0.0000000000
58650  -37.184  -3.058  33.584 0.0000000000
58629  -37.011  -2.782  34.126 0.0000000000
121823  -37.398  -2.266  33.960 0.0000000000
59928  -37.822  -1.865  33.817 0.0000000000
121835  -38.182  -0.651  34.369 0.0000000000
51744  -20.422  -7.956  34.327 0.0000000000
51761  -20.199  -8.557  33.756 0.0000000000
51743  -19.825  -8.404  34.655 0.0000000000
50427  -18.912  -9.267  34.852 0.0000000000
53107  -19.485  -7.954  35.788 0.0000000000
53073  -19.991  -7.480  37.176 0.0000000000
61179  -22.292  -1.777  37.747 0.0000000000
67845  -37.788  3.481  7.033 0.0000000000
69157  -38.735  3.986  8.142 0.0000000000
70494  -39.650  5.631  8.758 0.0000000000
73212  -41.510  7.805  9.378 0.0000000000
75767  -43.044  9.336  11.760 0.0000000000
75785  -43.037  9.511  11.355 0.0000000000
76954  -43.310  10.631  11.809 0.0000000000
78191  -41.518  11.903  7.244 0.0000000000
79299  -41.283  12.970  8.847 0.0000000000
80550  -45.225  13.375  -1.535 0.0000000000
81668  -46.066  13.882  -4.564 0.0000000000
80634  -46.988  13.686  -8.265 0.0000000000
82812  -47.122  15.626  -6.852 0.0000000000
82795  -47.314  16.135  -6.652 0.0000000000
85040  -49.955  17.749  -7.905 0.0000000000
83972  -49.631  17.210  -7.601 0.0000000000
83973  -50.260  17.104  -7.819 0.0000000000
63944  -37.848  0.860  23.601 0.0000000000
65094  -38.134  1.246  23.405 0.0000000000
63954  -37.458  0.743  22.545 0.0000000000
62701  -36.401  0.075  21.020 0.0000000000
62700  -35.701  -0.463  20.720 0.0000000000
62713  -35.554  -0.136  19.849 0.0000000000
53202  -26.390  -7.914  29.582 0.0000000000
51843  -27.983  -7.748  29.629 0.0000000000
51844  -28.826  -7.543  29.406 0.0000000000
61403  -29.300  -1.234  21.674 0.0000000000
62686  -29.982  -0.346  22.017 0.0000000000
62645  -32.345  -0.047  24.444 0.0000000000
63927  -33.417  0.494  25.157 0.0000000000
62648  -34.886  -0.171  24.744 0.0000000000
61377  -34.218  -1.235  23.105 0.0000000000
62649  -35.881  -0.152  24.612 0.0000000000
73136  -36.810  7.248  14.023 0.0000000000
71776  -36.950  6.526  13.777 0.0000000000
70405  -38.722  5.562  13.437 0.0000000000
70445  -37.599  4.866  12.320 0.0000000000
122239  -40.525  6.582  13.932 0.0000000000
71815  -40.570  6.237  13.055 0.0000000000
77135  -44.939  11.137  3.408 0.0000000000
78279  -44.742  11.615  3.946 0.0000000000
81507  -44.541  14.522  4.780 0.0000000000
81508  -45.479  14.548  4.281 0.0000000000
82560  -44.353  15.490  5.112 0.0000000000
83753  -44.718  16.286  4.851 0.0000000000
84844  -44.745  17.010  5.392 0.0000000000
85995  -47.550  18.546  1.804 0.0000000000
84945  -48.350  17.902  0.058 0.0000000000
83856  -47.904  16.780  -0.721 0.0000000000
47841  -16.068  -12.414  38.389 0.0000000000
67586  -38.137  4.314  19.470 0.0000000000
68885  -38.508  4.971  20.192 0.0000000000
68927  -38.320  5.299  18.407 0.0000000000
67650  -37.331  4.227  16.918 0.0000000000
68947  -38.058  5.263  17.707 0.0000000000
70310  -37.940  6.032  17.202 0.0000000000
70309  -37.559  6.121  16.529 0.0000000000
71674  -37.362  6.751  16.995 0.0000000000
71695  -36.946  6.680  16.264 0.0000000000
71720  -36.659  6.457  15.773 0.0000000000
70352  -35.248  5.952  14.955 0.0000000000
70379  -34.779  5.698  14.762 0.0000000000
69013  -34.876  4.740  14.637 0.0000000000
69012  -34.121  4.912  14.125 0.0000000000
70377  -33.787  5.566  14.110 0.0000000000
69035  -33.318  4.811  13.112 0.0000000000
67736  -32.504  3.815  11.515 0.0000000000
58608  -30.452  -2.929  36.270 0.0000000000
59888  -31.449  -2.196  36.211 0.0000000000
61203  -31.612  -1.542  36.620 0.0000000000
59889  -32.268  -2.053  35.757 0.0000000000
61204  -32.472  -1.499  36.195 0.0000000000
62474  -33.044  -1.360  36.871 0.0000000000
62488  -34.699  -0.917  36.044 0.0000000000
56065  -29.787  -5.915  25.233 0.0000000000
54649  -31.149  -6.003  26.177 0.0000000000
56039  -32.375  -5.138  27.101 0.0000000000
61354  -33.497  -1.536  26.071 0.0000000000
60053  -33.967  -1.927  25.382 0.0000000000
60028  -34.402  -1.898  26.218 0.0000000000
60004  -35.334  -2.145  27.145 0.0000000000
61306  -36.096  -1.748  28.096 0.0000000000
62564  -36.046  -0.641  28.634 0.0000000000
61286  -36.392  -1.355  28.568 0.0000000000
59982  -36.300  -2.184  28.305 0.0000000000
61271  -37.503  -1.987  30.226 0.0000000000
62519  -37.862  -0.170  32.361 0.0000000000
121847  -38.163  0.811  33.519 0.0000000000
51804  -20.894  -8.482  32.368 0.0000000000
53150  -21.709  -7.398  33.993 0.0000000000
53110  -21.571  -6.954  35.873 0.0000000000
54506  -21.173  -5.827  36.548 0.0000000000
121318  -21.420  -2.496  36.374 0.0000000000
121323  -22.502  -2.337  35.961 0.0000000000
61191  -22.526  -1.778  36.915 0.0000000000
70513  -39.825  5.469  7.602 0.0000000000
70514  -40.225  5.800  7.187 0.0000000000
78385  -43.917  11.434  -4.523 0.0000000000
80635  -47.919  14.245  -8.635 0.0000000000
81725  -48.159  14.869  -8.558 0.0000000000
84004  -48.826  16.528  -8.680 0.0000000000
83991  -49.019  17.138  -8.482 0.0000000000
84005  -49.471  16.828  -9.110 0.0000000000
51710  -17.865  -8.759  38.226 0.0000000000
53063  -18.405  -8.057  38.518 0.0000000000
54433  -17.209  -6.431  40.390 0.0000000000
71506  -40.269  6.950  25.653 0.0000000000
70179  -39.801  5.501  24.426 0.0000000000
68844  -39.302  4.924  22.385 0.0000000000
65103  -38.534  1.848  23.131 0.0000000000
66275  -38.442  2.289  22.514 0.0000000000
66296  -38.239  2.801  21.811 0.0000000000
66318  -36.831  1.705  20.337 0.0000000000
66319  -37.279  2.185  20.718 0.0000000000
67560  -38.273  3.982  20.402 0.0000000000
66396  -36.215  2.331  16.861 0.0000000000
66384  -36.155  2.018  17.438 0.0000000000
65196  -35.423  1.797  15.589 0.0000000000
65211  -35.094  1.788  15.104 0.0000000000
58642  -25.759  -3.828  34.066 0.0000000000
57290  -26.052  -4.379  34.618 0.0000000000
55916  -26.169  -4.670  33.939 0.0000000000
54585  -25.727  -6.213  30.901 0.0000000000
54574  -26.307  -6.045  31.832 0.0000000000
55969  -26.907  -5.772  32.029 0.0000000000
55970  -27.568  -5.737  31.829 0.0000000000
55935  -27.557  -5.539  33.077 0.0000000000
57312  -28.223  -5.202  33.410 0.0000000000
58643  -30.573  -4.137  34.126 0.0000000000
58644  -31.292  -4.019  33.754 0.0000000000
57315  -31.127  -4.639  33.323 0.0000000000
58646  -33.595  -3.269  33.705 0.0000000000
58807  -29.496  -3.163  22.301 0.0000000000
60091  -30.350  -2.931  23.171 0.0000000000
58793  -31.021  -3.069  23.396 0.0000000000
60068  -31.460  -2.627  24.621 0.0000000000
60051  -32.321  -2.199  25.354 0.0000000000
61389  -29.271  -1.676  22.621 0.0000000000
61375  -29.516  -1.831  23.581 0.0000000000
62661  -30.327  -1.109  24.027 0.0000000000
62660  -29.799  -1.415  23.740 0.0000000000
61365  -30.092  -1.801  24.668 0.0000000000
60049  -30.757  -2.096  25.108 0.0000000000
60050  -31.483  -2.180  25.368 0.0000000000
61353  -32.617  -1.460  25.869 0.0000000000
61304  -33.366  -0.747  27.160 0.0000000000
62582  -33.210  -0.487  27.361 0.0000000000
62560  -33.218  -0.167  27.685 0.0000000000
62542  -33.701  -0.027  28.501 0.0000000000
63823  -33.831  0.219  28.539 0.0000000000
64970  -34.390  1.456  29.707 0.0000000000
66116  -34.941  2.386  31.082 0.0000000000
66128  -34.712  2.392  30.055 0.0000000000
66143  -34.728  2.728  29.568 0.0000000000
67412  -34.645  3.276  29.309 0.0000000000
67427  -34.303  3.106  28.262 0.0000000000
68748  -34.632  3.921  28.741 0.0000000000
68750  -35.881  5.046  28.599 0.0000000000
70126  -36.255  5.268  28.475 0.0000000000
63905  -34.040  0.824  25.598 0.0000000000
65061  -34.396  1.481  25.901 0.0000000000
66239  -35.149  1.938  26.315 0.0000000000
65036  -36.052  1.476  26.230 0.0000000000
66218  -35.415  2.265  26.413 0.0000000000
67467  -35.071  3.088  26.783 0.0000000000
67451  -36.012  3.825  27.497 0.0000000000
70127  -36.845  5.360  27.992 0.0000000000
71503  -38.036  6.246  27.064 0.0000000000
51822  -21.029  -8.487  31.642 0.0000000000
121284  -21.770  -8.232  32.123 0.0000000000
121293  -22.440  -7.477  32.394 0.0000000000
121299  -22.780  -7.135  32.152 0.0000000000
121305  -22.858  -6.895  32.540 0.0000000000
121312  -24.097  -3.778  33.913 0.0000000000
79156  -38.733  12.848  17.616 0.0000000000
79189  -44.569  11.709  15.505 0.0000000000
73293  -41.165  7.907  4.541 0.0000000000
74599  -41.864  8.753  5.490 0.0000000000
75873  -42.162  10.558  6.104 0.0000000000
77112  -42.435  10.861  5.231 0.0000000000
77091  -42.125  11.008  5.906 0.0000000000
78212  -41.807  11.667  6.639 0.0000000000
81456  -41.263  14.843  8.029 0.0000000000
79377  -43.660  12.503  5.086 0.0000000000
80436  -43.142  13.531  5.808 0.0000000000
82558  -43.173  14.939  5.870 0.0000000000
81489  -42.831  14.374  5.980 0.0000000000
80435  -42.671  13.498  6.262 0.0000000000
81473  -42.274  14.339  6.650 0.0000000000
67804  -36.474  3.071  8.631 0.0000000000
67825  -36.415  2.682  7.515 0.0000000000
67844  -37.046  3.258  6.813 0.0000000000
69194  -37.956  4.447  5.457 0.0000000000
69195  -38.823  4.466  5.704 0.0000000000
70532  -39.281  4.612  5.877 0.0000000000
70546  -39.823  5.654  5.496 0.0000000000
70555  -38.550  5.849  4.195 0.0000000000
71921  -39.110  6.173  4.557 0.0000000000
71922  -39.836  6.489  5.092 0.0000000000
73270  -40.084  7.218  4.610 0.0000000000
73292  -40.451  7.680  4.158 0.0000000000
75936  -44.450  10.172  3.457 0.0000000000
74691  -42.494  8.178  0.280 0.0000000000
74676  -43.497  8.509  1.578 0.0000000000
75945  -44.606  9.848  2.920 0.0000000000
77145  -45.030  10.481  3.011 0.0000000000
77146  -45.395  11.196  2.765 0.0000000000
78308  -45.525  11.480  1.687 0.0000000000
78294  -46.089  12.194  2.143 0.0000000000
79416  -46.268  12.852  1.946 0.0000000000
80504  -46.532  13.440  1.253 0.0000000000
80519  -45.901  13.345  0.486 0.0000000000
80534  -45.225  13.239  -0.476 0.0000000000
50385  -17.128  -9.588  38.923 0.0000000000
50384  -16.692  -9.908  39.251 0.0000000000
51683  -16.599  -8.536  40.542 0.0000000000
51691  -16.383  -9.489  40.337 0.0000000000
50376  -16.396  -9.951  39.951 0.0000000000
49098  -16.105  -10.539  40.072 0.0000000000
49097  -15.791  -10.915  40.589 0.0000000000
54414  -15.343  -6.568  42.317 0.0000000000
54421  -15.074  -7.470  42.172 0.0000000000
53028  -14.876  -8.067  42.616 0.0000000000
51673  -14.161  -8.808  43.770 0.0000000000
51674  -14.557  -8.902  43.178 0.0000000000
51677  -15.095  -9.176  42.456 0.0000000000
50360  -15.201  -10.219  42.600 0.0000000000
49087  -15.239  -10.867  42.140 0.0000000000
47795  -15.272  -11.565  41.748 0.0000000000
47778  -13.980  -12.297  43.614 0.0000000000
120573  -13.335  -15.994  45.693 0.0000000000
120564  -13.423  -14.340  46.235 0.0000000000
120566  -14.287  -15.096  46.165 0.0000000000
81243  -38.847  14.225  21.067 0.0000000000
81257  -38.715  14.153  20.354 0.0000000000
74303  -39.899  8.684  25.275 0.0000000000
72924  -39.901  7.812  23.780 0.0000000000
71600  -39.349  6.942  20.919 0.0000000000
72968  -39.353  7.747  21.246 0.0000000000
71633  -39.193  7.137  19.618 0.0000000000
72983  -39.310  7.665  20.477 0.0000000000
77964  -39.425  11.747  21.651 0.0000000000
77977  -39.510  11.894  20.765 0.0000000000
76821  -39.306  10.341  19.989 0.0000000000
79122  -39.483  12.611  19.360 0.0000000000
78032  -38.071  11.694  17.387 0.0000000000
76883  -38.022  10.832  16.586 0.0000000000
75683  -38.184  10.051  17.093 0.0000000000
73057  -36.694  7.206  16.066 0.0000000000
73083  -36.370  7.554  15.658 0.0000000000
74456  -35.836  7.937  15.119 0.0000000000
73106  -34.571  7.144  14.651 0.0000000000
73108  -36.154  7.901  14.288 0.0000000000
73135  -36.383  7.418  13.827 0.0000000000
71795  -36.083  6.376  13.005 0.0000000000
69053  -35.851  4.901  12.396 0.0000000000
69052  -35.057  5.058  12.304 0.0000000000
67758  -35.615  3.917  11.051 0.0000000000
69099  -35.735  3.807  10.107 0.0000000000
64048  -34.103  1.254  13.495 0.0000000000
65234  -33.277  1.843  12.322 0.0000000000
66459  -32.831  2.573  12.015 0.0000000000
67755  -32.230  3.134  10.775 0.0000000000
67756  -33.228  3.680  10.788 0.0000000000
67778  -34.136  3.167  10.085 0.0000000000
66517  -33.736  1.296  8.848 0.0000000000
66495  -35.638  2.386  9.104 0.0000000000
121789  -26.248  -2.715  37.725 0.0000000000
121790  -27.472  -3.257  37.111 0.0000000000
58598  -30.114  -2.362  36.862 0.0000000000
59877  -30.185  -1.922  37.209 0.0000000000
51864  -28.942  -8.071  28.771 0.0000000000
51845  -29.251  -7.435  29.244 0.0000000000
54609  -29.792  -6.739  29.355 0.0000000000
54601  -30.062  -6.230  29.898 0.0000000000
55992  -31.006  -5.405  30.617 0.0000000000
57359  -32.168  -4.532  31.652 0.0000000000
58676  -32.851  -3.925  32.203 0.0000000000
59916  -34.400  -3.031  33.811 0.0000000000
57474  -32.094  -4.209  23.997 0.0000000000
57434  -32.148  -5.065  26.557 0.0000000000
57422  -32.927  -4.962  27.589 0.0000000000
58755  -34.548  -2.842  26.002 0.0000000000
57437  -34.501  -3.583  26.403 0.0000000000
57424  -35.024  -4.308  26.959 0.0000000000
58719  -35.964  -3.503  28.065 0.0000000000
57378  -34.286  -4.817  30.381 0.0000000000
57343  -34.754  -4.369  32.182 0.0000000000
57316  -34.556  -4.022  32.995 0.0000000000
59917  -34.701  -3.547  33.999 0.0000000000
121833  -34.920  -2.273  34.867 0.0000000000
121824  -36.598  -2.110  34.619 0.0000000000
121849  -36.525  -0.852  34.814 0.0000000000
47855  -17.262  -11.391  36.189 0.0000000000
50426  -18.682  -9.549  35.183 0.0000000000
50417  -18.454  -9.645  35.603 0.0000000000
51715  -17.996  -8.803  37.229 0.0000000000
53064  -18.888  -7.689  38.021 0.0000000000
61189  -21.060  -2.365  37.395 0.0000000000
69120  -37.837  3.387  9.718 0.0000000000
69122  -38.773  4.425  9.781 0.0000000000
69101  -39.047  4.635  10.361 0.0000000000
71816  -41.923  7.045  12.015 0.0000000000
71852  -41.101  6.557  9.718 0.0000000000
75752  -43.852  10.287  13.244 0.0000000000
74509  -43.194  9.378  12.374 0.0000000000
76937  -43.997  10.848  13.144 0.0000000000
74586  -41.945  9.073  6.317 0.0000000000
74575  -42.039  9.433  7.083 0.0000000000
77042  -41.563  11.252  7.675 0.0000000000
75847  -42.038  10.067  8.629 0.0000000000
76991  -42.236  10.438  9.877 0.0000000000
78136  -42.158  11.871  10.304 0.0000000000
76992  -42.432  10.928  10.406 0.0000000000
76969  -42.694  11.235  10.795 0.0000000000
81569  -47.103  14.537  0.839 0.0000000000
82655  -47.154  15.025  0.413 0.0000000000
82671  -47.544  15.914  -0.463 0.0000000000
82688  -47.575  16.162  -1.146 0.0000000000
81644  -45.750  14.180  -3.078 0.0000000000
83875  -47.798  16.788  -1.586 0.0000000000
82740  -47.276  16.280  -3.199 0.0000000000
85004  -47.888  17.193  -3.867 0.0000000000
85038  -48.482  17.411  -7.473 0.0000000000
85026  -48.666  17.541  -7.033 0.0000000000
45189  -13.099  -12.645  45.818 0.0000000000
45195  -13.062  -12.896  45.822 0.0000000000
46454  -14.254  -11.668  46.448 0.0000000000
46456  -13.160  -12.377  45.896 0.0000000000
46457  -13.401  -12.038  46.188 0.0000000000
46458  -13.869  -12.243  46.438 0.0000000000
46491  -14.965  -12.153  42.193 0.0000000000
46502  -15.147  -11.902  41.972 0.0000000000
47759  -13.044  -11.422  46.125 0.0000000000
47763  -13.115  -12.227  45.696 0.0000000000
47771  -12.944  -12.121  44.938 0.0000000000
47786  -14.876  -11.791  42.590 0.0000000000
49068  -13.636  -11.169  44.627 0.0000000000
49076  -14.519  -11.181  43.682 0.0000000000
50347  -13.646  -9.241  44.654 0.0000000000
50352  -14.549  -10.478  44.058 0.0000000000
50455  -18.508  -9.941  32.904 0.0000000000
51692  -16.622  -9.027  40.026 0.0000000000
51742  -19.306  -8.695  34.975 0.0000000000
51865  -29.308  -7.728  28.978 0.0000000000
53024  -14.166  -8.021  43.988 0.0000000000
53190  -27.859  -6.810  30.384 0.0000000000
53205  -29.161  -7.035  29.572 0.0000000000
53228  -29.279  -7.718  28.148 0.0000000000
54413  -14.737  -6.974  42.610 0.0000000000
54484  -21.309  -6.382  36.411 0.0000000000
54573  -25.723  -5.826  31.827 0.0000000000
54576  -27.822  -6.154  31.321 0.0000000000
54599  -28.914  -6.669  30.174 0.0000000000
55867  -21.193  -4.959  36.432 0.0000000000
55892  -21.195  -5.436  36.477 0.0000000000
55948  -24.175  -5.270  32.682 0.0000000000
55968  -25.397  -5.905  31.357 0.0000000000
55974  -30.618  -5.418  31.260 0.0000000000
55987  -25.215  -5.928  30.988 0.0000000000
56005  -32.709  -5.326  29.252 0.0000000000
56049  -30.166  -5.867  25.471 0.0000000000
57278  -28.567  -3.921  35.581 0.0000000000
57293  -29.660  -4.214  34.342 0.0000000000
57310  -25.934  -4.426  33.762 0.0000000000
57333  -24.822  -4.799  32.559 0.0000000000
57335  -25.936  -4.622  33.125 0.0000000000
57336  -28.513  -5.337  32.678 0.0000000000
57408  -32.816  -5.265  28.196 0.0000000000
57465  -33.058  -3.194  24.957 0.0000000000
58597  -20.876  -3.765  36.742 0.0000000000
58610  -35.974  -3.357  34.677 0.0000000000
58611  -36.096  -3.082  34.835 0.0000000000
58620  -25.691  -3.860  34.517 0.0000000000
58647  -34.329  -3.692  33.640 0.0000000000
58675  -32.621  -4.220  32.033 0.0000000000
58703  -37.552  -3.024  29.869 0.0000000000
58773  -34.203  -2.385  25.636 0.0000000000
58784  -31.882  -2.876  24.318 0.0000000000
58795  -32.135  -3.171  24.216 0.0000000000
59890  -35.650  -3.354  34.594 0.0000000000
59891  -35.741  -3.119  34.819 0.0000000000
59902  -33.512  -2.322  34.476 0.0000000000
60029  -34.881  -1.923  26.704 0.0000000000
60069  -31.930  -2.496  24.998 0.0000000000
61180  -22.664  -1.749  37.555 0.0000000000
61285  -35.928  -0.890  28.278 0.0000000000
61303  -33.140  -0.652  27.103 0.0000000000
61328  -32.954  -0.907  26.773 0.0000000000
61376  -29.772  -1.604  24.087 0.0000000000
61379  -35.433  -0.981  23.111 0.0000000000
61394  -35.373  -1.079  22.543 0.0000000000
61404  -30.115  -1.117  21.483 0.0000000000
62482  -35.120  -1.159  36.272 0.0000000000
62486  -34.152  -1.376  35.333 0.0000000000
62544  -35.734  -0.254  28.996 0.0000000000
62561  -33.461  -0.246  28.101 0.0000000000
62563  -35.360  -0.421  28.368 0.0000000000
62581  -32.987  -0.220  27.171 0.0000000000
62602  -31.826  -0.631  26.093 0.0000000000
62605  -34.240  -0.949  27.143 0.0000000000
62606  -34.425  -0.861  27.318 0.0000000000
63752  -33.747  -0.773  35.798 0.0000000000
63753  -34.261  -0.755  35.808 0.0000000000
63760  -34.000  -0.747  35.653 0.0000000000
63796  -34.653  1.201  30.725 0.0000000000
63839  -33.257  -0.002  27.993 0.0000000000
63841  -34.930  0.086  28.761 0.0000000000
63858  -33.117  0.040  27.544 0.0000000000
63879  -35.207  1.409  25.807 0.0000000000
63904  -33.587  0.744  25.643 0.0000000000
63929  -34.786  0.365  25.131 0.0000000000
63931  -37.796  1.095  24.689 0.0000000000
63942  -32.055  -0.026  24.456 0.0000000000
63945  -38.146  1.126  24.121 0.0000000000
63969  -36.027  0.055  19.943 0.0000000000
64954  -34.997  1.486  31.382 0.0000000000
64983  -33.838  0.505  28.505 0.0000000000
65060  -33.617  1.010  26.027 0.0000000000
65062  -35.037  1.706  26.002 0.0000000000
65063  -36.696  1.233  25.777 0.0000000000
65064  -37.464  1.572  25.610 0.0000000000
65065  -37.992  1.884  25.377 0.0000000000
65102  -38.032  1.432  22.854 0.0000000000
65111  -36.955  1.117  21.373 0.0000000000
65123  -37.286  1.744  21.262 0.0000000000
65158  -36.304  1.596  18.750 0.0000000000
66129  -34.883  2.729  29.853 0.0000000000
66163  -34.650  2.261  27.323 0.0000000000
66188  -34.593  1.833  27.329 0.0000000000
66238  -34.832  1.965  26.512 0.0000000000
66274  -37.860  1.803  22.205 0.0000000000
66444  -32.559  3.260  12.127 0.0000000000
66476  -36.898  2.841  10.134 0.0000000000
66496  -36.176  3.012  10.128 0.0000000000
67413  -34.990  2.969  29.734 0.0000000000
67448  -34.586  2.453  27.183 0.0000000000
67466  -34.650  2.527  26.866 0.0000000000
67482  -34.680  2.082  26.817 0.0000000000
67630  -38.096  4.848  18.116 0.0000000000
67693  -36.124  3.713  14.987 0.0000000000
67741  -38.274  3.891  11.087 0.0000000000
67760  -37.205  3.108  10.615 0.0000000000
67782  -37.812  3.294  10.098 0.0000000000
67877  -36.476  4.091  5.299 0.0000000000
68772  -36.109  4.445  28.010 0.0000000000
68773  -36.613  4.730  27.753 0.0000000000
69011  -33.779  5.123  13.663 0.0000000000
69050  -32.747  4.529  12.313 0.0000000000
69051  -33.181  4.872  12.486 0.0000000000
69055  -37.241  4.833  12.389 0.0000000000
69075  -36.350  4.296  11.883 0.0000000000
69121  -38.264  3.739  9.884 0.0000000000
69137  -37.849  3.506  9.361 0.0000000000
70111  -35.273  5.548  29.536 0.0000000000
70256  -39.298  6.427  20.534 0.0000000000
70328  -36.509  5.614  15.680 0.0000000000
70354  -36.481  6.052  15.584 0.0000000000
70378  -34.214  5.534  14.499 0.0000000000
70426  -38.060  5.106  12.510 0.0000000000
70443  -33.632  5.109  12.368 0.0000000000
70461  -38.549  4.630  11.461 0.0000000000
71529  -40.304  7.009  25.032 0.0000000000
71551  -40.183  7.186  24.688 0.0000000000
71694  -36.506  6.947  15.870 0.0000000000
71717  -34.608  6.687  15.006 0.0000000000
71746  -33.877  5.892  14.436 0.0000000000
71748  -34.770  6.267  14.929 0.0000000000
71773  -34.183  6.593  13.878 0.0000000000
71774  -35.453  7.204  13.260 0.0000000000
71872  -39.885  5.981  8.138 0.0000000000
72883  -40.367  7.560  25.493 0.0000000000
72906  -40.386  8.106  24.614 0.0000000000
72982  -39.165  7.979  19.949 0.0000000000
72996  -39.243  7.489  19.898 0.0000000000
73158  -35.129  7.307  13.232 0.0000000000
73337  -42.411  7.660  1.782 0.0000000000
73362  -42.139  7.662  1.217 0.0000000000
74283  -40.370  7.870  25.533 0.0000000000
74371  -39.276  8.228  20.839 0.0000000000
74508  -43.043  9.136  12.040 0.0000000000
74522  -42.868  8.974  11.570 0.0000000000
75608  -39.068  9.165  20.927 0.0000000000
75643  -39.250  9.694  20.045 0.0000000000
75706  -38.258  9.759  17.055 0.0000000000
75809  -43.044  10.478  10.893 0.0000000000
75917  -43.345  10.219  4.510 0.0000000000
77090  -41.945  11.234  6.379 0.0000000000
77133  -43.604  10.551  4.322 0.0000000000
77155  -45.278  10.822  2.291 0.0000000000
77993  -39.151  11.200  19.325 0.0000000000
78013  -39.515  12.039  18.944 0.0000000000
78055  -38.143  11.305  16.544 0.0000000000
78057  -44.299  10.802  15.256 0.0000000000
78084  -43.906  11.239  12.724 0.0000000000
78233  -42.111  11.661  6.231 0.0000000000
78398  -44.098  11.512  -5.081 0.0000000000
79086  -38.891  13.193  21.815 0.0000000000
79154  -37.958  12.072  17.264 0.0000000000
79172  -38.044  12.306  17.204 0.0000000000
79360  -43.405  12.961  5.649 0.0000000000
79399  -45.168  12.046  3.936 0.0000000000
79400  -45.554  12.589  3.584 0.0000000000
79431  -46.189  12.827  1.461 0.0000000000
79445  -44.773  12.204  0.203 0.0000000000
80185  -38.793  13.662  21.422 0.0000000000
80186  -38.917  13.333  21.070 0.0000000000
80198  -39.062  13.289  20.561 0.0000000000
80210  -38.777  13.703  20.265 0.0000000000
80533  -44.867  12.970  -0.680 0.0000000000
81271  -38.654  13.918  19.914 0.0000000000
81547  -47.426  15.072  1.572 0.0000000000
82591  -47.482  16.083  2.498 0.0000000000
82635  -47.264  14.913  0.700 0.0000000000
83989  -48.011  16.800  -7.683 0.0000000000
84878  -46.977  17.703  3.393 0.0000000000
84893  -47.259  18.175  2.870 0.0000000000
84925  -48.298  17.864  0.303 0.0000000000
84944  -48.278  17.570  -0.153 0.0000000000
85037  -48.003  17.408  -7.275 0.0000000000
86012  -48.334  18.147  0.138 0.0000000000
86035  -48.369  18.069  -0.116 0.0000000000
120568  -13.016  -15.416  45.847 0.0000000000
120572  -13.084  -15.605  45.534 0.0000000000
120579  -13.664  -13.791  46.294 0.0000000000
120580  -13.165  -12.803  45.986 0.0000000000
120586  -13.370  -17.243  45.379 0.0000000000
120587  -13.452  -17.344  45.503 0.0000000000
120588  -13.265  -15.947  45.423 0.0000000000
120602  -13.454  -17.075  45.452 0.0000000000
121283  -21.623  -8.178  32.483 0.0000000000
121285  -22.222  -7.699  32.425 0.0000000000
121292  -22.389  -7.434  32.634 0.0000000000
121298  -22.699  -7.074  32.595 0.0000000000
121782  -26.108  -3.955  35.720 0.0000000000
121785  -29.554  -1.874  37.447 0.0000000000
121822  -36.774  -2.473  34.419 0.0000000000
121825  -37.098  -1.943  34.436 0.0000000000
121827  -37.604  -1.807  34.028 0.0000000000
121841  -36.531  -1.568  34.718 0.0000000000
121852  -34.930  1.829  31.521 0.0000000000
