#!ascii label  , from subject sub-NDARAG610XL4 vox2ras=TkReg
958
61426  -32.620  -2.546  20.638 0.0000000000
51896  -23.532  -9.021  26.022 0.0000000000
57517  -28.830  -5.073  20.497 0.0000000000
78354  -36.953  11.551  -2.779 0.0000000000
80628  -40.777  14.087  -8.494 0.0000000000
54607  -15.730  -6.924  27.852 0.0000000000
75964  -33.835  10.336  0.545 0.0000000000
62733  -34.263  0.025  17.328 0.0000000000
61402  -28.226  -1.352  21.163 0.0000000000
51877  -18.870  -7.344  26.318 0.0000000000
50505  -19.967  -9.254  30.641 0.0000000000
60195  -25.600  -2.426  16.556 0.0000000000
60214  -29.063  -2.589  15.076 0.0000000000
51946  -28.104  -8.157  23.743 0.0000000000
58865  -22.744  -2.337  18.941 0.0000000000
66586  -33.193  3.007  3.784 0.0000000000
71977  -36.443  6.449  2.416 0.0000000000
73377  -39.275  7.581  0.449 0.0000000000
46610  -14.316  -12.396  35.016 0.0000000000
44007  -12.156  -14.847  38.512 0.0000000000
61564  -28.882  -1.543  11.776 0.0000000000
64136  -30.013  0.083  9.381 0.0000000000
64203  -30.828  0.664  5.839 0.0000000000
47907  -17.477  -10.919  32.537 0.0000000000
51860  -24.724  -8.133  28.525 0.0000000000
51862  -27.016  -8.489  28.551 0.0000000000
60102  -30.416  -1.735  21.123 0.0000000000
56060  -21.719  -5.391  23.795 0.0000000000
121290  -21.268  -8.393  25.493 0.0000000000
121275  -22.022  -8.717  28.211 0.0000000000
64011  -24.750  -0.090  16.649 0.0000000000
60175  -25.281  -3.060  17.299 0.0000000000
70582  -31.095  5.268  2.798 0.0000000000
69241  -34.238  4.679  2.986 0.0000000000
71994  -32.683  6.921  1.932 0.0000000000
74699  -36.315  8.493  -0.816 0.0000000000
75989  -37.715  9.068  -2.110 0.0000000000
75975  -40.838  9.103  -0.938 0.0000000000
77194  -39.683  9.990  -2.918 0.0000000000
78381  -39.865  10.988  -4.811 0.0000000000
62764  -27.438  -0.580  14.402 0.0000000000
60245  -29.433  -2.287  13.363 0.0000000000
62795  -26.821  -0.907  12.581 0.0000000000
64176  -26.115  0.565  8.058 0.0000000000
65324  -27.026  1.301  7.070 0.0000000000
64180  -30.183  -0.160  7.421 0.0000000000
65343  -28.616  1.889  5.748 0.0000000000
66574  -29.931  2.873  4.725 0.0000000000
54702  -29.685  -7.119  22.283 0.0000000000
49184  -14.716  -10.028  31.922 0.0000000000
50475  -16.277  -10.309  30.447 0.0000000000
42826  -13.345  -16.809  40.064 0.0000000000
120614  -11.699  -17.752  42.575 0.0000000000
75943  -32.780  9.735  2.413 0.0000000000
62755  -34.281  0.425  15.693 0.0000000000
58819  -28.954  -3.294  21.488 0.0000000000
53227  -17.448  -6.651  26.877 0.0000000000
49237  -18.013  -9.475  28.812 0.0000000000
121268  -20.558  -9.469  28.643 0.0000000000
80653  -42.430  13.722  -9.878 0.0000000000
60156  -29.721  -2.995  18.695 0.0000000000
58890  -31.136  -3.427  17.525 0.0000000000
60197  -27.421  -2.914  15.755 0.0000000000
51965  -23.424  -8.078  23.508 0.0000000000
51920  -26.577  -8.976  25.359 0.0000000000
53296  -25.242  -7.717  22.933 0.0000000000
54719  -26.510  -6.464  21.763 0.0000000000
57515  -26.456  -5.485  20.575 0.0000000000
58818  -23.148  -3.883  21.083 0.0000000000
58849  -26.678  -4.008  19.954 0.0000000000
60131  -26.843  -3.021  19.636 0.0000000000
60133  -28.127  -2.477  19.257 0.0000000000
66553  -34.752  2.086  5.808 0.0000000000
73373  -34.975  7.931  0.481 0.0000000000
73357  -37.555  6.983  1.228 0.0000000000
78395  -41.511  11.357  -5.235 0.0000000000
45303  -13.491  -12.731  36.786 0.0000000000
43991  -15.277  -14.708  38.917 0.0000000000
58924  -31.976  -2.997  15.796 0.0000000000
60248  -32.145  -2.459  13.611 0.0000000000
61540  -32.504  -1.318  12.504 0.0000000000
62850  -25.682  -0.635  10.737 0.0000000000
64101  -29.459  -0.315  10.281 0.0000000000
64075  -32.199  0.591  11.049 0.0000000000
65266  -32.201  1.302  10.496 0.0000000000
65286  -33.333  1.162  9.101 0.0000000000
65327  -34.388  1.161  7.201 0.0000000000
65357  -32.453  1.838  4.703 0.0000000000
69206  -30.315  4.228  4.432 0.0000000000
51901  -28.781  -8.543  26.838 0.0000000000
49161  -13.851  -10.042  33.895 0.0000000000
46630  -15.521  -12.375  33.736 0.0000000000
49187  -18.076  -10.458  31.510 0.0000000000
39555  -9.419  -19.536  43.424 0.0000000000
51881  -24.512  -8.642  27.331 0.0000000000
51861  -25.929  -8.295  28.513 0.0000000000
51897  -24.488  -9.120  26.269 0.0000000000
60103  -31.200  -2.228  21.248 0.0000000000
51940  -22.638  -8.380  24.064 0.0000000000
53291  -20.835  -7.610  23.887 0.0000000000
51895  -22.629  -8.896  25.795 0.0000000000
51879  -22.689  -8.975  26.612 0.0000000000
71954  -31.182  6.383  3.464 0.0000000000
71973  -32.180  6.435  2.289 0.0000000000
73351  -31.775  7.564  2.197 0.0000000000
78353  -36.302  11.606  -2.203 0.0000000000
76004  -36.464  9.502  -2.477 0.0000000000
76005  -37.237  9.562  -2.781 0.0000000000
76006  -38.178  9.626  -2.602 0.0000000000
77192  -37.598  10.542  -3.242 0.0000000000
77207  -38.412  10.805  -3.939 0.0000000000
62778  -26.973  -0.645  13.523 0.0000000000
66537  -26.439  2.453  7.550 0.0000000000
65333  -28.224  1.411  6.229 0.0000000000
67840  -27.832  3.592  6.444 0.0000000000
67841  -28.390  3.624  5.934 0.0000000000
56115  -29.256  -5.809  21.101 0.0000000000
54685  -30.448  -6.655  23.457 0.0000000000
56094  -31.208  -5.218  23.042 0.0000000000
50527  -14.705  -8.662  29.984 0.0000000000
51837  -15.765  -8.225  29.213 0.0000000000
79544  -41.596  12.508  -7.510 0.0000000000
120662  -11.860  -17.104  41.097 0.0000000000
63983  -35.048  0.144  18.619 0.0000000000
62743  -34.244  0.238  16.331 0.0000000000
60100  -28.104  -2.346  21.269 0.0000000000
61389  -29.271  -1.676  22.621 0.0000000000
121314  -19.093  -5.822  24.800 0.0000000000
121321  -18.613  -4.969  25.516 0.0000000000
121320  -18.534  -4.214  26.404 0.0000000000
51857  -18.583  -8.305  27.655 0.0000000000
50548  -19.295  -8.869  27.924 0.0000000000
121279  -22.991  -8.388  29.310 0.0000000000
121272  -22.203  -8.656  29.229 0.0000000000
60155  -28.531  -3.238  18.193 0.0000000000
60178  -28.323  -3.533  17.201 0.0000000000
60196  -26.533  -2.682  16.066 0.0000000000
54661  -24.516  -6.073  24.151 0.0000000000
53295  -24.252  -7.469  23.183 0.0000000000
54683  -25.233  -6.524  23.378 0.0000000000
56092  -25.905  -6.053  22.752 0.0000000000
56112  -26.334  -5.931  21.853 0.0000000000
56113  -26.636  -6.317  21.404 0.0000000000
56110  -24.932  -5.213  21.654 0.0000000000
60114  -22.330  -2.169  20.011 0.0000000000
57534  -23.644  -4.152  19.657 0.0000000000
57512  -24.555  -4.923  20.171 0.0000000000
58847  -24.908  -4.100  19.060 0.0000000000
58832  -26.778  -3.393  19.831 0.0000000000
58869  -25.318  -3.621  18.673 0.0000000000
60176  -26.366  -3.058  17.217 0.0000000000
60154  -27.346  -2.849  18.236 0.0000000000
60134  -29.054  -1.985  19.394 0.0000000000
66565  -34.397  2.449  5.136 0.0000000000
67855  -35.597  3.041  5.526 0.0000000000
67874  -34.186  3.299  4.229 0.0000000000
70586  -34.930  5.343  2.531 0.0000000000
69226  -36.204  4.730  3.755 0.0000000000
75953  -33.508  9.851  1.064 0.0000000000
74671  -34.006  8.844  0.941 0.0000000000
75954  -34.152  9.361  0.590 0.0000000000
74700  -37.318  8.247  -0.583 0.0000000000
73375  -37.155  7.620  0.392 0.0000000000
73376  -38.189  7.359  0.502 0.0000000000
74673  -39.194  7.692  2.000 0.0000000000
78394  -40.470  11.265  -5.408 0.0000000000
78406  -40.057  11.642  -6.181 0.0000000000
79530  -40.297  11.997  -6.847 0.0000000000
46609  -13.575  -12.095  35.355 0.0000000000
46590  -13.127  -12.158  35.925 0.0000000000
46591  -14.111  -12.438  36.015 0.0000000000
45264  -15.809  -13.865  37.980 0.0000000000
120627  -15.155  -15.379  40.629 0.0000000000
58906  -29.795  -3.491  16.234 0.0000000000
58908  -31.572  -3.208  16.545 0.0000000000
58922  -30.495  -3.470  15.417 0.0000000000
60263  -29.407  -2.129  12.849 0.0000000000
60247  -31.164  -2.819  13.735 0.0000000000
60265  -30.722  -2.380  12.827 0.0000000000
61539  -31.238  -1.662  12.166 0.0000000000
65263  -25.023  1.444  10.680 0.0000000000
64158  -27.875  -0.525  8.345 0.0000000000
64134  -27.607  -0.673  9.240 0.0000000000
64135  -28.895  -0.299  9.612 0.0000000000
62855  -30.511  -0.161  10.466 0.0000000000
64103  -30.956  0.426  10.381 0.0000000000
64104  -31.664  0.769  10.504 0.0000000000
65283  -30.607  0.496  9.526 0.0000000000
64191  -30.454  0.129  6.525 0.0000000000
64162  -31.936  0.291  8.356 0.0000000000
64182  -32.162  0.080  7.427 0.0000000000
65305  -33.417  0.739  8.382 0.0000000000
64194  -33.221  0.569  6.635 0.0000000000
64206  -33.307  0.897  6.132 0.0000000000
65346  -31.209  1.249  5.322 0.0000000000
69190  -29.363  4.313  5.509 0.0000000000
67870  -30.126  3.559  4.567 0.0000000000
69191  -29.911  4.580  5.096 0.0000000000
51945  -27.432  -8.346  24.286 0.0000000000
51900  -27.775  -8.684  26.632 0.0000000000
53256  -28.067  -7.887  24.861 0.0000000000
47917  -15.797  -10.888  32.046 0.0000000000
47904  -15.046  -11.142  33.047 0.0000000000
46645  -16.404  -11.860  32.850 0.0000000000
49203  -19.407  -9.813  29.947 0.0000000000
49202  -18.789  -9.942  30.389 0.0000000000
50504  -19.048  -9.517  30.978 0.0000000000
53200  -24.671  -7.622  29.726 0.0000000000
53201  -25.661  -7.799  29.424 0.0000000000
51841  -26.394  -8.171  29.127 0.0000000000
51863  -27.989  -8.224  28.660 0.0000000000
61424  -28.965  -1.086  20.638 0.0000000000
61403  -29.300  -1.234  21.674 0.0000000000
57458  -21.288  -4.565  24.080 0.0000000000
54678  -20.361  -7.181  24.177 0.0000000000
121295  -20.533  -8.275  25.862 0.0000000000
121289  -20.494  -8.756  27.142 0.0000000000
121281  -21.448  -8.805  27.159 0.0000000000
51859  -23.220  -8.356  28.303 0.0000000000
61469  -25.093  -1.388  16.488 0.0000000000
61470  -25.996  -1.655  15.891 0.0000000000
61449  -22.638  -1.243  18.895 0.0000000000
58886  -23.475  -2.787  17.999 0.0000000000
61459  -24.300  -1.563  17.090 0.0000000000
67891  -32.172  3.687  3.257 0.0000000000
67893  -34.237  3.882  3.652 0.0000000000
69240  -33.194  4.540  2.653 0.0000000000
70585  -33.737  5.381  2.389 0.0000000000
71975  -34.220  6.159  1.951 0.0000000000
74697  -34.768  9.312  -0.446 0.0000000000
74715  -35.541  9.104  -1.419 0.0000000000
74717  -37.013  8.589  -1.653 0.0000000000
74719  -38.688  8.914  -1.018 0.0000000000
74703  -40.369  8.585  -0.430 0.0000000000
75991  -39.445  9.292  -1.387 0.0000000000
76008  -39.990  9.710  -2.131 0.0000000000
77195  -40.558  10.029  -2.702 0.0000000000
77208  -39.403  10.429  -3.648 0.0000000000
77217  -38.681  11.089  -4.468 0.0000000000
46593  -16.214  -12.681  35.705 0.0000000000
46592  -15.085  -13.061  36.038 0.0000000000
46573  -16.074  -12.685  36.722 0.0000000000
61488  -28.351  -1.579  14.603 0.0000000000
60229  -29.246  -2.463  14.318 0.0000000000
62780  -28.331  -1.324  13.802 0.0000000000
61519  -27.957  -1.344  13.118 0.0000000000
62822  -27.430  -1.372  11.821 0.0000000000
65302  -25.532  1.510  9.247 0.0000000000
66516  -25.901  2.446  8.219 0.0000000000
65323  -26.225  1.401  7.692 0.0000000000
64178  -28.000  0.108  7.358 0.0000000000
64160  -30.043  -0.200  8.399 0.0000000000
64189  -28.478  0.483  6.808 0.0000000000
64190  -29.274  0.375  6.488 0.0000000000
64202  -29.790  0.812  5.793 0.0000000000
65345  -30.202  1.556  5.324 0.0000000000
66561  -28.724  2.656  5.515 0.0000000000
53299  -28.726  -8.259  23.201 0.0000000000
53272  -28.458  -7.970  24.248 0.0000000000
53274  -30.174  -7.046  23.992 0.0000000000
50474  -15.657  -10.131  30.707 0.0000000000
49186  -16.622  -10.653  30.964 0.0000000000
42836  -12.984  -16.956  39.302 0.0000000000
43989  -10.898  -14.674  40.366 0.0000000000
120653  -11.636  -16.991  40.412 0.0000000000
120624  -10.665  -16.164  41.871 0.0000000000
41698  -10.330  -16.899  43.690 0.0000000000
64024  -34.474  0.752  15.076 0.0000000000
57497  -28.725  -4.092  20.694 0.0000000000
58821  -30.657  -4.111  22.030 0.0000000000
56035  -17.180  -4.569  27.333 0.0000000000
54608  -16.462  -6.800  27.603 0.0000000000
51838  -16.646  -8.054  28.917 0.0000000000
51856  -17.903  -7.935  27.848 0.0000000000
50530  -18.941  -9.404  28.654 0.0000000000
50531  -19.692  -9.657  29.096 0.0000000000
121270  -21.128  -9.078  28.096 0.0000000000
121267  -21.072  -9.299  29.313 0.0000000000
121274  -21.710  -8.344  31.532 0.0000000000
80629  -41.486  13.622  -8.990 0.0000000000
60136  -31.196  -2.694  19.589 0.0000000000
60158  -31.606  -3.021  18.813 0.0000000000
58871  -30.363  -3.571  18.145 0.0000000000
58905  -28.903  -3.452  16.073 0.0000000000
58919  -28.070  -2.762  15.482 0.0000000000
61471  -26.655  -1.937  15.647 0.0000000000
61486  -27.223  -1.526  15.442 0.0000000000
61487  -27.886  -1.528  15.055 0.0000000000
62752  -27.494  -0.577  15.230 0.0000000000
51941  -23.497  -8.532  24.209 0.0000000000
51918  -24.454  -8.969  25.240 0.0000000000
51966  -24.339  -8.325  23.545 0.0000000000
50623  -25.915  -9.376  23.590 0.0000000000
53298  -26.488  -8.312  23.069 0.0000000000
56080  -25.688  -6.154  23.155 0.0000000000
54700  -26.010  -6.732  22.395 0.0000000000
51977  -27.577  -8.259  22.455 0.0000000000
53333  -27.651  -7.763  21.634 0.0000000000
54735  -27.638  -6.482  20.901 0.0000000000
56136  -28.699  -5.700  20.652 0.0000000000
57495  -23.689  -4.466  21.563 0.0000000000
56131  -24.714  -5.341  20.769 0.0000000000
57538  -26.758  -5.028  20.159 0.0000000000
57516  -28.190  -4.567  20.136 0.0000000000
58834  -28.069  -3.285  20.515 0.0000000000
60117  -27.911  -2.622  20.723 0.0000000000
61401  -27.839  -1.622  20.568 0.0000000000
60153  -26.206  -3.196  18.491 0.0000000000
60132  -27.475  -2.601  19.450 0.0000000000
61423  -28.116  -1.111  20.296 0.0000000000
60118  -29.160  -1.277  19.991 0.0000000000
60135  -30.190  -2.419  19.549 0.0000000000
53315  -22.778  -7.244  23.075 0.0000000000
69208  -35.170  3.951  3.946 0.0000000000
73353  -32.884  7.650  1.641 0.0000000000
73354  -34.031  7.775  1.075 0.0000000000
73355  -35.372  7.297  1.269 0.0000000000
74685  -35.651  8.333  -0.088 0.0000000000
73356  -36.523  7.248  1.238 0.0000000000
73331  -36.941  6.825  1.912 0.0000000000
73332  -37.855  6.813  2.157 0.0000000000
78408  -41.901  11.619  -6.065 0.0000000000
79531  -41.267  12.034  -6.828 0.0000000000
81709  -40.156  13.927  -7.594 0.0000000000
47840  -12.483  -12.184  36.951 0.0000000000
45284  -12.405  -13.407  37.626 0.0000000000
45305  -14.891  -13.251  36.779 0.0000000000
44031  -14.856  -14.520  37.620 0.0000000000
44008  -12.916  -15.531  38.296 0.0000000000
42827  -14.211  -16.204  40.302 0.0000000000
60180  -31.802  -2.939  18.011 0.0000000000
58892  -32.290  -2.588  17.059 0.0000000000
61472  -32.627  -1.804  16.487 0.0000000000
58948  -30.858  -3.115  14.201 0.0000000000
60232  -32.232  -2.694  14.810 0.0000000000
61490  -33.183  -1.045  15.743 0.0000000000
61505  -33.102  -0.867  14.693 0.0000000000
62766  -33.609  -0.145  14.152 0.0000000000
62781  -33.496  0.067  13.094 0.0000000000
62821  -25.950  -0.971  11.794 0.0000000000
62851  -26.684  -1.311  10.735 0.0000000000
64132  -25.758  0.002  9.689 0.0000000000
62881  -27.218  -0.918  9.962 0.0000000000
62824  -28.982  -1.353  11.244 0.0000000000
61591  -30.251  -0.876  10.738 0.0000000000
62797  -32.512  -0.227  11.676 0.0000000000
64138  -31.443  0.423  9.000 0.0000000000
65285  -32.441  0.877  9.457 0.0000000000
65328  -34.854  1.607  6.900 0.0000000000
65349  -34.194  1.830  5.481 0.0000000000
65358  -33.222  2.057  4.710 0.0000000000
65355  -30.728  1.821  4.898 0.0000000000
66576  -31.684  2.581  4.363 0.0000000000
67872  -31.878  3.224  3.817 0.0000000000
69221  -30.946  4.652  3.000 0.0000000000
71953  -30.738  5.946  3.870 0.0000000000
51899  -26.718  -8.917  26.483 0.0000000000
51884  -27.896  -8.488  27.678 0.0000000000
53258  -29.371  -7.464  25.686 0.0000000000
47880  -14.206  -11.623  34.276 0.0000000000
50439  -14.237  -9.825  32.993 0.0000000000
47892  -14.716  -11.623  33.603 0.0000000000
46611  -15.376  -12.757  34.818 0.0000000000
46612  -16.345  -12.457  34.592 0.0000000000
50503  -16.940  -9.695  29.595 0.0000000000
49201  -17.411  -10.189  30.058 0.0000000000
49174  -18.203  -10.331  32.818 0.0000000000
120593  -12.350  -18.475  42.571 0.0000000000
120633  -10.202  -17.925  43.706 0.0000000000
40624  -9.168  -17.257  44.035 0.0000000000
60122  -32.684  -2.759  20.066 0.0000000000
60121  -31.831  -2.623  20.466 0.0000000000
51916  -22.660  -8.666  24.897 0.0000000000
51880  -23.468  -9.015  27.075 0.0000000000
73310  -31.479  7.244  3.557 0.0000000000
73328  -31.617  7.142  2.603 0.0000000000
74638  -31.506  8.027  3.195 0.0000000000
77191  -36.565  10.573  -2.472 0.0000000000
78364  -37.490  11.616  -3.487 0.0000000000
67823  -27.251  3.568  6.959 0.0000000000
56093  -30.667  -5.844  22.623 0.0000000000
57499  -30.293  -4.971  21.685 0.0000000000
53209  -15.120  -7.153  28.728 0.0000000000
53197  -15.789  -7.736  28.609 0.0000000000
80610  -40.801  13.397  -8.028 0.0000000000
80611  -42.017  12.913  -8.154 0.0000000000
63993  -34.893  0.369  17.824 0.0000000000
64006  -35.190  0.888  17.628 0.0000000000
60099  -27.767  -1.840  20.907 0.0000000000
61388  -28.665  -1.772  21.859 0.0000000000
60177  -27.541  -3.283  16.890 0.0000000000
54662  -25.128  -6.092  24.296 0.0000000000
57481  -24.768  -4.698  22.564 0.0000000000
56090  -25.422  -5.097  22.306 0.0000000000
56111  -25.805  -5.336  21.749 0.0000000000
58844  -22.697  -2.672  19.365 0.0000000000
58845  -23.181  -3.522  19.263 0.0000000000
58846  -23.990  -4.025  18.954 0.0000000000
58868  -24.524  -3.745  18.409 0.0000000000
66578  -33.713  2.682  4.411 0.0000000000
66579  -34.415  3.001  4.677 0.0000000000
70587  -36.005  5.786  2.666 0.0000000000
71955  -36.964  6.172  2.790 0.0000000000
73391  -38.611  7.765  -0.147 0.0000000000
73390  -37.821  7.779  -0.143 0.0000000000
73359  -39.610  7.517  1.388 0.0000000000
79529  -39.309  12.301  -6.517 0.0000000000
58921  -29.510  -3.123  15.187 0.0000000000
61537  -29.385  -1.799  12.352 0.0000000000
60264  -29.867  -2.286  12.807 0.0000000000
61538  -30.234  -1.781  12.127 0.0000000000
61565  -29.578  -1.407  11.415 0.0000000000
64102  -29.967  0.214  10.181 0.0000000000
65264  -30.592  0.704  9.896 0.0000000000
64192  -31.508  0.135  6.575 0.0000000000
64183  -33.014  0.291  7.421 0.0000000000
64193  -32.453  0.301  6.625 0.0000000000
64204  -31.837  0.656  5.907 0.0000000000
53271  -27.846  -8.032  24.692 0.0000000000
47906  -16.729  -11.539  32.345 0.0000000000
47894  -17.031  -11.353  33.396 0.0000000000
50478  -20.120  -8.755  32.036 0.0000000000
45283  -11.965  -13.231  38.017 0.0000000000
45263  -11.516  -13.375  38.561 0.0000000000
62722  -33.956  -0.889  18.740 0.0000000000
51840  -24.516  -7.889  29.221 0.0000000000
53213  -24.960  -7.866  29.141 0.0000000000
51882  -25.701  -8.597  27.469 0.0000000000
51842  -27.080  -8.159  29.496 0.0000000000
61425  -29.576  -1.316  21.071 0.0000000000
57459  -22.816  -4.331  24.836 0.0000000000
53255  -21.312  -8.182  24.818 0.0000000000
121302  -20.924  -8.071  25.093 0.0000000000
121308  -20.151  -7.569  25.093 0.0000000000
121301  -20.897  -8.254  25.488 0.0000000000
51878  -21.543  -8.764  26.634 0.0000000000
51858  -22.407  -8.845  27.425 0.0000000000
51839  -23.786  -8.064  29.568 0.0000000000
62738  -25.053  -0.495  16.481 0.0000000000
61450  -23.056  -1.331  18.295 0.0000000000
64000  -24.505  0.388  17.277 0.0000000000
62731  -24.504  -0.614  16.778 0.0000000000
69222  -31.726  4.325  2.933 0.0000000000
69223  -32.473  4.120  2.812 0.0000000000
69239  -32.177  4.788  2.586 0.0000000000
70584  -32.678  5.468  2.367 0.0000000000
71974  -33.174  6.212  2.084 0.0000000000
75972  -34.816  9.684  -1.114 0.0000000000
75986  -35.236  10.070  -1.576 0.0000000000
74737  -37.081  9.078  -3.000 0.0000000000
74727  -36.536  8.821  -2.302 0.0000000000
74718  -37.911  8.802  -1.238 0.0000000000
75990  -38.505  9.290  -1.729 0.0000000000
77193  -38.728  10.058  -3.193 0.0000000000
76007  -39.098  9.668  -2.311 0.0000000000
77209  -40.272  10.317  -3.408 0.0000000000
78378  -37.709  11.891  -4.034 0.0000000000
62765  -28.150  -1.181  14.210 0.0000000000
62796  -27.499  -1.192  12.902 0.0000000000
61535  -28.035  -1.467  12.605 0.0000000000
64177  -26.904  0.291  7.651 0.0000000000
65325  -27.828  0.976  6.777 0.0000000000
65334  -29.014  1.211  5.924 0.0000000000
65344  -29.274  1.749  5.524 0.0000000000
53319  -28.775  -7.922  22.374 0.0000000000
53300  -29.373  -7.733  23.539 0.0000000000
53321  -29.812  -7.493  23.066 0.0000000000
56081  -30.688  -5.824  23.642 0.0000000000
50501  -14.955  -9.539  30.136 0.0000000000
42835  -11.666  -15.807  39.499 0.0000000000
120656  -12.478  -17.138  40.517 0.0000000000
120600  -12.223  -17.433  41.794 0.0000000000
120616  -11.544  -16.967  41.717 0.0000000000
120615  -11.498  -17.243  42.583 0.0000000000
120625  -11.144  -17.136  43.318 0.0000000000
64016  -34.556  0.883  15.970 0.0000000000
65182  -35.106  1.335  16.200 0.0000000000
65195  -34.902  1.359  15.413 0.0000000000
58820  -30.049  -3.752  21.736 0.0000000000
121300  -17.872  -5.640  26.192 0.0000000000
56036  -17.931  -4.442  26.862 0.0000000000
54633  -17.307  -5.428  26.626 0.0000000000
54632  -16.725  -5.604  26.921 0.0000000000
53226  -16.947  -6.703  27.407 0.0000000000
53211  -17.194  -7.109  27.884 0.0000000000
121280  -21.162  -8.818  27.281 0.0000000000
121271  -21.630  -8.962  28.708 0.0000000000
121277  -22.415  -8.458  30.549 0.0000000000
121269  -21.774  -8.558  30.623 0.0000000000
60157  -30.743  -3.068  18.783 0.0000000000
58870  -29.535  -3.603  17.919 0.0000000000
58887  -28.358  -3.519  16.632 0.0000000000
58888  -29.042  -3.802  17.068 0.0000000000
58904  -28.126  -3.255  15.996 0.0000000000
62739  -25.787  -0.588  16.153 0.0000000000
62750  -26.378  -0.911  15.766 0.0000000000
62741  -27.251  -0.090  15.831 0.0000000000
51942  -24.383  -8.841  24.289 0.0000000000
51967  -25.286  -8.986  23.413 0.0000000000
51968  -26.255  -9.014  23.300 0.0000000000
53297  -26.025  -8.207  23.013 0.0000000000
54701  -26.384  -7.272  22.144 0.0000000000
53318  -26.754  -7.815  22.455 0.0000000000
54720  -26.943  -6.868  21.418 0.0000000000
56134  -26.902  -5.885  20.776 0.0000000000
54734  -27.363  -6.298  20.831 0.0000000000
56135  -27.970  -5.813  20.471 0.0000000000
56154  -27.400  -5.588  20.354 0.0000000000
60098  -22.407  -2.366  21.022 0.0000000000
61400  -22.368  -1.533  21.625 0.0000000000
58817  -22.697  -3.204  21.510 0.0000000000
58803  -22.786  -3.191  22.028 0.0000000000
56109  -24.157  -5.066  21.172 0.0000000000
56130  -24.236  -5.051  20.610 0.0000000000
57537  -25.987  -4.602  20.010 0.0000000000
57513  -25.322  -5.138  20.264 0.0000000000
58850  -27.434  -4.181  19.979 0.0000000000
60115  -27.068  -3.018  20.033 0.0000000000
60116  -27.617  -2.474  20.346 0.0000000000
60174  -24.093  -2.767  17.477 0.0000000000
60152  -24.964  -3.393  17.976 0.0000000000
61437  -27.966  -2.065  19.694 0.0000000000
61422  -27.817  -1.801  20.020 0.0000000000
61439  -28.684  -1.175  19.890 0.0000000000
54660  -23.747  -6.018  23.858 0.0000000000
54681  -23.047  -6.428  23.325 0.0000000000
53294  -23.183  -7.317  23.078 0.0000000000
65337  -35.008  1.889  6.451 0.0000000000
67856  -36.414  3.541  5.613 0.0000000000
69176  -36.838  3.546  6.162 0.0000000000
67907  -34.136  4.284  3.299 0.0000000000
69225  -35.034  4.466  3.503 0.0000000000
75942  -32.488  9.126  2.611 0.0000000000
74651  -32.092  8.667  2.510 0.0000000000
74670  -32.884  8.755  1.584 0.0000000000
71996  -34.520  6.867  1.489 0.0000000000
74698  -35.306  8.890  -0.884 0.0000000000
73374  -36.055  7.814  0.593 0.0000000000
74653  -38.989  7.634  2.399 0.0000000000
75974  -40.082  9.032  -0.905 0.0000000000
78382  -41.072  10.845  -4.220 0.0000000000
79542  -39.830  12.644  -7.173 0.0000000000
79543  -40.595  12.561  -7.461 0.0000000000
46569  -12.621  -12.081  36.521 0.0000000000
46570  -12.847  -12.399  36.636 0.0000000000
46556  -12.481  -12.708  37.204 0.0000000000
45285  -13.331  -13.296  37.276 0.0000000000
46572  -15.528  -13.044  36.993 0.0000000000
45287  -15.349  -13.732  37.311 0.0000000000
44010  -15.273  -14.514  38.210 0.0000000000
44030  -13.802  -14.522  37.743 0.0000000000
44009  -14.426  -15.467  38.589 0.0000000000
60179  -31.289  -3.287  18.320 0.0000000000
60159  -32.377  -2.706  18.569 0.0000000000
58923  -31.341  -3.395  15.673 0.0000000000
58909  -32.181  -2.763  16.574 0.0000000000
61460  -32.793  -1.778  17.082 0.0000000000
60215  -32.441  -2.272  15.957 0.0000000000
61503  -28.980  -1.972  13.603 0.0000000000
60230  -29.837  -2.871  14.233 0.0000000000
60246  -30.150  -2.690  13.709 0.0000000000
60231  -31.740  -2.876  14.186 0.0000000000
61504  -32.734  -1.703  15.211 0.0000000000
61522  -32.661  -1.665  14.059 0.0000000000
61523  -33.156  -0.810  13.549 0.0000000000
61541  -33.165  -0.618  12.819 0.0000000000
64099  -25.370  0.389  10.842 0.0000000000
64072  -25.566  0.416  11.652 0.0000000000
61588  -25.545  -0.656  11.138 0.0000000000
64155  -25.487  0.813  9.530 0.0000000000
64156  -25.781  0.412  8.844 0.0000000000
62882  -28.153  -0.742  10.051 0.0000000000
62852  -27.866  -1.200  10.701 0.0000000000
62853  -29.023  -0.819  10.710 0.0000000000
61590  -29.888  -1.035  10.818 0.0000000000
64074  -31.578  0.245  10.740 0.0000000000
62826  -31.166  -0.430  10.727 0.0000000000
62827  -31.873  -0.259  11.234 0.0000000000
64059  -33.195  0.827  12.384 0.0000000000
64058  -32.769  0.683  11.729 0.0000000000
64161  -30.915  0.122  8.297 0.0000000000
65304  -32.630  0.540  8.590 0.0000000000
65306  -34.065  0.948  7.826 0.0000000000
66518  -34.560  1.396  8.316 0.0000000000
66539  -34.880  1.498  7.411 0.0000000000
65348  -33.384  1.377  5.496 0.0000000000
66563  -30.196  2.266  4.927 0.0000000000
66575  -30.700  2.600  4.587 0.0000000000
67871  -30.922  3.520  4.152 0.0000000000
67890  -31.293  3.925  3.427 0.0000000000
69207  -30.610  4.580  3.840 0.0000000000
70552  -30.489  5.503  4.198 0.0000000000
51919  -25.445  -9.271  25.332 0.0000000000
51885  -28.982  -8.016  27.742 0.0000000000
53273  -29.512  -7.324  24.443 0.0000000000
57483  -30.976  -4.633  22.440 0.0000000000
47879  -13.675  -11.467  34.873 0.0000000000
49152  -13.810  -10.565  34.324 0.0000000000
50454  -14.188  -9.514  32.335 0.0000000000
49172  -14.888  -10.460  32.499 0.0000000000
47893  -15.363  -11.777  33.119 0.0000000000
46629  -14.725  -12.328  34.186 0.0000000000
50546  -17.512  -8.555  28.860 0.0000000000
50529  -16.647  -8.934  29.464 0.0000000000
49220  -17.506  -9.527  29.138 0.0000000000
49188  -18.682  -9.813  31.160 0.0000000000
80652  -41.726  14.123  -9.481 0.0000000000
120619  -10.589  -19.119  42.982 0.0000000000
120663  -9.700  -19.353  43.680 0.0000000000
120659  -9.391  -17.802  44.308 0.0000000000
40630  -9.175  -18.782  44.058 0.0000000000
51963  -22.111  -7.827  23.460 0.0000000000
56076  -21.305  -5.983  23.463 0.0000000000
51939  -21.943  -8.163  23.854 0.0000000000
51915  -21.772  -8.391  24.745 0.0000000000
51894  -21.950  -8.689  25.512 0.0000000000
70566  -31.136  5.809  2.887 0.0000000000
70583  -31.694  5.555  2.537 0.0000000000
71972  -31.479  6.278  2.680 0.0000000000
73329  -32.030  6.983  2.251 0.0000000000
71993  -32.261  6.947  2.143 0.0000000000
77180  -35.660  10.527  -1.965 0.0000000000
77206  -37.825  11.065  -3.671 0.0000000000
78365  -37.903  11.378  -3.950 0.0000000000
62763  -26.931  -0.190  14.133 0.0000000000
64046  -26.523  0.326  13.803 0.0000000000
64057  -26.272  -0.154  12.782 0.0000000000
66538  -27.063  2.532  7.019 0.0000000000
65332  -27.481  1.737  6.613 0.0000000000
66551  -27.599  2.576  6.469 0.0000000000
66552  -28.126  2.614  5.953 0.0000000000
54723  -29.807  -6.860  22.146 0.0000000000
54703  -30.137  -7.004  22.633 0.0000000000
56116  -30.044  -6.312  21.884 0.0000000000
50528  -15.499  -8.951  29.610 0.0000000000
50502  -16.183  -9.958  29.837 0.0000000000
79532  -42.274  12.135  -6.676 0.0000000000
79545  -42.689  12.395  -7.480 0.0000000000
120626  -13.184  -16.871  40.788 0.0000000000
120601  -13.088  -16.855  41.791 0.0000000000
120583  -12.732  -17.234  42.254 0.0000000000
120594  -12.485  -17.888  42.565 0.0000000000
64005  -34.829  0.885  16.975 0.0000000000
58806  -28.995  -3.043  22.086 0.0000000000
60089  -28.902  -2.552  22.198 0.0000000000
61375  -29.516  -1.831  23.581 0.0000000000
57444  -19.821  -4.392  24.868 0.0000000000
58763  -19.972  -3.281  26.760 0.0000000000
53212  -17.834  -7.291  27.242 0.0000000000
121273  -20.234  -9.377  28.098 0.0000000000
121278  -22.792  -8.527  30.110 0.0000000000
54682  -24.038  -6.644  23.485 0.0000000000
57473  -25.608  -5.264  23.311 0.0000000000
56091  -25.767  -5.495  22.630 0.0000000000
56133  -26.167  -5.611  21.053 0.0000000000
61421  -22.373  -1.389  20.599 0.0000000000
58830  -22.742  -3.142  20.331 0.0000000000
58831  -23.117  -3.999  20.115 0.0000000000
57511  -23.777  -4.576  20.470 0.0000000000
57535  -24.325  -4.427  19.631 0.0000000000
57536  -25.191  -4.558  19.686 0.0000000000
58848  -25.979  -3.774  19.436 0.0000000000
66566  -34.962  2.619  5.574 0.0000000000
67854  -34.807  3.011  5.147 0.0000000000
67875  -34.964  3.620  4.505 0.0000000000
69242  -34.817  4.872  3.017 0.0000000000
70567  -35.117  4.944  3.029 0.0000000000
70568  -35.710  5.097  3.102 0.0000000000
73372  -34.450  8.348  0.699 0.0000000000
74686  -36.625  8.165  -0.040 0.0000000000
73389  -37.388  7.959  -0.055 0.0000000000
73358  -38.662  7.256  1.533 0.0000000000
78393  -39.403  11.543  -5.659 0.0000000000
78407  -40.930  11.502  -6.180 0.0000000000
46571  -13.550  -12.516  36.408 0.0000000000
45304  -14.176  -12.868  36.735 0.0000000000
43990  -15.185  -15.069  39.763 0.0000000000
58907  -30.740  -3.468  16.432 0.0000000000
61521  -29.020  -1.950  12.976 0.0000000000
60266  -31.621  -2.282  12.864 0.0000000000
64131  -25.414  0.694  10.137 0.0000000000
64157  -26.726  -0.242  8.462 0.0000000000
62854  -29.945  -0.505  10.532 0.0000000000
65265  -31.362  1.138  10.097 0.0000000000
64181  -31.210  -0.048  7.444 0.0000000000
64163  -32.667  0.303  8.070 0.0000000000
65326  -33.711  0.690  7.327 0.0000000000
65335  -33.765  1.001  6.486 0.0000000000
64205  -32.762  0.767  5.979 0.0000000000
65347  -32.194  1.252  5.347 0.0000000000
67853  -29.586  3.588  5.057 0.0000000000
69192  -30.261  4.917  4.532 0.0000000000
51944  -26.315  -9.262  24.197 0.0000000000
51921  -27.704  -8.377  25.399 0.0000000000
51922  -28.595  -8.269  25.928 0.0000000000
49173  -15.528  -10.735  32.202 0.0000000000
47905  -15.737  -11.366  32.464 0.0000000000
46631  -16.419  -12.110  33.614 0.0000000000
49221  -18.473  -9.833  29.192 0.0000000000
50477  -19.125  -9.560  31.845 0.0000000000
62723  -34.430  -0.244  18.317 0.0000000000
62732  -33.846  -0.729  17.756 0.0000000000
53199  -24.097  -7.564  30.123 0.0000000000
53187  -25.286  -6.987  30.147 0.0000000000
53188  -26.511  -7.392  30.194 0.0000000000
53214  -25.304  -8.016  28.892 0.0000000000
53202  -26.390  -7.914  29.582 0.0000000000
58764  -21.061  -3.533  25.226 0.0000000000
57470  -20.798  -5.499  23.745 0.0000000000
56075  -20.424  -6.305  23.837 0.0000000000
57457  -20.071  -5.506  24.189 0.0000000000
56059  -19.753  -6.655  24.682 0.0000000000
121282  -21.023  -8.744  27.090 0.0000000000
121276  -21.615  -8.813  27.478 0.0000000000
60130  -22.544  -1.954  19.236 0.0000000000
58867  -23.707  -3.400  18.263 0.0000000000
58885  -23.342  -2.489  18.178 0.0000000000
60173  -23.548  -2.356  17.913 0.0000000000
61458  -23.615  -1.626  17.725 0.0000000000
60194  -24.808  -2.282  16.905 0.0000000000
67873  -32.617  3.191  3.615 0.0000000000
66587  -33.686  3.299  3.862 0.0000000000
67892  -33.192  3.634  3.220 0.0000000000
67906  -33.781  4.201  3.156 0.0000000000
71976  -35.373  6.449  2.050 0.0000000000
75965  -34.291  9.849  0.049 0.0000000000
75988  -36.092  9.106  -2.131 0.0000000000
74716  -35.966  8.767  -1.658 0.0000000000
74701  -38.298  8.272  -0.656 0.0000000000
74702  -39.366  8.403  -0.538 0.0000000000
74688  -39.987  8.111  0.085 0.0000000000
75992  -40.403  9.419  -1.496 0.0000000000
77220  -40.670  10.506  -3.774 0.0000000000
77219  -40.086  10.585  -4.075 0.0000000000
77218  -39.222  10.787  -4.356 0.0000000000
78380  -38.982  11.292  -4.891 0.0000000000
60228  -28.709  -1.974  14.501 0.0000000000
61502  -28.689  -1.652  14.068 0.0000000000
62779  -27.859  -1.104  13.619 0.0000000000
61520  -28.432  -1.575  13.293 0.0000000000
61536  -28.660  -1.666  12.489 0.0000000000
61563  -28.280  -1.527  11.982 0.0000000000
66515  -25.692  2.438  9.051 0.0000000000
65303  -25.761  1.461  8.452 0.0000000000
64159  -29.028  -0.280  8.443 0.0000000000
64179  -29.166  -0.047  7.473 0.0000000000
66562  -29.476  2.571  5.111 0.0000000000
67852  -28.981  3.612  5.453 0.0000000000
69175  -29.595  4.934  5.789 0.0000000000
51970  -27.848  -8.267  23.252 0.0000000000
54663  -29.650  -6.431  24.976 0.0000000000
54664  -30.193  -6.519  24.248 0.0000000000
50473  -14.536  -9.532  31.286 0.0000000000
50500  -14.415  -8.784  30.589 0.0000000000
49185  -15.519  -10.420  31.687 0.0000000000
47918  -16.244  -11.106  31.801 0.0000000000
47919  -17.125  -11.214  31.702 0.0000000000
51822  -21.029  -8.487  31.642 0.0000000000
44006  -11.425  -14.420  38.996 0.0000000000
120654  -10.128  -14.979  41.210 0.0000000000
120661  -11.458  -16.795  41.257 0.0000000000
41699  -10.130  -15.928  43.428 0.0000000000
77151  -33.304  11.067  1.957 0.0000000000
77162  -33.680  10.838  0.961 0.0000000000
64036  -34.325  1.037  14.159 0.0000000000
57498  -29.469  -4.429  21.035 0.0000000000
62685  -29.612  -0.882  22.511 0.0000000000
56034  -16.603  -5.246  27.454 0.0000000000
54598  -16.457  -7.282  27.915 0.0000000000
53198  -16.612  -7.597  28.340 0.0000000000
51855  -17.191  -7.815  28.424 0.0000000000
49236  -17.873  -9.138  28.887 0.0000000000
50547  -18.356  -8.906  28.560 0.0000000000
49222  -19.081  -9.789  29.677 0.0000000000
60137  -32.133  -2.850  19.467 0.0000000000
58872  -30.919  -3.490  18.261 0.0000000000
58889  -30.108  -3.641  17.212 0.0000000000
58920  -28.716  -2.866  15.525 0.0000000000
60211  -27.078  -2.293  15.592 0.0000000000
61485  -26.635  -1.367  15.629 0.0000000000
60212  -27.706  -2.219  15.391 0.0000000000
60213  -28.471  -2.259  14.982 0.0000000000
62753  -27.897  -1.080  14.700 0.0000000000
64021  -27.450  0.632  15.748 0.0000000000
51917  -23.532  -8.775  25.088 0.0000000000
51943  -25.225  -9.311  24.382 0.0000000000
50604  -25.732  -9.495  23.881 0.0000000000
50624  -26.200  -9.362  23.724 0.0000000000
51969  -26.918  -8.346  23.342 0.0000000000
56064  -25.482  -5.757  24.193 0.0000000000
54699  -25.409  -7.045  22.692 0.0000000000
54684  -25.683  -6.324  22.916 0.0000000000
53316  -25.650  -7.278  22.580 0.0000000000
53317  -26.006  -7.521  22.562 0.0000000000
51978  -28.290  -8.287  22.518 0.0000000000
51988  -28.453  -8.045  22.123 0.0000000000
53334  -28.542  -7.642  21.815 0.0000000000
54721  -28.259  -6.725  21.169 0.0000000000
56114  -28.588  -6.048  20.780 0.0000000000
57496  -24.285  -4.803  21.846 0.0000000000
56132  -25.477  -5.507  20.977 0.0000000000
57514  -26.029  -5.246  20.488 0.0000000000
56153  -27.149  -5.431  20.285 0.0000000000
57539  -27.510  -5.121  20.095 0.0000000000
58833  -27.257  -3.331  20.105 0.0000000000
60119  -29.743  -1.663  20.409 0.0000000000
60120  -30.727  -2.294  20.441 0.0000000000
56061  -22.503  -5.201  24.127 0.0000000000
56078  -23.106  -5.716  23.840 0.0000000000
54680  -22.045  -6.779  23.208 0.0000000000
51964  -22.605  -7.939  23.442 0.0000000000
67843  -36.339  2.863  6.339 0.0000000000
67876  -36.033  3.792  4.937 0.0000000000
74650  -31.678  7.930  2.309 0.0000000000
74669  -32.139  8.100  1.838 0.0000000000
71995  -33.567  6.905  1.614 0.0000000000
74684  -34.696  8.848  0.174 0.0000000000
73330  -36.112  7.050  1.946 0.0000000000
73311  -38.191  6.916  2.693 0.0000000000
73333  -38.557  7.321  2.422 0.0000000000
78409  -42.807  11.650  -5.983 0.0000000000
46555  -12.099  -12.782  37.668 0.0000000000
44029  -12.756  -14.297  37.876 0.0000000000
45323  -14.700  -12.972  36.484 0.0000000000
45286  -14.424  -13.704  37.228 0.0000000000
41722  -14.314  -16.151  41.094 0.0000000000
60138  -33.077  -2.666  19.274 0.0000000000
58891  -31.941  -2.917  17.233 0.0000000000
60181  -32.453  -2.364  17.603 0.0000000000
61461  -33.358  -1.314  17.301 0.0000000000
61473  -33.050  -1.348  16.543 0.0000000000
58934  -29.713  -2.956  14.536 0.0000000000
58935  -30.300  -3.172  14.457 0.0000000000
58936  -31.291  -3.284  14.660 0.0000000000
58947  -30.631  -2.961  14.028 0.0000000000
58937  -31.781  -3.229  15.215 0.0000000000
61489  -32.718  -1.579  15.994 0.0000000000
62742  -33.703  -0.633  16.623 0.0000000000
62754  -33.830  -0.118  15.357 0.0000000000
64023  -34.074  0.384  14.485 0.0000000000
64035  -33.968  0.564  13.697 0.0000000000
65232  -25.399  1.328  12.136 0.0000000000
64073  -26.014  -0.018  11.978 0.0000000000
62823  -28.413  -1.444  11.290 0.0000000000
62879  -25.839  -0.334  10.148 0.0000000000
64133  -26.531  -0.443  9.305 0.0000000000
62880  -26.298  -0.630  10.057 0.0000000000
61566  -30.606  -1.213  11.170 0.0000000000
61567  -31.715  -1.095  11.400 0.0000000000
62825  -30.511  -0.651  10.663 0.0000000000
61568  -32.256  -0.788  11.595 0.0000000000
62798  -33.064  -0.142  12.285 0.0000000000
64047  -33.728  1.077  12.955 0.0000000000
65247  -32.536  1.603  11.264 0.0000000000
64137  -30.714  0.236  9.089 0.0000000000
65284  -31.172  0.701  9.553 0.0000000000
66540  -35.550  1.956  7.238 0.0000000000
65336  -34.389  1.500  6.223 0.0000000000
66564  -33.806  2.039  5.009 0.0000000000
66577  -32.682  2.597  4.150 0.0000000000
65356  -31.481  1.795  4.759 0.0000000000
70565  -30.776  5.457  3.387 0.0000000000
71937  -31.346  6.955  4.236 0.0000000000
51898  -25.581  -9.085  26.429 0.0000000000
51883  -26.831  -8.749  27.586 0.0000000000
53257  -28.570  -7.805  25.098 0.0000000000
51902  -29.316  -7.846  26.718 0.0000000000
53242  -29.902  -7.200  26.609 0.0000000000
51886  -29.559  -7.618  27.221 0.0000000000
53228  -29.279  -7.718  28.148 0.0000000000
49162  -14.319  -10.534  33.478 0.0000000000
49153  -14.359  -11.057  33.982 0.0000000000
47881  -17.026  -11.730  34.482 0.0000000000
49200  -16.639  -10.302  30.325 0.0000000000
120611  -11.696  -18.297  42.590 0.0000000000
120609  -11.657  -18.800  42.380 0.0000000000
120630  -11.132  -18.551  42.942 0.0000000000
120620  -11.277  -17.988  43.248 0.0000000000
120634  -10.647  -17.402  43.653 0.0000000000
40625  -9.571  -17.215  43.950 0.0000000000
40634  -8.738  -19.128  43.212 0.0000000000
41709  -8.619  -18.536  42.935 0.0000000000
41703  -8.603  -18.268  43.437 0.0000000000
41696  -8.489  -17.895  44.044 0.0000000000
40626  -8.778  -17.799  44.510 0.0000000000
41694  -9.637  -16.393  43.760 0.0000000000
41697  -8.881  -17.096  43.754 0.0000000000
44028  -11.836  -14.036  37.992 0.0000000000
44032  -15.394  -14.223  37.715 0.0000000000
45322  -14.532  -12.833  36.322 0.0000000000
46589  -12.659  -12.019  36.282 0.0000000000
46644  -15.871  -12.103  33.007 0.0000000000
47853  -12.563  -12.132  36.720 0.0000000000
50605  -26.078  -9.529  23.858 0.0000000000
51923  -29.060  -8.079  26.266 0.0000000000
51987  -28.139  -8.214  21.924 0.0000000000
53210  -15.505  -7.251  28.299 0.0000000000
53241  -17.385  -6.056  26.471 0.0000000000
53243  -30.398  -6.832  27.038 0.0000000000
53270  -21.245  -8.031  24.317 0.0000000000
53292  -21.581  -7.620  23.511 0.0000000000
53293  -22.398  -7.391  23.224 0.0000000000
53301  -29.988  -7.285  23.536 0.0000000000
53314  -22.571  -7.202  23.103 0.0000000000
53320  -29.418  -7.580  22.592 0.0000000000
53335  -29.006  -7.516  22.152 0.0000000000
54597  -16.036  -7.607  28.026 0.0000000000
54620  -16.613  -6.359  27.082 0.0000000000
54621  -17.019  -6.116  26.648 0.0000000000
54631  -16.306  -5.797  27.262 0.0000000000
54679  -20.953  -6.960  23.476 0.0000000000
54697  -22.392  -7.073  23.126 0.0000000000
54698  -22.666  -6.992  23.002 0.0000000000
54722  -29.317  -7.006  21.805 0.0000000000
56077  -22.290  -5.896  23.597 0.0000000000
57471  -21.257  -5.336  23.724 0.0000000000
57480  -23.960  -4.441  22.257 0.0000000000
57484  -31.544  -4.381  23.081 0.0000000000
58866  -23.051  -2.708  18.542 0.0000000000
60149  -22.877  -1.948  18.696 0.0000000000
60150  -23.299  -2.075  18.273 0.0000000000
60151  -24.277  -3.480  17.879 0.0000000000
60198  -32.460  -2.255  16.799 0.0000000000
61436  -22.491  -1.278  19.677 0.0000000000
61438  -28.251  -1.647  19.726 0.0000000000
61561  -25.576  -0.522  11.343 0.0000000000
61562  -25.636  -0.708  11.488 0.0000000000
61589  -25.597  -0.468  11.304 0.0000000000
62820  -25.699  -0.353  11.592 0.0000000000
62849  -25.540  -0.254  11.196 0.0000000000
64100  -25.623  0.017  10.280 0.0000000000
66554  -35.365  2.385  6.169 0.0000000000
67842  -35.793  2.680  6.134 0.0000000000
67894  -34.842  3.944  3.872 0.0000000000
69224  -34.391  4.336  3.368 0.0000000000
69238  -31.472  4.897  2.698 0.0000000000
73352  -32.114  7.386  2.019 0.0000000000
74652  -32.516  9.101  2.247 0.0000000000
74654  -39.472  7.829  2.596 0.0000000000
74668  -31.831  7.754  1.992 0.0000000000
74672  -38.824  7.546  2.097 0.0000000000
74687  -37.146  8.056  -0.025 0.0000000000
74728  -37.155  8.846  -2.543 0.0000000000
74736  -36.771  8.916  -2.797 0.0000000000
75973  -35.314  9.295  -1.304 0.0000000000
75987  -35.645  9.540  -1.783 0.0000000000
76003  -35.912  9.918  -2.217 0.0000000000
76016  -36.794  9.156  -2.865 0.0000000000
76017  -36.944  9.352  -2.832 0.0000000000
77190  -36.125  10.138  -2.331 0.0000000000
120610  -12.146  -18.258  42.350 0.0000000000
120622  -10.845  -17.629  43.576 0.0000000000
120623  -11.400  -17.476  43.120 0.0000000000
120640  -13.006  -17.046  40.091 0.0000000000
120648  -9.808  -17.485  43.965 0.0000000000
121288  -20.850  -8.793  27.224 0.0000000000
121296  -21.322  -8.246  25.062 0.0000000000
121306  -20.679  -7.702  24.508 0.0000000000
