#!ascii label  , from subject sub-NDARAG610XL4 vox2ras=TkReg
1493
86108  -30.161  18.602  -8.012 0.0000000000
122909  -39.698  15.570  -21.277 0.0000000000
93696  -33.974  27.359  -2.313 0.0000000000
84089  -39.416  17.297  -14.456 0.0000000000
87076  -39.064  19.041  -5.232 0.0000000000
90256  -33.797  22.071  -16.319 0.0000000000
95369  -39.072  28.225  -15.035 0.0000000000
97705  -29.870  31.773  -14.643 0.0000000000
84938  -31.416  17.533  0.171 0.0000000000
82861  -33.640  16.083  -10.744 0.0000000000
84120  -34.921  17.143  -15.836 0.0000000000
88151  -32.407  20.230  -10.946 0.0000000000
96758  -35.492  31.481  -5.441 0.0000000000
94547  -38.831  27.848  -8.691 0.0000000000
96784  -36.542  30.404  -8.604 0.0000000000
93804  -33.393  26.785  -11.626 0.0000000000
100277  -33.450  34.692  -14.685 0.0000000000
85284  -37.052  17.550  -23.368 0.0000000000
89070  -26.062  21.622  -3.033 0.0000000000
91076  -31.561  23.363  -5.449 0.0000000000
89208  -43.158  21.054  -13.375 0.0000000000
85079  -39.621  17.687  -10.147 0.0000000000
81694  -34.361  14.428  -6.745 0.0000000000
82707  -32.861  15.593  -2.882 0.0000000000
86275  -36.766  18.208  -20.055 0.0000000000
122960  -35.710  22.140  -22.684 0.0000000000
92091  -34.908  24.286  -9.530 0.0000000000
92170  -37.434  25.404  -15.853 0.0000000000
93950  -36.031  25.792  -21.194 0.0000000000
93899  -33.386  26.598  -17.954 0.0000000000
93845  -30.539  26.204  -14.824 0.0000000000
85049  -31.773  17.559  -8.767 0.0000000000
85084  -32.538  17.695  -11.239 0.0000000000
87103  -31.686  19.485  -8.921 0.0000000000
100190  -34.524  34.282  -8.210 0.0000000000
98522  -36.529  32.222  -6.137 0.0000000000
99426  -35.462  33.589  -8.895 0.0000000000
98578  -34.407  32.607  -10.850 0.0000000000
83022  -38.512  15.696  -23.862 0.0000000000
91038  -24.194  23.180  -2.984 0.0000000000
91985  -26.487  24.023  -2.799 0.0000000000
85034  -38.836  18.083  -7.588 0.0000000000
82827  -37.069  15.524  -8.076 0.0000000000
83951  -37.121  16.306  -6.326 0.0000000000
83867  -31.302  16.553  -1.268 0.0000000000
83908  -26.343  15.581  -4.336 0.0000000000
86082  -24.855  17.959  -4.552 0.0000000000
83903  -22.521  16.534  -3.533 0.0000000000
85183  -39.882  17.557  -16.797 0.0000000000
87186  -33.681  19.506  -15.810 0.0000000000
85198  -35.960  17.999  -17.852 0.0000000000
88243  -34.644  20.031  -18.525 0.0000000000
122944  -36.100  20.035  -21.230 0.0000000000
90281  -35.055  21.642  -19.664 0.0000000000
92924  -32.615  25.383  -3.855 0.0000000000
91092  -33.247  23.997  -7.093 0.0000000000
92962  -34.465  25.578  -7.138 0.0000000000
94639  -40.942  28.126  -12.851 0.0000000000
93019  -38.680  25.785  -12.278 0.0000000000
93867  -39.027  27.177  -16.189 0.0000000000
93112  -36.697  26.271  -19.261 0.0000000000
94712  -37.863  27.770  -19.656 0.0000000000
93929  -35.148  26.230  -19.895 0.0000000000
95394  -36.278  28.302  -17.325 0.0000000000
96077  -31.206  29.454  -12.512 0.0000000000
93818  -31.134  26.813  -12.956 0.0000000000
95346  -29.402  28.610  -13.456 0.0000000000
94632  -28.195  27.369  -14.496 0.0000000000
96849  -27.875  30.335  -15.249 0.0000000000
82896  -36.377  15.615  -12.405 0.0000000000
84103  -36.941  16.819  -15.386 0.0000000000
84067  -34.086  16.678  -13.338 0.0000000000
86169  -33.035  18.411  -13.723 0.0000000000
89207  -32.596  21.026  -13.592 0.0000000000
95947  -35.589  29.608  -3.436 0.0000000000
93735  -36.246  27.237  -6.160 0.0000000000
95983  -37.644  30.082  -5.255 0.0000000000
96025  -39.859  29.815  -9.246 0.0000000000
95341  -39.303  28.627  -11.768 0.0000000000
94624  -36.456  27.204  -13.682 0.0000000000
95302  -35.346  28.733  -10.333 0.0000000000
96829  -33.007  31.010  -11.782 0.0000000000
99499  -31.350  32.961  -14.552 0.0000000000
86322  -35.621  19.048  -23.002 0.0000000000
88107  -27.797  20.734  -5.949 0.0000000000
89136  -30.000  21.319  -7.056 0.0000000000
90063  -28.835  22.734  -3.819 0.0000000000
91989  -29.750  24.643  -1.634 0.0000000000
94476  -30.791  27.265  -1.469 0.0000000000
92960  -30.082  25.571  -6.856 0.0000000000
94512  -32.713  27.522  -4.846 0.0000000000
86170  -41.219  18.723  -13.743 0.0000000000
86146  -41.469  19.256  -11.773 0.0000000000
85103  -39.000  17.321  -11.985 0.0000000000
82882  -37.306  15.799  -10.627 0.0000000000
82824  -33.939  15.247  -8.748 0.0000000000
87049  -38.618  19.255  -2.722 0.0000000000
86030  -34.263  18.553  -0.413 0.0000000000
84956  -36.082  17.736  -1.196 0.0000000000
84998  -36.891  16.856  -3.441 0.0000000000
82770  -33.756  14.877  -5.043 0.0000000000
85029  -28.598  17.715  -7.091 0.0000000000
122917  -40.603  16.681  -21.720 0.0000000000
85180  -37.088  17.389  -16.980 0.0000000000
122908  -38.808  16.658  -19.460 0.0000000000
85252  -38.662  16.648  -21.994 0.0000000000
86311  -37.609  18.441  -23.041 0.0000000000
122962  -36.872  20.261  -24.042 0.0000000000
89327  -37.005  21.321  -25.667 0.0000000000
89151  -32.187  21.802  -8.495 0.0000000000
90180  -33.542  22.533  -11.146 0.0000000000
91169  -34.271  23.726  -13.492 0.0000000000
92989  -36.747  25.520  -9.534 0.0000000000
93036  -36.425  24.771  -13.000 0.0000000000
91213  -34.894  23.815  -16.116 0.0000000000
91266  -35.553  23.817  -20.150 0.0000000000
91299  -37.409  24.833  -22.886 0.0000000000
91315  -35.591  24.049  -24.709 0.0000000000
93848  -33.689  26.457  -14.876 0.0000000000
93864  -32.288  26.268  -16.101 0.0000000000
92167  -30.453  24.549  -16.071 0.0000000000
93057  -28.547  24.833  -15.326 0.0000000000
93045  -27.161  25.474  -14.345 0.0000000000
85048  -31.126  17.678  -8.484 0.0000000000
86118  -32.083  18.451  -9.060 0.0000000000
87102  -31.233  19.165  -8.452 0.0000000000
100198  -35.145  34.484  -8.572 0.0000000000
100216  -34.981  34.552  -10.323 0.0000000000
81886  -38.908  15.335  -22.403 0.0000000000
86101  -38.693  18.398  -6.369 0.0000000000
85032  -37.778  17.397  -7.049 0.0000000000
85011  -38.085  17.776  -5.260 0.0000000000
82726  -26.166  15.076  -3.807 0.0000000000
82744  -24.769  15.850  -4.293 0.0000000000
85144  -39.908  17.681  -14.967 0.0000000000
85143  -39.276  17.349  -15.257 0.0000000000
89234  -33.549  20.941  -15.570 0.0000000000
87206  -34.464  19.539  -17.273 0.0000000000
89247  -34.108  21.080  -17.237 0.0000000000
89262  -34.461  20.856  -18.444 0.0000000000
90269  -34.395  21.982  -17.856 0.0000000000
93708  -33.618  26.589  -2.940 0.0000000000
92940  -33.535  25.515  -5.199 0.0000000000
93723  -34.800  26.550  -4.253 0.0000000000
95370  -39.999  28.519  -14.120 0.0000000000
94653  -40.056  27.537  -14.137 0.0000000000
94651  -39.160  27.680  -16.453 0.0000000000
93921  -38.880  27.391  -18.508 0.0000000000
96111  -39.657  29.161  -17.740 0.0000000000
95414  -36.983  28.434  -18.749 0.0000000000
95381  -38.175  28.806  -16.420 0.0000000000
96840  -30.491  30.315  -13.294 0.0000000000
95338  -30.701  28.794  -12.714 0.0000000000
96839  -29.364  30.590  -13.931 0.0000000000
95345  -28.603  29.056  -13.761 0.0000000000
97691  -29.071  31.264  -14.668 0.0000000000
82880  -35.141  15.822  -11.633 0.0000000000
82895  -35.477  15.842  -13.008 0.0000000000
84030  -34.296  16.190  -11.916 0.0000000000
87120  -32.398  19.311  -11.311 0.0000000000
86152  -32.696  18.404  -12.717 0.0000000000
88169  -32.448  19.908  -12.721 0.0000000000
88185  -32.581  19.863  -13.523 0.0000000000
89187  -32.450  20.660  -12.557 0.0000000000
96723  -36.137  30.392  -4.315 0.0000000000
95949  -37.038  30.006  -3.746 0.0000000000
96742  -36.711  31.061  -4.920 0.0000000000
97608  -36.521  31.374  -7.556 0.0000000000
123113  -38.674  30.538  -7.693 0.0000000000
123105  -38.539  29.831  -8.578 0.0000000000
96060  -39.557  29.737  -10.265 0.0000000000
95304  -37.750  28.956  -9.521 0.0000000000
94574  -37.179  28.223  -10.392 0.0000000000
95303  -36.304  28.719  -9.914 0.0000000000
99470  -34.321  33.364  -12.450 0.0000000000
97649  -33.717  31.499  -11.276 0.0000000000
98619  -33.281  32.557  -12.812 0.0000000000
98618  -32.559  32.259  -13.080 0.0000000000
100276  -32.593  34.137  -14.783 0.0000000000
85275  -36.633  17.169  -22.427 0.0000000000
89087  -27.387  21.376  -4.158 0.0000000000
89104  -27.982  21.499  -5.283 0.0000000000
90061  -27.333  22.263  -3.369 0.0000000000
92001  -27.158  24.688  -3.059 0.0000000000
91987  -27.894  24.693  -1.597 0.0000000000
92894  -28.384  26.002  -1.806 0.0000000000
93676  -30.321  26.462  -1.051 0.0000000000
92909  -29.338  26.302  -2.952 0.0000000000
92974  -29.849  25.972  -7.522 0.0000000000
93731  -31.579  26.549  -4.824 0.0000000000
94534  -32.741  27.637  -6.870 0.0000000000
95263  -33.714  28.423  -6.129 0.0000000000
95281  -32.687  28.617  -7.981 0.0000000000
87187  -41.877  19.728  -14.756 0.0000000000
88187  -42.190  20.163  -13.189 0.0000000000
87122  -41.391  19.968  -10.395 0.0000000000
86137  -40.234  18.395  -10.520 0.0000000000
86144  -40.287  18.165  -11.317 0.0000000000
84033  -39.242  17.202  -10.668 0.0000000000
84050  -37.953  16.221  -11.058 0.0000000000
84031  -37.889  16.296  -10.154 0.0000000000
82808  -35.455  14.854  -7.208 0.0000000000
82825  -35.082  14.981  -8.477 0.0000000000
82807  -34.353  14.614  -7.747 0.0000000000
86028  -32.730  18.180  0.093 0.0000000000
84954  -33.952  16.865  -1.155 0.0000000000
83870  -34.511  16.445  -1.557 0.0000000000
83893  -36.170  16.683  -2.029 0.0000000000
83892  -35.220  16.049  -2.515 0.0000000000
83909  -35.663  15.860  -3.776 0.0000000000
82734  -33.975  15.380  -3.647 0.0000000000
86092  -27.200  18.623  -6.247 0.0000000000
85017  -26.978  17.590  -6.000 0.0000000000
85278  -41.775  17.259  -23.022 0.0000000000
84102  -35.744  16.762  -15.452 0.0000000000
85160  -37.492  17.154  -16.183 0.0000000000
85159  -36.463  17.272  -16.138 0.0000000000
86259  -35.948  18.358  -18.926 0.0000000000
85218  -37.537  16.840  -19.016 0.0000000000
85235  -37.356  17.760  -19.998 0.0000000000
84166  -38.345  16.776  -20.296 0.0000000000
85251  -38.157  17.448  -21.513 0.0000000000
85266  -38.598  17.039  -22.649 0.0000000000
86290  -36.998  18.503  -20.789 0.0000000000
122953  -35.680  21.360  -22.324 0.0000000000
122959  -36.882  20.290  -22.956 0.0000000000
122963  -36.681  20.933  -23.628 0.0000000000
87306  -37.582  19.779  -25.486 0.0000000000
89316  -36.939  21.552  -24.362 0.0000000000
90119  -30.571  22.142  -6.490 0.0000000000
89137  -30.920  21.281  -7.599 0.0000000000
90135  -31.595  22.336  -7.412 0.0000000000
91124  -33.873  23.464  -8.584 0.0000000000
90166  -33.299  22.675  -9.241 0.0000000000
91148  -34.117  23.426  -10.241 0.0000000000
90187  -33.680  23.198  -11.901 0.0000000000
91155  -34.245  23.755  -11.693 0.0000000000
94535  -36.864  27.399  -7.519 0.0000000000
93752  -36.577  26.572  -7.683 0.0000000000
93763  -37.658  26.678  -8.808 0.0000000000
93038  -38.093  25.545  -13.880 0.0000000000
92124  -37.458  24.734  -12.976 0.0000000000
92148  -36.041  24.770  -14.495 0.0000000000
92147  -35.190  24.482  -14.494 0.0000000000
92191  -35.664  24.295  -16.689 0.0000000000
91243  -35.044  23.845  -17.667 0.0000000000
92214  -35.744  24.637  -18.011 0.0000000000
93131  -36.399  25.650  -20.904 0.0000000000
92236  -36.416  25.345  -20.617 0.0000000000
93146  -36.911  25.390  -22.729 0.0000000000
93163  -37.394  25.381  -25.256 0.0000000000
93154  -36.398  25.016  -23.849 0.0000000000
92272  -35.024  24.488  -23.202 0.0000000000
93137  -35.175  25.280  -21.805 0.0000000000
93917  -34.688  26.617  -18.905 0.0000000000
93120  -33.763  25.157  -19.744 0.0000000000
93822  -34.806  26.556  -12.652 0.0000000000
93850  -35.208  26.925  -14.170 0.0000000000
93034  -34.185  26.005  -13.300 0.0000000000
93830  -30.753  26.330  -13.853 0.0000000000
93846  -31.508  25.935  -14.800 0.0000000000
93863  -31.235  25.873  -15.637 0.0000000000
93060  -31.040  25.259  -16.152 0.0000000000
93862  -30.308  25.845  -15.454 0.0000000000
92166  -29.629  24.497  -15.710 0.0000000000
93861  -29.443  25.832  -15.330 0.0000000000
95366  -27.730  28.052  -14.846 0.0000000000
93842  -27.860  26.355  -14.334 0.0000000000
94630  -27.022  27.277  -14.626 0.0000000000
93840  -26.138  26.475  -14.623 0.0000000000
84011  -32.676  16.590  -10.030 0.0000000000
85078  -32.951  17.124  -10.924 0.0000000000
85077  -32.508  17.309  -10.262 0.0000000000
86127  -32.398  18.393  -9.812 0.0000000000
87112  -32.239  19.410  -10.272 0.0000000000
98483  -36.391  32.791  -4.704 0.0000000000
99413  -35.570  33.459  -7.246 0.0000000000
98533  -36.096  32.781  -7.489 0.0000000000
98542  -35.386  32.422  -8.698 0.0000000000
97626  -34.787  31.494  -9.274 0.0000000000
99435  -34.931  33.490  -10.030 0.0000000000
99451  -34.820  33.762  -11.307 0.0000000000
84194  -37.532  16.367  -24.220 0.0000000000
90041  -25.017  22.491  -2.436 0.0000000000
90043  -27.045  22.843  -2.702 0.0000000000
91024  -25.611  23.323  -2.704 0.0000000000
85052  -39.117  17.892  -8.197 0.0000000000
84000  -38.193  17.132  -8.845 0.0000000000
83986  -37.994  17.201  -8.198 0.0000000000
83966  -36.955  16.038  -6.965 0.0000000000
82790  -35.566  15.045  -6.176 0.0000000000
84951  -31.633  17.330  -0.643 0.0000000000
82705  -30.980  15.869  -2.250 0.0000000000
83921  -26.590  16.057  -5.062 0.0000000000
84997  -25.965  17.277  -4.987 0.0000000000
83920  -25.579  16.437  -4.749 0.0000000000
84982  -23.727  17.466  -4.209 0.0000000000
86209  -34.520  18.264  -15.928 0.0000000000
85179  -35.886  17.775  -16.885 0.0000000000
86225  -34.729  18.614  -16.762 0.0000000000
86241  -34.953  19.035  -17.802 0.0000000000
86273  -35.599  18.926  -19.309 0.0000000000
87258  -36.048  19.117  -20.454 0.0000000000
122934  -35.130  20.220  -19.397 0.0000000000
90288  -35.382  22.476  -20.468 0.0000000000
92029  -31.496  24.032  -4.846 0.0000000000
91077  -32.303  23.651  -5.829 0.0000000000
92042  -32.672  24.038  -5.848 0.0000000000
92056  -33.851  24.755  -7.458 0.0000000000
92073  -34.700  24.336  -8.418 0.0000000000
94577  -39.961  27.870  -11.074 0.0000000000
93789  -38.975  26.832  -10.953 0.0000000000
93826  -39.413  26.587  -12.756 0.0000000000
93049  -38.598  26.165  -14.527 0.0000000000
93078  -38.068  25.938  -16.342 0.0000000000
92192  -36.902  25.092  -17.154 0.0000000000
93901  -38.006  26.421  -18.227 0.0000000000
93919  -37.674  26.578  -19.071 0.0000000000
93942  -36.346  26.104  -20.659 0.0000000000
93941  -35.690  26.210  -20.653 0.0000000000
93930  -35.919  26.795  -19.840 0.0000000000
94696  -35.562  27.496  -18.840 0.0000000000
94678  -34.941  27.363  -17.782 0.0000000000
95340  -32.227  28.215  -11.922 0.0000000000
93820  -32.989  25.989  -12.397 0.0000000000
94613  -31.640  27.474  -12.321 0.0000000000
94623  -30.326  27.219  -13.330 0.0000000000
94622  -29.581  27.626  -13.698 0.0000000000
94633  -29.192  27.158  -14.486 0.0000000000
94621  -28.725  27.967  -13.903 0.0000000000
95354  -28.086  28.466  -14.359 0.0000000000
96097  -27.216  29.427  -15.350 0.0000000000
84071  -38.215  16.278  -13.318 0.0000000000
84087  -37.573  16.469  -14.568 0.0000000000
84069  -36.640  16.038  -14.046 0.0000000000
84085  -35.342  16.296  -14.523 0.0000000000
84101  -34.685  16.846  -15.080 0.0000000000
85102  -33.027  17.460  -12.601 0.0000000000
85120  -33.460  17.392  -13.607 0.0000000000
85157  -33.731  18.208  -15.090 0.0000000000
87167  -33.378  19.395  -14.997 0.0000000000
88200  -33.431  20.210  -15.247 0.0000000000
90238  -33.483  21.667  -15.296 0.0000000000
95212  -35.257  28.610  -2.353 0.0000000000
93724  -35.573  26.987  -4.442 0.0000000000
94508  -36.339  28.245  -4.065 0.0000000000
95265  -37.099  28.748  -6.074 0.0000000000
94545  -37.488  28.528  -7.584 0.0000000000
96759  -37.852  30.738  -6.302 0.0000000000
123102  -38.796  29.923  -6.920 0.0000000000
94548  -39.642  28.714  -8.984 0.0000000000
95291  -40.908  29.264  -10.589 0.0000000000
96063  -40.271  29.334  -12.373 0.0000000000
95349  -39.297  28.313  -13.647 0.0000000000
95355  -37.803  28.338  -14.942 0.0000000000
94617  -37.979  27.843  -12.124 0.0000000000
93807  -36.161  27.129  -11.830 0.0000000000
94594  -34.756  27.397  -11.171 0.0000000000
96023  -34.622  29.988  -10.183 0.0000000000
96059  -34.066  29.345  -11.165 0.0000000000
95320  -33.596  28.584  -11.414 0.0000000000
96828  -32.606  30.491  -11.959 0.0000000000
97683  -31.705  31.501  -12.927 0.0000000000
98630  -30.732  32.249  -14.166 0.0000000000
88126  -28.795  20.067  -7.138 0.0000000000
88127  -29.485  20.348  -7.286 0.0000000000
89120  -29.061  21.378  -6.241 0.0000000000
90102  -29.333  22.248  -5.489 0.0000000000
91074  -29.855  22.869  -4.870 0.0000000000
91042  -28.143  23.158  -2.796 0.0000000000
91043  -28.937  23.241  -2.850 0.0000000000
91045  -30.768  23.941  -3.760 0.0000000000
92004  -30.917  24.617  -2.700 0.0000000000
92897  -31.762  25.951  -1.784 0.0000000000
94467  -33.056  27.544  -1.509 0.0000000000
92027  -29.615  24.858  -4.884 0.0000000000
93719  -30.608  26.485  -3.731 0.0000000000
94504  -32.122  27.217  -3.526 0.0000000000
95210  -33.516  28.530  -2.105 0.0000000000
95223  -34.069  28.878  -3.408 0.0000000000
95980  -35.032  29.650  -5.027 0.0000000000
96757  -34.791  30.982  -6.011 0.0000000000
86193  -41.065  18.644  -14.523 0.0000000000
85122  -40.013  17.665  -13.832 0.0000000000
88161  -42.424  20.734  -11.774 0.0000000000
88170  -42.084  20.198  -12.314 0.0000000000
86155  -41.547  19.101  -12.378 0.0000000000
85105  -40.503  18.062  -12.747 0.0000000000
84052  -38.900  16.951  -12.690 0.0000000000
82898  -38.102  16.028  -12.470 0.0000000000
82881  -36.409  15.595  -11.125 0.0000000000
82863  -35.490  15.541  -10.296 0.0000000000
82865  -37.374  15.778  -9.613 0.0000000000
82843  -35.787  15.442  -9.189 0.0000000000
82841  -33.491  15.762  -9.811 0.0000000000
82823  -32.830  15.628  -9.033 0.0000000000
88045  -36.178  19.769  -0.955 0.0000000000
84940  -32.963  17.680  -0.590 0.0000000000
86031  -35.028  18.532  -0.769 0.0000000000
86048  -36.359  18.584  -1.193 0.0000000000
86065  -37.554  18.450  -2.235 0.0000000000
86077  -37.681  18.286  -3.049 0.0000000000
85000  -37.958  17.750  -4.300 0.0000000000
83925  -37.188  16.737  -4.740 0.0000000000
82756  -35.832  15.531  -4.865 0.0000000000
81676  -33.970  14.613  -5.841 0.0000000000
86106  -28.847  18.541  -7.202 0.0000000000
87082  -27.738  19.187  -6.480 0.0000000000
87067  -26.701  19.766  -5.191 0.0000000000
88081  -25.982  20.532  -3.563 0.0000000000
88068  -25.586  21.183  -3.058 0.0000000000
85256  -43.112  17.035  -22.457 0.0000000000
83009  -41.077  16.436  -21.761 0.0000000000
122918  -40.232  16.242  -21.644 0.0000000000
84104  -37.967  16.911  -15.434 0.0000000000
85182  -39.006  17.422  -16.956 0.0000000000
85199  -36.739  17.415  -17.907 0.0000000000
85219  -38.497  16.773  -18.559 0.0000000000
84142  -39.485  16.638  -19.709 0.0000000000
122910  -39.351  16.542  -20.331 0.0000000000
122913  -39.268  16.271  -21.361 0.0000000000
122915  -39.666  16.033  -21.784 0.0000000000
84185  -38.801  16.588  -23.479 0.0000000000
85286  -38.430  17.219  -24.138 0.0000000000
85285  -37.714  17.281  -24.092 0.0000000000
87283  -36.833  19.207  -21.611 0.0000000000
87292  -37.078  19.395  -22.658 0.0000000000
86323  -37.204  18.412  -23.559 0.0000000000
122956  -37.229  19.479  -24.909 0.0000000000
88311  -36.546  20.235  -25.456 0.0000000000
89325  -35.433  20.783  -24.844 0.0000000000
88129  -31.085  20.472  -8.090 0.0000000000
89160  -31.743  21.004  -8.911 0.0000000000
89161  -32.351  21.499  -9.257 0.0000000000
90151  -32.662  22.408  -8.309 0.0000000000
89162  -32.982  22.032  -9.393 0.0000000000
89179  -33.095  21.669  -11.337 0.0000000000
89188  -32.693  21.547  -12.404 0.0000000000
90199  -33.004  22.235  -13.227 0.0000000000
90239  -33.632  22.581  -15.022 0.0000000000
93742  -35.418  26.568  -5.892 0.0000000000
92058  -35.369  25.456  -7.715 0.0000000000
92107  -35.488  24.705  -10.092 0.0000000000
93005  -37.377  25.638  -11.056 0.0000000000
93017  -36.520  25.181  -11.531 0.0000000000
92115  -35.574  24.698  -11.164 0.0000000000
92130  -34.439  24.266  -12.975 0.0000000000
91170  -34.783  23.996  -14.159 0.0000000000
91212  -34.166  23.244  -15.688 0.0000000000
91230  -34.377  23.208  -17.037 0.0000000000
90289  -35.603  23.136  -21.141 0.0000000000
92215  -36.405  25.405  -18.564 0.0000000000
91277  -35.968  24.271  -20.872 0.0000000000
90313  -36.446  23.509  -22.581 0.0000000000
91328  -37.054  23.783  -24.989 0.0000000000
91326  -35.918  23.382  -25.373 0.0000000000
93130  -34.586  25.241  -20.660 0.0000000000
94650  -36.639  28.012  -15.492 0.0000000000
94648  -35.208  27.515  -15.806 0.0000000000
93880  -34.204  27.010  -16.876 0.0000000000
93832  -32.968  26.026  -13.653 0.0000000000
93865  -33.368  26.686  -15.931 0.0000000000
93878  -32.674  26.266  -17.184 0.0000000000
93076  -32.275  25.818  -17.236 0.0000000000
92211  -31.227  24.390  -17.141 0.0000000000
90253  -30.405  22.884  -17.136 0.0000000000
93843  -28.774  26.282  -14.958 0.0000000000
93046  -28.220  25.339  -14.934 0.0000000000
99524  -30.113  33.067  -16.355 0.0000000000
98643  -28.792  32.212  -15.796 0.0000000000
97715  -27.853  31.708  -15.868 0.0000000000
96848  -26.938  30.521  -15.962 0.0000000000
96096  -26.354  29.726  -16.080 0.0000000000
86116  -30.854  18.531  -8.354 0.0000000000
122911  -39.254  15.796  -21.875 0.0000000000
87077  -39.532  19.330  -5.602 0.0000000000
87084  -39.841  19.381  -6.545 0.0000000000
86094  -39.036  18.797  -5.814 0.0000000000
86093  -38.606  18.484  -5.433 0.0000000000
81654  -25.447  14.618  -3.303 0.0000000000
90255  -33.627  21.436  -15.865 0.0000000000
89246  -33.851  21.025  -16.282 0.0000000000
93722  -34.135  26.395  -3.730 0.0000000000
93709  -34.602  27.047  -3.098 0.0000000000
94652  -39.388  27.826  -15.555 0.0000000000
95382  -38.942  28.290  -16.510 0.0000000000
94666  -39.559  28.426  -17.468 0.0000000000
96110  -38.957  29.274  -17.887 0.0000000000
97681  -30.087  31.136  -13.850 0.0000000000
97692  -29.596  31.330  -14.365 0.0000000000
82879  -34.127  16.032  -11.275 0.0000000000
82878  -33.695  16.246  -11.221 0.0000000000
87128  -32.533  19.235  -12.226 0.0000000000
88159  -32.588  20.050  -11.899 0.0000000000
89178  -32.521  20.925  -11.619 0.0000000000
96741  -36.181  30.877  -5.070 0.0000000000
96724  -36.701  30.589  -4.416 0.0000000000
97580  -36.044  31.987  -4.578 0.0000000000
97618  -36.198  31.067  -8.168 0.0000000000
96765  -37.656  30.650  -8.235 0.0000000000
123106  -38.009  29.814  -8.540 0.0000000000
123111  -38.636  29.641  -9.006 0.0000000000
96041  -36.237  29.516  -9.408 0.0000000000
99490  -34.400  33.847  -13.222 0.0000000000
99469  -33.653  32.870  -12.711 0.0000000000
99489  -33.388  33.218  -13.410 0.0000000000
99501  -33.146  33.907  -14.224 0.0000000000
84183  -36.994  16.276  -23.353 0.0000000000
89071  -26.679  21.508  -3.520 0.0000000000
90060  -26.646  22.160  -2.997 0.0000000000
92002  -27.872  25.208  -3.088 0.0000000000
92907  -27.980  25.424  -2.329 0.0000000000
92921  -28.336  25.482  -3.025 0.0000000000
92908  -28.751  26.021  -2.439 0.0000000000
92922  -28.962  25.716  -3.384 0.0000000000
94533  -32.042  27.324  -7.291 0.0000000000
95273  -32.821  28.158  -7.337 0.0000000000
88189  -43.135  20.975  -13.971 0.0000000000
88201  -42.330  20.133  -14.140 0.0000000000
88188  -42.703  20.624  -13.515 0.0000000000
84032  -38.605  16.702  -10.667 0.0000000000
84015  -39.073  17.095  -9.889 0.0000000000
81707  -34.778  14.568  -7.163 0.0000000000
82806  -33.214  14.761  -8.193 0.0000000000
82789  -33.584  14.420  -7.366 0.0000000000
83869  -33.602  16.331  -1.632 0.0000000000
83891  -34.123  15.841  -2.227 0.0000000000
82709  -34.371  15.588  -2.955 0.0000000000
82708  -33.633  15.589  -2.933 0.0000000000
85009  -27.124  17.021  -5.898 0.0000000000
85018  -27.444  17.345  -6.330 0.0000000000
85237  -40.764  17.078  -19.921 0.0000000000
84121  -35.594  17.351  -16.107 0.0000000000
85234  -36.669  18.092  -19.674 0.0000000000
122946  -35.568  21.711  -22.263 0.0000000000
122947  -36.035  20.920  -22.464 0.0000000000
122965  -36.446  21.788  -23.570 0.0000000000
90104  -30.893  22.743  -5.795 0.0000000000
90120  -31.335  22.725  -6.320 0.0000000000
91125  -34.422  23.818  -9.196 0.0000000000
91138  -34.004  23.332  -9.573 0.0000000000
91139  -34.470  23.798  -9.963 0.0000000000
91149  -34.398  23.692  -10.792 0.0000000000
94546  -37.455  27.377  -8.140 0.0000000000
93764  -38.563  27.122  -9.504 0.0000000000
92149  -37.233  24.936  -14.562 0.0000000000
92169  -36.493  24.733  -15.684 0.0000000000
93139  -36.316  25.354  -21.482 0.0000000000
93138  -36.057  25.336  -21.843 0.0000000000
93145  -36.062  25.060  -22.957 0.0000000000
93916  -33.336  26.171  -18.575 0.0000000000
93110  -33.992  25.888  -19.224 0.0000000000
93898  -32.579  26.235  -17.973 0.0000000000
93805  -34.369  26.699  -11.597 0.0000000000
93035  -34.463  26.309  -13.091 0.0000000000
93821  -33.980  26.075  -12.156 0.0000000000
93059  -30.002  25.186  -15.607 0.0000000000
93844  -29.706  26.450  -14.976 0.0000000000
95365  -27.138  28.360  -15.118 0.0000000000
94646  -27.293  27.689  -14.789 0.0000000000
85065  -32.225  17.445  -9.356 0.0000000000
87104  -32.119  19.138  -9.499 0.0000000000
87111  -31.912  19.808  -9.615 0.0000000000
99399  -35.410  33.364  -6.346 0.0000000000
100191  -34.981  34.074  -8.098 0.0000000000
100205  -35.261  34.550  -9.222 0.0000000000
99419  -35.505  33.542  -8.075 0.0000000000
98543  -35.619  32.749  -8.286 0.0000000000
98553  -35.443  32.903  -8.785 0.0000000000
98552  -35.136  32.745  -9.237 0.0000000000
99425  -35.259  33.452  -9.423 0.0000000000
101006  -34.858  35.476  -11.776 0.0000000000
100230  -35.018  34.727  -11.259 0.0000000000
100248  -35.275  34.687  -12.619 0.0000000000
81893  -38.506  14.972  -22.730 0.0000000000
81901  -38.156  14.956  -23.477 0.0000000000
83026  -37.941  15.870  -24.489 0.0000000000
91023  -24.587  22.986  -2.669 0.0000000000
91039  -24.928  23.298  -3.176 0.0000000000
86111  -40.021  18.925  -7.883 0.0000000000
85051  -38.429  17.613  -8.074 0.0000000000
85020  -37.557  17.135  -6.076 0.0000000000
83967  -37.338  16.607  -7.116 0.0000000000
82791  -36.225  15.370  -6.414 0.0000000000
83950  -36.742  15.789  -6.556 0.0000000000
82748  -28.594  15.585  -4.217 0.0000000000
82747  -27.569  15.494  -4.283 0.0000000000
82764  -27.996  15.743  -4.960 0.0000000000
83907  -25.850  15.748  -4.377 0.0000000000
83905  -24.002  16.449  -4.330 0.0000000000
83904  -23.177  16.564  -3.945 0.0000000000
86224  -34.032  19.057  -16.216 0.0000000000
87205  -34.091  19.542  -16.499 0.0000000000
88224  -34.316  20.208  -17.739 0.0000000000
87226  -34.712  19.562  -18.079 0.0000000000
86258  -35.473  18.817  -18.674 0.0000000000
122932  -35.196  19.504  -18.788 0.0000000000
122933  -35.495  19.280  -19.767 0.0000000000
92018  -31.871  24.918  -3.517 0.0000000000
92030  -32.285  24.467  -4.964 0.0000000000
92031  -32.908  25.042  -5.290 0.0000000000
92952  -33.999  25.498  -6.314 0.0000000000
92057  -34.864  25.149  -7.699 0.0000000000
94578  -40.607  28.212  -11.710 0.0000000000
94599  -39.792  27.419  -11.682 0.0000000000
123095  -40.451  27.864  -12.701 0.0000000000
93868  -39.138  26.881  -15.018 0.0000000000
93869  -39.622  26.922  -14.291 0.0000000000
93883  -38.438  26.597  -15.918 0.0000000000
93064  -38.455  26.156  -15.337 0.0000000000
93077  -37.826  25.948  -17.344 0.0000000000
93882  -38.173  26.958  -16.969 0.0000000000
94713  -38.842  27.976  -19.297 0.0000000000
93920  -38.495  26.848  -18.845 0.0000000000
93932  -38.227  27.218  -19.464 0.0000000000
93931  -37.106  26.816  -19.958 0.0000000000
94711  -36.608  27.718  -19.604 0.0000000000
94680  -36.505  28.296  -18.333 0.0000000000
94697  -36.334  28.136  -18.860 0.0000000000
94679  -35.927  27.976  -17.819 0.0000000000
94695  -34.830  27.117  -18.370 0.0000000000
96078  -32.117  29.386  -12.162 0.0000000000
95339  -31.399  28.527  -12.271 0.0000000000
96087  -30.108  29.198  -13.100 0.0000000000
94612  -30.785  27.802  -12.624 0.0000000000
95347  -30.154  28.210  -13.154 0.0000000000
96091  -27.988  29.595  -14.459 0.0000000000
95353  -27.528  28.883  -14.750 0.0000000000
96098  -27.715  29.658  -15.027 0.0000000000
82917  -37.289  15.784  -13.019 0.0000000000
84070  -37.110  16.057  -13.896 0.0000000000
82916  -36.382  15.861  -13.663 0.0000000000
84068  -34.929  16.279  -13.622 0.0000000000
82915  -35.657  16.012  -13.922 0.0000000000
84084  -34.492  16.717  -14.185 0.0000000000
85085  -32.942  17.230  -11.679 0.0000000000
85101  -32.697  17.846  -11.993 0.0000000000
86168  -32.685  18.769  -13.265 0.0000000000
86153  -32.990  17.892  -13.180 0.0000000000
85141  -33.568  17.896  -14.539 0.0000000000
86192  -33.399  18.626  -14.705 0.0000000000
87147  -32.985  19.254  -14.155 0.0000000000
88186  -33.015  20.133  -14.372 0.0000000000
89224  -33.214  20.992  -14.722 0.0000000000
95938  -35.360  29.245  -2.712 0.0000000000
95224  -35.779  28.455  -2.764 0.0000000000
95225  -36.198  28.832  -3.203 0.0000000000
95982  -37.259  29.631  -4.738 0.0000000000
95250  -36.853  28.953  -4.796 0.0000000000
95251  -37.376  29.436  -5.461 0.0000000000
95266  -38.060  29.620  -6.511 0.0000000000
98523  -36.730  31.737  -5.765 0.0000000000
98506  -36.702  31.768  -5.439 0.0000000000
123117  -38.658  30.474  -8.050 0.0000000000
123115  -38.791  30.463  -7.239 0.0000000000
123110  -38.800  30.208  -7.612 0.0000000000
95282  -39.133  29.439  -7.992 0.0000000000
95290  -40.305  29.173  -9.531 0.0000000000
96026  -40.536  29.689  -10.101 0.0000000000
95324  -39.611  29.635  -11.156 0.0000000000
96062  -40.376  29.773  -11.655 0.0000000000
123096  -39.813  28.798  -12.356 0.0000000000
123098  -39.671  28.418  -12.891 0.0000000000
123099  -38.649  28.144  -12.386 0.0000000000
94626  -38.282  27.958  -13.174 0.0000000000
94573  -36.062  27.916  -10.429 0.0000000000
94596  -36.878  27.563  -11.388 0.0000000000
94595  -35.702  27.335  -11.097 0.0000000000
94572  -35.040  27.946  -10.557 0.0000000000
98561  -34.563  32.409  -9.928 0.0000000000
96782  -34.512  30.460  -10.033 0.0000000000
97634  -34.113  31.530  -10.469 0.0000000000
97668  -33.295  31.386  -11.755 0.0000000000
96812  -34.119  30.040  -11.065 0.0000000000
96811  -33.499  30.483  -11.434 0.0000000000
96058  -33.351  29.513  -11.595 0.0000000000
96057  -32.813  29.675  -11.821 0.0000000000
98632  -32.046  32.682  -13.703 0.0000000000
98617  -31.613  32.165  -13.509 0.0000000000
98616  -31.116  32.204  -13.780 0.0000000000
86310  -35.996  17.378  -21.638 0.0000000000
88118  -28.315  20.314  -6.497 0.0000000000
88119  -29.024  20.598  -6.792 0.0000000000
89119  -28.261  21.023  -6.040 0.0000000000
90082  -28.323  22.273  -4.402 0.0000000000
89105  -28.741  21.863  -5.573 0.0000000000
90083  -29.085  22.595  -4.624 0.0000000000
91025  -26.731  23.509  -2.606 0.0000000000
91988  -28.590  24.514  -1.557 0.0000000000
91027  -28.944  23.976  -2.042 0.0000000000
91028  -29.568  23.948  -2.396 0.0000000000
91044  -30.069  23.719  -3.155 0.0000000000
92003  -30.109  24.193  -2.429 0.0000000000
91990  -30.553  24.961  -1.829 0.0000000000
93659  -30.672  26.737  -0.908 0.0000000000
92885  -31.256  26.144  -1.341 0.0000000000
93661  -31.267  26.867  -0.792 0.0000000000
93679  -32.613  27.010  -1.281 0.0000000000
94466  -32.109  27.349  -1.273 0.0000000000
92041  -29.628  24.755  -6.033 0.0000000000
92949  -30.132  25.340  -5.558 0.0000000000
92016  -29.858  25.673  -4.287 0.0000000000
92937  -30.398  25.788  -4.668 0.0000000000
93732  -32.174  27.035  -4.877 0.0000000000
93721  -32.014  26.988  -4.195 0.0000000000
94505  -32.519  27.533  -3.947 0.0000000000
94491  -32.569  27.693  -2.879 0.0000000000
94492  -32.981  28.039  -3.277 0.0000000000
95222  -33.523  28.618  -3.061 0.0000000000
95235  -33.686  28.489  -4.017 0.0000000000
95274  -33.582  28.882  -7.117 0.0000000000
95249  -34.440  28.980  -4.997 0.0000000000
95264  -34.556  29.235  -5.787 0.0000000000
95998  -35.081  29.995  -6.062 0.0000000000
96756  -33.975  30.403  -6.515 0.0000000000
88225  -42.491  20.574  -16.123 0.0000000000
86194  -41.408  19.228  -14.211 0.0000000000
85123  -40.788  18.233  -13.748 0.0000000000
87130  -41.501  19.647  -11.223 0.0000000000
88152  -41.761  20.353  -10.703 0.0000000000
88160  -41.933  20.250  -11.486 0.0000000000
87138  -41.743  19.682  -11.992 0.0000000000
87148  -41.834  19.658  -12.818 0.0000000000
85088  -40.304  17.892  -11.875 0.0000000000
85104  -39.642  17.529  -12.581 0.0000000000
84051  -38.359  16.619  -11.943 0.0000000000
83999  -37.741  16.685  -8.487 0.0000000000
84013  -37.761  16.492  -9.280 0.0000000000
82845  -37.471  15.930  -8.730 0.0000000000
82842  -34.690  15.465  -9.479 0.0000000000
87050  -39.068  19.518  -3.257 0.0000000000
86008  -33.772  18.848  0.158 0.0000000000
88027  -34.967  19.659  -0.169 0.0000000000
88028  -35.729  20.073  -0.498 0.0000000000
87004  -34.806  19.056  -0.326 0.0000000000
84952  -32.275  17.209  -1.068 0.0000000000
83853  -34.611  17.099  -0.908 0.0000000000
84942  -34.685  17.875  -0.897 0.0000000000
84955  -35.345  17.844  -1.002 0.0000000000
86047  -35.683  18.555  -1.031 0.0000000000
86049  -37.068  18.499  -1.424 0.0000000000
84957  -36.666  17.976  -1.457 0.0000000000
84984  -36.747  17.097  -2.548 0.0000000000
84985  -37.307  17.637  -2.991 0.0000000000
84986  -37.710  17.853  -3.585 0.0000000000
84999  -37.341  17.150  -4.075 0.0000000000
85010  -37.519  17.211  -4.990 0.0000000000
82754  -34.311  15.184  -4.378 0.0000000000
82755  -35.210  15.375  -4.509 0.0000000000
82771  -34.564  14.941  -5.167 0.0000000000
82772  -35.312  15.144  -5.452 0.0000000000
83961  -28.923  17.324  -7.208 0.0000000000
83962  -29.402  17.069  -7.329 0.0000000000
85031  -29.816  17.758  -7.716 0.0000000000
85030  -29.185  17.824  -7.351 0.0000000000
86100  -28.180  18.402  -6.886 0.0000000000
87074  -26.547  19.046  -5.369 0.0000000000
87075  -27.053  19.373  -5.846 0.0000000000
84996  -25.221  17.285  -4.704 0.0000000000
86083  -25.568  18.316  -4.717 0.0000000000
88080  -25.236  20.166  -3.405 0.0000000000
88067  -24.927  20.743  -3.020 0.0000000000
89055  -24.454  21.619  -2.491 0.0000000000
85257  -43.125  17.557  -21.508 0.0000000000
85270  -43.040  17.451  -22.595 0.0000000000
85268  -41.167  17.301  -22.085 0.0000000000
84177  -41.665  16.844  -22.638 0.0000000000
85181  -38.084  17.161  -17.011 0.0000000000
86226  -35.497  18.229  -17.297 0.0000000000
122914  -38.977  16.224  -22.337 0.0000000000
85265  -38.111  17.827  -22.806 0.0000000000
85277  -38.536  17.410  -23.450 0.0000000000
85276  -37.998  17.860  -23.646 0.0000000000
87273  -36.433  19.103  -20.957 0.0000000000
122954  -36.675  19.914  -23.926 0.0000000000
88312  -37.125  20.319  -25.865 0.0000000000
87305  -37.025  19.694  -25.483 0.0000000000
89326  -36.363  21.069  -25.834 0.0000000000
88128  -30.354  20.403  -7.631 0.0000000000
89150  -31.640  21.384  -8.340 0.0000000000
91091  -32.637  23.687  -6.597 0.0000000000
91108  -32.240  23.101  -7.175 0.0000000000
91109  -32.887  23.247  -7.520 0.0000000000
89171  -33.273  21.933  -10.125 0.0000000000
90200  -33.643  23.038  -12.875 0.0000000000
90220  -33.684  22.800  -13.901 0.0000000000
94514  -36.084  27.480  -4.576 0.0000000000
93734  -35.794  27.060  -5.453 0.0000000000
92976  -36.756  25.748  -8.626 0.0000000000
92964  -35.792  25.933  -7.736 0.0000000000
92075  -36.233  25.334  -8.394 0.0000000000
92074  -35.691  25.067  -8.138 0.0000000000
92108  -36.199  24.938  -9.752 0.0000000000
93810  -38.564  25.971  -11.501 0.0000000000
93788  -38.074  26.073  -10.840 0.0000000000
93809  -37.980  25.696  -11.295 0.0000000000
93037  -36.843  24.619  -13.038 0.0000000000
93026  -36.063  25.036  -12.458 0.0000000000
93016  -35.856  24.916  -11.834 0.0000000000
92122  -35.403  24.605  -12.110 0.0000000000
92131  -35.292  24.740  -13.343 0.0000000000
92168  -35.440  24.464  -15.431 0.0000000000
91189  -34.741  23.935  -15.059 0.0000000000
91231  -35.023  23.737  -16.860 0.0000000000
91254  -35.437  23.754  -18.845 0.0000000000
93097  -37.095  26.196  -18.144 0.0000000000
92226  -36.383  25.399  -19.728 0.0000000000
92258  -36.511  24.929  -21.570 0.0000000000
92247  -36.358  24.841  -21.023 0.0000000000
91298  -36.785  24.420  -22.375 0.0000000000
91297  -36.454  24.049  -21.718 0.0000000000
91317  -37.226  23.838  -24.138 0.0000000000
92275  -37.745  24.833  -24.005 0.0000000000
92290  -36.255  24.496  -25.174 0.0000000000
92291  -36.919  24.634  -25.501 0.0000000000
91325  -34.762  22.503  -25.123 0.0000000000
91314  -34.836  23.080  -24.588 0.0000000000
93940  -35.080  25.898  -20.616 0.0000000000
93948  -35.046  25.665  -21.127 0.0000000000
93129  -34.055  24.899  -20.289 0.0000000000
94636  -37.161  27.947  -14.484 0.0000000000
94635  -35.905  27.313  -14.656 0.0000000000
93849  -34.820  26.875  -14.797 0.0000000000
94634  -35.460  27.323  -15.245 0.0000000000
93866  -34.392  26.983  -15.863 0.0000000000
93819  -32.069  26.474  -12.723 0.0000000000
93831  -31.798  26.212  -13.756 0.0000000000
93847  -32.584  26.250  -14.857 0.0000000000
93062  -32.272  26.009  -16.758 0.0000000000
93061  -31.823  25.746  -16.490 0.0000000000
92189  -31.052  24.660  -16.615 0.0000000000
91229  -30.707  23.832  -16.742 0.0000000000
91211  -30.075  23.913  -15.994 0.0000000000
93058  -29.007  25.227  -15.462 0.0000000000
92165  -28.855  24.392  -15.576 0.0000000000
92164  -28.229  24.339  -15.198 0.0000000000
98667  -28.782  32.731  -17.202 0.0000000000
98655  -28.185  32.240  -16.296 0.0000000000
98666  -27.871  32.427  -17.265 0.0000000000
97713  -26.697  31.201  -16.778 0.0000000000
96847  -26.529  30.228  -16.257 0.0000000000
86117  -31.503  18.496  -8.624 0.0000000000
87094  -31.258  19.816  -8.419 0.0000000000
100197  -34.683  34.882  -8.617 0.0000000000
101793  -35.203  35.873  -9.000 0.0000000000
100217  -35.218  34.283  -9.777 0.0000000000
100991  -34.710  35.381  -10.528 0.0000000000
101826  -34.294  36.476  -12.009 0.0000000000
101836  -34.112  36.653  -13.065 0.0000000000
81894  -38.848  15.260  -23.150 0.0000000000
90079  -24.416  22.806  -4.154 0.0000000000
90080  -24.785  23.025  -3.619 0.0000000000
86102  -39.296  18.753  -6.442 0.0000000000
86109  -38.912  18.366  -7.011 0.0000000000
85033  -38.340  17.946  -7.181 0.0000000000
85021  -38.160  17.872  -6.247 0.0000000000
82746  -26.778  15.417  -4.121 0.0000000000
82725  -25.192  15.347  -3.958 0.0000000000
85164  -40.448  18.032  -15.668 0.0000000000
85163  -39.836  17.694  -15.884 0.0000000000
85162  -39.150  17.471  -16.088 0.0000000000
88211  -33.737  20.256  -16.049 0.0000000000
88223  -34.111  20.288  -16.823 0.0000000000
92912  -32.935  26.037  -3.227 0.0000000000
92939  -32.915  25.301  -4.687 0.0000000000
92925  -33.431  25.865  -4.002 0.0000000000
92926  -34.074  26.061  -4.498 0.0000000000
92941  -34.457  25.981  -5.312 0.0000000000
95371  -40.753  28.124  -13.601 0.0000000000
94654  -40.493  27.796  -13.384 0.0000000000
94681  -38.765  27.314  -17.612 0.0000000000
94682  -39.281  27.799  -17.943 0.0000000000
94699  -39.957  28.291  -18.437 0.0000000000
95430  -39.252  28.555  -19.297 0.0000000000
95428  -37.476  28.304  -19.331 0.0000000000
96127  -38.754  29.299  -18.414 0.0000000000
95396  -38.095  29.122  -17.570 0.0000000000
95379  -36.491  28.434  -17.056 0.0000000000
96826  -30.912  29.971  -12.711 0.0000000000
96086  -29.417  29.656  -13.493 0.0000000000
96085  -28.720  30.058  -13.883 0.0000000000
96844  -28.665  30.633  -14.452 0.0000000000
84049  -34.650  16.271  -12.639 0.0000000000
84048  -33.888  16.473  -12.430 0.0000000000
86143  -32.484  18.487  -11.714 0.0000000000
87137  -32.510  19.206  -13.013 0.0000000000
89206  -32.384  20.383  -13.114 0.0000000000
95962  -35.577  29.927  -4.240 0.0000000000
95948  -36.403  29.624  -3.549 0.0000000000
96712  -36.624  30.221  -3.866 0.0000000000
96713  -37.050  30.338  -4.102 0.0000000000
96725  -37.208  30.523  -4.651 0.0000000000
97598  -36.541  31.741  -6.715 0.0000000000
97599  -37.165  31.217  -6.574 0.0000000000
97609  -37.920  30.974  -7.846 0.0000000000
123116  -38.763  30.583  -8.208 0.0000000000
123114  -38.722  30.123  -8.305 0.0000000000
96042  -39.436  29.755  -9.453 0.0000000000
95305  -38.945  29.458  -9.803 0.0000000000
95322  -38.245  28.681  -10.414 0.0000000000
94597  -38.206  28.340  -11.126 0.0000000000
94575  -37.832  28.506  -10.353 0.0000000000
98599  -34.271  32.841  -11.657 0.0000000000
97650  -34.028  31.980  -11.010 0.0000000000
98577  -34.007  32.243  -11.406 0.0000000000
98598  -33.612  32.281  -12.127 0.0000000000
97667  -32.859  31.540  -12.321 0.0000000000
98597  -33.110  32.146  -12.622 0.0000000000
99488  -32.549  32.870  -13.642 0.0000000000
99500  -32.115  33.335  -14.290 0.0000000000
89103  -27.291  20.977  -4.845 0.0000000000
89088  -27.871  21.822  -4.447 0.0000000000
90062  -28.134  22.726  -3.446 0.0000000000
91986  -27.319  24.404  -2.241 0.0000000000
92892  -27.634  24.948  -1.727 0.0000000000
92893  -28.007  25.437  -1.366 0.0000000000
91975  -28.997  24.912  -1.223 0.0000000000
92883  -29.811  25.548  -1.047 0.0000000000
93675  -29.225  25.939  -0.977 0.0000000000
93691  -29.260  26.209  -1.548 0.0000000000
93692  -30.226  26.714  -1.699 0.0000000000
92961  -30.696  26.092  -6.557 0.0000000000
92950  -30.840  25.945  -5.838 0.0000000000
93740  -31.797  26.538  -5.956 0.0000000000
94522  -32.165  26.936  -6.556 0.0000000000
94523  -32.729  27.531  -6.015 0.0000000000
94513  -33.280  27.975  -4.858 0.0000000000
95262  -33.016  27.922  -6.608 0.0000000000
88212  -42.366  20.308  -15.182 0.0000000000
87168  -41.845  19.680  -13.736 0.0000000000
86138  -40.751  19.169  -10.361 0.0000000000
86145  -41.031  18.638  -11.535 0.0000000000
85087  -39.643  17.690  -11.308 0.0000000000
85086  -38.991  17.100  -11.321 0.0000000000
82826  -36.145  15.249  -8.193 0.0000000000
83868  -32.530  16.180  -1.631 0.0000000000
84953  -33.206  17.056  -1.238 0.0000000000
83871  -35.475  16.881  -1.236 0.0000000000
83872  -36.124  17.117  -1.485 0.0000000000
83910  -36.252  16.406  -3.123 0.0000000000
82735  -34.826  15.469  -3.598 0.0000000000
82753  -33.514  15.158  -4.370 0.0000000000
83947  -29.837  16.211  -6.664 0.0000000000
83946  -28.597  16.775  -6.856 0.0000000000
85019  -27.981  17.529  -6.816 0.0000000000
86099  -27.555  18.176  -6.590 0.0000000000
86098  -27.118  18.005  -6.272 0.0000000000
86091  -26.735  18.328  -5.848 0.0000000000
86313  -42.098  17.619  -22.751 0.0000000000
85267  -40.593  17.024  -21.698 0.0000000000
85216  -35.831  18.289  -18.415 0.0000000000
85217  -36.498  17.888  -18.931 0.0000000000
86300  -37.521  18.513  -22.097 0.0000000000
87307  -37.581  20.002  -24.664 0.0000000000
87298  -37.127  20.492  -24.368 0.0000000000
88306  -37.297  20.755  -24.786 0.0000000000
89317  -37.228  21.508  -25.132 0.0000000000
90134  -30.791  21.757  -7.121 0.0000000000
90150  -32.016  21.993  -8.147 0.0000000000
91110  -33.574  23.751  -7.781 0.0000000000
91123  -33.338  23.092  -8.101 0.0000000000
90173  -33.718  22.941  -10.288 0.0000000000
90181  -33.996  23.192  -11.077 0.0000000000
91161  -34.089  23.752  -12.557 0.0000000000
94525  -36.695  27.820  -6.628 0.0000000000
93744  -36.308  27.046  -6.967 0.0000000000
94536  -37.075  26.953  -7.791 0.0000000000
93762  -36.945  26.284  -8.209 0.0000000000
92977  -37.348  26.028  -9.405 0.0000000000
93028  -37.967  25.164  -12.849 0.0000000000
92133  -37.466  24.844  -13.479 0.0000000000
92123  -37.130  24.619  -13.108 0.0000000000
92132  -36.660  24.688  -13.556 0.0000000000
93122  -36.605  25.974  -20.265 0.0000000000
92248  -36.411  25.252  -21.308 0.0000000000
93147  -37.454  25.277  -23.091 0.0000000000
93156  -37.521  25.212  -23.648 0.0000000000
93155  -36.959  25.349  -24.122 0.0000000000
92282  -36.081  24.728  -24.618 0.0000000000
91305  -34.874  23.882  -23.732 0.0000000000
92273  -35.779  24.698  -23.757 0.0000000000
92266  -35.382  24.793  -22.976 0.0000000000
93111  -34.637  26.112  -19.453 0.0000000000
93121  -34.619  25.701  -19.873 0.0000000000
93823  -36.067  26.932  -12.653 0.0000000000
93835  -35.521  26.860  -13.587 0.0000000000
93834  -34.703  26.530  -13.658 0.0000000000
93833  -34.045  26.111  -14.016 0.0000000000
94647  -27.708  27.622  -14.631 0.0000000000
94631  -27.501  27.174  -14.508 0.0000000000
93841  -26.788  26.614  -14.476 0.0000000000
93859  -26.251  26.827  -14.749 0.0000000000
84012  -33.019  16.483  -10.415 0.0000000000
86136  -32.308  18.425  -10.769 0.0000000000
98503  -35.481  33.108  -5.619 0.0000000000
99400  -35.947  33.301  -6.063 0.0000000000
99414  -36.359  33.035  -6.554 0.0000000000
100192  -35.268  33.888  -8.045 0.0000000000
98534  -36.409  32.292  -6.861 0.0000000000
97607  -35.936  32.136  -7.875 0.0000000000
97617  -35.644  31.528  -8.429 0.0000000000
96773  -35.640  30.750  -8.714 0.0000000000
97627  -35.303  31.000  -8.902 0.0000000000
100247  -34.871  34.125  -12.765 0.0000000000
100265  -33.979  34.240  -13.798 0.0000000000
84193  -37.373  16.878  -23.811 0.0000000000
90042  -26.047  22.562  -2.674 0.0000000000
91054  -25.292  23.095  -3.984 0.0000000000
91040  -25.839  23.750  -3.256 0.0000000000
92000  -26.471  24.146  -3.082 0.0000000000
86128  -39.927  18.357  -9.400 0.0000000000
85067  -39.296  17.690  -9.138 0.0000000000
84001  -38.722  17.241  -9.258 0.0000000000
85066  -38.744  17.482  -8.698 0.0000000000
82828  -37.505  16.224  -7.938 0.0000000000
85050  -37.976  17.497  -7.703 0.0000000000
83985  -37.704  16.963  -7.777 0.0000000000
82810  -37.140  15.928  -7.466 0.0000000000
82809  -36.601  15.440  -7.259 0.0000000000
81695  -35.072  14.666  -6.480 0.0000000000
83851  -30.525  16.962  -0.203 0.0000000000
83852  -31.169  17.191  -0.521 0.0000000000
83866  -30.271  16.322  -1.175 0.0000000000
83888  -30.687  16.176  -1.640 0.0000000000
82683  -31.308  16.089  -1.725 0.0000000000
82684  -31.650  15.974  -1.806 0.0000000000
83932  -26.982  16.649  -5.621 0.0000000000
82745  -25.218  15.928  -4.454 0.0000000000
83918  -24.379  16.817  -4.510 0.0000000000
84983  -24.347  17.648  -4.413 0.0000000000
85178  -35.001  17.838  -16.129 0.0000000000
86242  -35.408  18.504  -17.776 0.0000000000
86274  -36.093  18.515  -19.740 0.0000000000
86289  -36.343  18.770  -20.511 0.0000000000
122937  -35.460  21.712  -21.720 0.0000000000
92043  -33.163  24.607  -6.101 0.0000000000
92072  -33.985  24.095  -8.075 0.0000000000
94559  -39.299  27.536  -9.925 0.0000000000
93775  -38.786  27.120  -10.199 0.0000000000
94576  -39.243  27.352  -10.542 0.0000000000
93811  -39.540  26.658  -11.981 0.0000000000
93020  -39.115  26.215  -12.564 0.0000000000
93852  -39.696  26.873  -13.731 0.0000000000
93836  -39.188  26.444  -13.506 0.0000000000
93029  -38.709  26.032  -13.067 0.0000000000
93048  -37.971  25.653  -14.967 0.0000000000
92193  -37.489  25.642  -16.655 0.0000000000
93902  -38.461  26.974  -18.008 0.0000000000
94710  -35.919  27.334  -19.469 0.0000000000
93918  -35.563  27.091  -19.285 0.0000000000
93900  -34.222  26.871  -17.819 0.0000000000
94592  -33.044  27.861  -11.583 0.0000000000
94614  -32.482  27.091  -11.952 0.0000000000
93829  -29.969  26.801  -14.178 0.0000000000
84088  -38.639  16.897  -14.608 0.0000000000
84086  -36.405  16.216  -14.500 0.0000000000
82933  -35.849  16.093  -14.324 0.0000000000
84029  -33.742  16.344  -11.692 0.0000000000
84047  -33.327  16.768  -12.094 0.0000000000
84066  -33.488  16.896  -12.839 0.0000000000
85121  -33.962  16.962  -13.935 0.0000000000
85142  -34.005  17.214  -14.498 0.0000000000
85158  -34.273  17.754  -15.358 0.0000000000
86208  -33.878  18.637  -15.660 0.0000000000
94481  -34.819  28.112  -2.186 0.0000000000
94494  -35.391  27.780  -2.803 0.0000000000
94507  -35.989  27.468  -3.671 0.0000000000
94515  -36.438  27.916  -5.382 0.0000000000
95237  -36.523  29.081  -3.912 0.0000000000
97581  -36.598  31.671  -5.191 0.0000000000
96743  -37.435  30.868  -5.381 0.0000000000
96000  -38.194  30.320  -6.220 0.0000000000
123104  -38.665  30.218  -6.734 0.0000000000
95275  -38.379  29.884  -6.470 0.0000000000
94560  -39.853  28.336  -9.782 0.0000000000
95306  -40.666  28.692  -10.528 0.0000000000
95307  -41.330  28.748  -11.807 0.0000000000
96044  -40.622  29.588  -11.065 0.0000000000
96045  -40.894  29.514  -11.933 0.0000000000
95325  -40.915  28.847  -13.030 0.0000000000
123101  -39.719  28.552  -13.591 0.0000000000
95357  -39.114  28.306  -14.205 0.0000000000
95368  -38.309  28.389  -15.467 0.0000000000
95356  -38.272  28.262  -14.366 0.0000000000
94637  -37.697  27.999  -13.858 0.0000000000
94625  -37.241  27.534  -13.491 0.0000000000
94616  -37.005  27.404  -12.512 0.0000000000
94615  -36.679  27.241  -13.081 0.0000000000
93806  -35.328  26.841  -11.754 0.0000000000
94593  -33.892  27.585  -11.342 0.0000000000
96783  -35.313  30.299  -9.266 0.0000000000
96040  -35.403  29.434  -9.884 0.0000000000
96796  -34.031  30.591  -10.803 0.0000000000
96039  -34.627  29.691  -10.498 0.0000000000
95301  -34.680  28.788  -10.718 0.0000000000
95321  -34.332  28.268  -11.041 0.0000000000
95319  -32.884  28.880  -11.792 0.0000000000
97666  -32.128  31.207  -12.332 0.0000000000
96827  -31.511  30.435  -12.567 0.0000000000
96841  -31.223  30.909  -13.186 0.0000000000
97682  -30.907  31.529  -13.637 0.0000000000
97693  -30.206  31.750  -14.249 0.0000000000
87091  -29.144  19.405  -7.356 0.0000000000
87092  -29.889  19.481  -7.677 0.0000000000
89135  -29.418  20.896  -6.819 0.0000000000
89121  -29.874  21.707  -6.462 0.0000000000
90118  -29.808  22.019  -6.084 0.0000000000
90103  -30.192  22.546  -5.662 0.0000000000
91075  -30.729  22.970  -5.028 0.0000000000
90044  -27.656  23.021  -2.917 0.0000000000
91026  -27.866  23.558  -2.062 0.0000000000
91058  -29.529  23.098  -3.930 0.0000000000
91059  -30.299  23.469  -4.279 0.0000000000
91060  -31.067  23.658  -4.573 0.0000000000
92017  -31.412  24.269  -4.067 0.0000000000
92896  -31.025  25.456  -1.779 0.0000000000
92910  -31.572  25.324  -2.316 0.0000000000
92911  -32.239  25.699  -2.715 0.0000000000
93694  -32.391  26.538  -1.873 0.0000000000
93695  -33.201  27.013  -1.941 0.0000000000
94479  -33.625  27.559  -1.776 0.0000000000
92015  -29.393  25.432  -4.155 0.0000000000
92923  -29.746  26.107  -3.768 0.0000000000
93706  -30.971  27.089  -2.882 0.0000000000
93730  -31.044  26.308  -4.408 0.0000000000
93720  -31.478  26.795  -3.767 0.0000000000
94477  -31.412  27.344  -1.881 0.0000000000
94478  -32.318  27.517  -2.036 0.0000000000
95204  -33.259  28.094  -1.614 0.0000000000
95205  -33.825  28.268  -1.643 0.0000000000
95211  -34.377  28.562  -1.954 0.0000000000
95937  -34.655  29.025  -2.490 0.0000000000
95946  -34.682  29.286  -3.240 0.0000000000
95248  -33.858  28.409  -4.906 0.0000000000
95961  -34.897  29.478  -4.122 0.0000000000
95981  -35.629  30.233  -5.058 0.0000000000
95999  -35.519  30.710  -5.624 0.0000000000
97595  -34.147  31.259  -6.594 0.0000000000
86211  -41.456  19.169  -15.226 0.0000000000
86210  -41.010  18.523  -15.480 0.0000000000
85145  -40.527  18.114  -14.705 0.0000000000
86171  -41.567  19.115  -13.305 0.0000000000
86154  -41.232  18.517  -12.906 0.0000000000
84072  -39.170  17.062  -13.590 0.0000000000
82918  -37.859  15.838  -12.706 0.0000000000
82897  -37.534  15.777  -11.910 0.0000000000
82862  -34.401  15.718  -10.528 0.0000000000
84014  -38.391  16.793  -9.672 0.0000000000
82844  -36.789  15.416  -8.960 0.0000000000
82864  -36.555  15.455  -9.960 0.0000000000
82840  -32.908  16.003  -9.555 0.0000000000
83997  -32.500  16.477  -9.581 0.0000000000
83984  -31.960  16.409  -8.900 0.0000000000
85047  -30.444  17.708  -8.200 0.0000000000
87068  -38.897  18.999  -4.583 0.0000000000
88015  -35.892  20.838  0.363 0.0000000000
88029  -36.801  20.572  -0.247 0.0000000000
87006  -36.812  19.932  -0.629 0.0000000000
84939  -32.178  17.697  -0.297 0.0000000000
84941  -33.887  17.620  -0.756 0.0000000000
87005  -35.374  19.202  -0.656 0.0000000000
87025  -35.938  19.330  -1.092 0.0000000000
87007  -37.337  19.853  -0.701 0.0000000000
87027  -37.622  19.194  -1.385 0.0000000000
87048  -38.048  19.029  -2.136 0.0000000000
84972  -37.086  17.775  -2.000 0.0000000000
86066  -37.966  18.749  -2.752 0.0000000000
86078  -38.163  18.472  -3.517 0.0000000000
86085  -38.442  18.394  -4.467 0.0000000000
83937  -37.161  16.539  -5.405 0.0000000000
83924  -36.551  16.164  -4.500 0.0000000000
83936  -36.694  15.897  -5.784 0.0000000000
81677  -34.770  14.673  -5.911 0.0000000000
82732  -32.289  15.314  -3.616 0.0000000000
82752  -32.695  15.032  -4.525 0.0000000000
81664  -32.279  14.645  -5.312 0.0000000000
82769  -33.159  14.935  -4.951 0.0000000000
81675  -33.005  14.566  -5.687 0.0000000000
81693  -33.358  14.449  -6.606 0.0000000000
86107  -29.512  18.601  -7.550 0.0000000000
87083  -28.475  19.324  -6.966 0.0000000000
88117  -27.539  20.061  -6.129 0.0000000000
88106  -27.252  20.439  -5.414 0.0000000000
88082  -26.751  20.921  -3.878 0.0000000000
85008  -26.574  17.288  -5.589 0.0000000000
86084  -26.187  18.296  -5.252 0.0000000000
88094  -26.146  20.050  -4.245 0.0000000000
89056  -25.365  21.717  -2.685 0.0000000000
91022  -23.818  22.871  -2.649 0.0000000000
89054  -23.437  21.558  -2.466 0.0000000000
91021  -23.405  22.814  -2.809 0.0000000000
91037  -23.665  23.028  -2.970 0.0000000000
83004  -42.260  16.319  -21.158 0.0000000000
85279  -42.433  17.149  -23.447 0.0000000000
84168  -41.979  16.610  -21.902 0.0000000000
83003  -41.456  16.031  -21.267 0.0000000000
122912  -40.381  15.881  -21.444 0.0000000000
84105  -38.666  17.211  -15.506 0.0000000000
85161  -38.383  17.244  -16.192 0.0000000000
85220  -39.641  16.963  -18.997 0.0000000000
85236  -40.079  16.576  -20.146 0.0000000000
85253  -40.052  16.620  -21.040 0.0000000000
83016  -39.026  15.782  -22.941 0.0000000000
84195  -38.486  16.530  -24.298 0.0000000000
84202  -38.230  16.515  -24.614 0.0000000000
122945  -36.742  19.597  -21.815 0.0000000000
122957  -36.495  19.768  -24.690 0.0000000000
87093  -30.683  19.500  -8.109 0.0000000000
88136  -31.521  20.455  -8.652 0.0000000000
88142  -31.772  20.492  -9.270 0.0000000000
88143  -32.098  20.469  -10.024 0.0000000000
91090  -31.974  23.114  -6.459 0.0000000000
90136  -32.369  22.758  -7.594 0.0000000000
90152  -33.303  22.911  -8.550 0.0000000000
90165  -32.810  22.167  -9.061 0.0000000000
89170  -32.560  21.158  -10.562 0.0000000000
90186  -33.150  22.451  -12.127 0.0000000000
90219  -33.200  21.917  -14.308 0.0000000000
93733  -35.136  26.576  -5.296 0.0000000000
92953  -34.987  26.066  -6.356 0.0000000000
93751  -35.930  26.517  -7.225 0.0000000000
92954  -35.494  26.188  -7.043 0.0000000000
92963  -35.142  25.735  -7.308 0.0000000000
92092  -35.600  24.598  -9.088 0.0000000000
93774  -38.179  26.449  -9.953 0.0000000000
92990  -37.364  25.899  -10.220 0.0000000000
93018  -37.807  25.299  -11.815 0.0000000000
93004  -36.654  25.423  -10.459 0.0000000000
92116  -36.089  24.955  -10.602 0.0000000000
92106  -34.898  24.285  -10.497 0.0000000000
92114  -34.838  24.249  -11.447 0.0000000000
92121  -34.678  24.289  -12.353 0.0000000000
91188  -34.245  23.351  -14.535 0.0000000000
91242  -34.667  22.992  -18.540 0.0000000000
90321  -35.804  22.714  -22.358 0.0000000000
92225  -35.966  24.599  -19.250 0.0000000000
92235  -36.137  24.707  -20.265 0.0000000000
90297  -35.754  23.764  -20.861 0.0000000000
90312  -36.246  23.575  -21.873 0.0000000000
90322  -36.364  23.102  -23.180 0.0000000000
90329  -36.679  22.661  -23.884 0.0000000000
90330  -37.058  22.638  -24.719 0.0000000000
90339  -36.897  22.508  -25.322 0.0000000000
93172  -37.962  25.153  -25.451 0.0000000000
91327  -36.756  23.610  -25.315 0.0000000000
90338  -36.475  22.306  -25.671 0.0000000000
90337  -35.585  21.972  -25.558 0.0000000000
93949  -35.530  25.753  -21.221 0.0000000000
92246  -34.084  24.753  -20.694 0.0000000000
95367  -37.498  28.447  -15.525 0.0000000000
95380  -36.975  28.564  -16.538 0.0000000000
94662  -35.994  28.055  -16.630 0.0000000000
94649  -35.929  27.689  -15.664 0.0000000000
94661  -35.095  27.486  -16.806 0.0000000000
93879  -33.333  26.616  -16.992 0.0000000000
93023  -33.285  25.720  -13.072 0.0000000000
93033  -33.641  25.814  -13.398 0.0000000000
93096  -32.355  25.457  -17.942 0.0000000000
93095  -32.074  25.050  -17.591 0.0000000000
93075  -31.771  25.250  -17.082 0.0000000000
92212  -31.692  24.646  -17.600 0.0000000000
91240  -31.230  23.872  -17.756 0.0000000000
91210  -29.300  23.804  -15.955 0.0000000000
93860  -28.982  25.781  -15.252 0.0000000000
93047  -28.745  25.671  -15.152 0.0000000000
93044  -25.950  25.733  -14.403 0.0000000000
100286  -33.291  35.189  -15.775 0.0000000000
99513  -31.876  33.874  -15.394 0.0000000000
99512  -30.979  33.125  -15.258 0.0000000000
99511  -30.289  32.759  -15.601 0.0000000000
98657  -29.844  32.563  -15.753 0.0000000000
99535  -29.603  33.126  -17.399 0.0000000000
99523  -29.435  32.881  -16.808 0.0000000000
98644  -29.333  32.185  -15.490 0.0000000000
97703  -28.513  31.550  -15.335 0.0000000000
97702  -27.650  31.175  -15.708 0.0000000000
98665  -27.341  31.940  -17.224 0.0000000000
81665  -32.797  14.805  -5.112 0.0000000000
81678  -35.215  14.813  -5.982 0.0000000000
81708  -34.922  14.590  -6.902 0.0000000000
81902  -38.543  15.135  -23.369 0.0000000000
82733  -33.168  15.377  -3.672 0.0000000000
82773  -36.069  15.480  -5.522 0.0000000000
82934  -36.062  16.007  -14.145 0.0000000000
83027  -38.240  16.190  -24.488 0.0000000000
83854  -35.050  17.421  -0.938 0.0000000000
83906  -24.442  16.075  -4.316 0.0000000000
83919  -24.768  16.496  -4.527 0.0000000000
83922  -27.441  15.848  -5.086 0.0000000000
83923  -35.843  15.706  -4.404 0.0000000000
83998  -32.896  16.238  -9.862 0.0000000000
84028  -33.339  16.613  -11.234 0.0000000000
84167  -40.392  16.862  -21.457 0.0000000000
84178  -42.535  16.755  -22.821 0.0000000000
84184  -37.222  15.871  -23.890 0.0000000000
84186  -41.862  16.964  -23.459 0.0000000000
84187  -42.150  16.813  -23.323 0.0000000000
84201  -37.943  16.412  -24.810 0.0000000000
84971  -36.521  17.375  -1.760 0.0000000000
84994  -24.179  17.121  -4.488 0.0000000000
84995  -24.617  17.223  -4.564 0.0000000000
85269  -43.063  16.976  -23.184 0.0000000000
85280  -42.890  17.348  -23.188 0.0000000000
85291  -37.819  16.772  -24.534 0.0000000000
85292  -38.139  16.846  -24.533 0.0000000000
86257  -35.072  19.229  -18.317 0.0000000000
86312  -41.664  17.560  -22.590 0.0000000000
86314  -42.637  17.606  -22.734 0.0000000000
87026  -36.715  19.342  -0.891 0.0000000000
87047  -24.770  19.907  -3.342 0.0000000000
87121  -41.073  19.670  -10.150 0.0000000000
87129  -41.144  19.416  -10.730 0.0000000000
87146  -32.702  19.096  -13.554 0.0000000000
87244  -35.440  19.140  -19.111 0.0000000000
88046  -36.432  19.989  -0.726 0.0000000000
88313  -37.462  20.539  -25.384 0.0000000000
89308  -36.066  22.326  -23.116 0.0000000000
90058  -23.888  22.930  -3.451 0.0000000000
90059  -24.445  23.056  -3.422 0.0000000000
90081  -27.823  22.087  -3.947 0.0000000000
90101  -28.639  22.194  -5.138 0.0000000000
90174  -34.057  23.311  -10.602 0.0000000000
90303  -36.047  23.871  -21.329 0.0000000000
91288  -36.421  24.451  -21.523 0.0000000000
91289  -36.627  24.770  -21.878 0.0000000000
91306  -35.597  24.385  -24.241 0.0000000000
91307  -36.837  23.833  -23.224 0.0000000000
91308  -37.344  24.547  -23.323 0.0000000000
91316  -36.801  23.372  -23.633 0.0000000000
91974  -28.305  24.992  -1.157 0.0000000000
91976  -29.351  25.188  -1.151 0.0000000000
92005  -31.644  25.159  -2.822 0.0000000000
92028  -29.875  25.391  -4.582 0.0000000000
92093  -36.297  25.060  -8.842 0.0000000000
92190  -31.435  24.814  -17.015 0.0000000000
92245  -33.625  24.532  -20.229 0.0000000000
92259  -36.682  25.100  -22.052 0.0000000000
92267  -37.293  25.114  -22.697 0.0000000000
92268  -37.637  25.060  -23.260 0.0000000000
92274  -36.413  25.072  -24.353 0.0000000000
92283  -36.613  25.222  -25.047 0.0000000000
92284  -37.928  24.583  -24.886 0.0000000000
92292  -37.446  24.576  -25.363 0.0000000000
92881  -28.552  25.348  -1.077 0.0000000000
92882  -29.044  25.478  -1.078 0.0000000000
92884  -30.634  25.928  -1.227 0.0000000000
92895  -30.359  25.308  -1.457 0.0000000000
92906  -27.565  25.033  -2.060 0.0000000000
92936  -30.046  25.297  -4.927 0.0000000000
92938  -31.066  26.113  -5.045 0.0000000000
92951  -31.318  26.278  -5.438 0.0000000000
92965  -36.419  26.022  -8.095 0.0000000000
92975  -36.163  25.601  -8.180 0.0000000000
93024  -33.753  25.739  -12.816 0.0000000000
93025  -34.245  26.095  -12.789 0.0000000000
93027  -37.061  24.775  -12.565 0.0000000000
93030  -39.092  26.303  -12.827 0.0000000000
93039  -38.717  26.195  -13.813 0.0000000000
93063  -38.052  25.806  -15.671 0.0000000000
93079  -38.232  26.116  -15.819 0.0000000000
93144  -35.332  24.962  -22.536 0.0000000000
93164  -37.889  25.326  -24.606 0.0000000000
93171  -37.535  25.028  -25.511 0.0000000000
93660  -30.917  26.762  -0.848 0.0000000000
93674  -28.661  25.652  -1.113 0.0000000000
93677  -31.040  26.517  -0.988 0.0000000000
93678  -31.800  26.694  -1.098 0.0000000000
93690  -28.621  25.938  -1.224 0.0000000000
93693  -30.645  27.138  -2.111 0.0000000000
93704  -29.513  26.401  -2.252 0.0000000000
93705  -30.109  26.674  -2.775 0.0000000000
93707  -32.845  26.454  -2.549 0.0000000000
93710  -35.382  27.040  -3.562 0.0000000000
93739  -31.077  26.230  -6.396 0.0000000000
93741  -32.362  27.136  -5.434 0.0000000000
93743  -35.730  26.662  -6.456 0.0000000000
93753  -37.174  26.720  -8.085 0.0000000000
93790  -39.550  27.187  -11.433 0.0000000000
93808  -36.602  27.282  -11.984 0.0000000000
93824  -36.428  27.184  -12.241 0.0000000000
93825  -39.164  26.426  -13.053 0.0000000000
93837  -39.505  26.729  -13.205 0.0000000000
93851  -39.232  26.523  -14.168 0.0000000000
93881  -38.104  26.546  -17.649 0.0000000000
93903  -38.832  27.391  -18.041 0.0000000000
93933  -38.794  27.464  -19.063 0.0000000000
94455  -30.801  26.897  -0.848 0.0000000000
94456  -31.061  27.068  -0.751 0.0000000000
94457  -31.509  27.124  -0.828 0.0000000000
94464  -30.664  27.089  -0.996 0.0000000000
94465  -31.229  27.466  -0.996 0.0000000000
94468  -33.613  27.892  -1.617 0.0000000000
94480  -34.192  27.904  -1.834 0.0000000000
94490  -31.856  27.204  -2.803 0.0000000000
94493  -34.651  27.637  -2.370 0.0000000000
94495  -35.992  28.139  -3.222 0.0000000000
94506  -33.179  27.974  -3.968 0.0000000000
94524  -33.399  28.075  -5.478 0.0000000000
94598  -38.828  28.748  -11.256 0.0000000000
94638  -39.949  27.449  -12.995 0.0000000000
94663  -36.388  28.063  -16.088 0.0000000000
94664  -39.007  27.467  -17.044 0.0000000000
94665  -39.237  28.082  -17.042 0.0000000000
94683  -39.989  28.409  -17.731 0.0000000000
94684  -40.351  28.671  -17.908 0.0000000000
94698  -39.304  27.862  -18.806 0.0000000000
94700  -40.280  28.530  -18.092 0.0000000000
94714  -39.500  28.305  -19.009 0.0000000000
95203  -32.751  27.735  -1.633 0.0000000000
95209  -32.783  28.169  -2.042 0.0000000000
95213  -35.756  28.904  -2.716 0.0000000000
95221  -33.009  28.334  -2.645 0.0000000000
95236  -34.276  28.927  -4.077 0.0000000000
95272  -32.214  27.884  -7.628 0.0000000000
95308  -40.985  29.200  -12.351 0.0000000000
95323  -39.016  29.238  -10.812 0.0000000000
95348  -38.742  28.251  -13.852 0.0000000000
95383  -39.327  28.422  -17.209 0.0000000000
95395  -36.879  28.555  -17.766 0.0000000000
95397  -38.962  28.890  -17.290 0.0000000000
95398  -39.678  28.719  -17.475 0.0000000000
95399  -40.274  28.858  -17.754 0.0000000000
95415  -38.017  28.868  -18.625 0.0000000000
95416  -39.056  29.168  -19.127 0.0000000000
95417  -39.751  28.765  -18.706 0.0000000000
95418  -40.259  28.718  -18.188 0.0000000000
95427  -36.833  28.206  -19.230 0.0000000000
95429  -38.495  28.451  -19.355 0.0000000000
95936  -34.029  28.830  -2.429 0.0000000000
95939  -35.946  29.319  -2.976 0.0000000000
95945  -34.166  29.005  -2.878 0.0000000000
95963  -36.888  29.596  -4.143 0.0000000000
95964  -37.307  30.047  -4.332 0.0000000000
95997  -34.102  29.438  -6.541 0.0000000000
96005  -33.174  28.915  -7.735 0.0000000000
96024  -34.772  29.880  -9.917 0.0000000000
96043  -40.117  30.064  -10.191 0.0000000000
96061  -39.888  29.990  -11.026 0.0000000000
96076  -30.663  29.555  -12.831 0.0000000000
96079  -39.786  29.519  -11.510 0.0000000000
96090  -27.621  29.377  -14.908 0.0000000000
96109  -38.557  29.295  -18.026 0.0000000000
96112  -40.104  29.083  -17.666 0.0000000000
96126  -38.360  29.222  -18.183 0.0000000000
96128  -39.469  29.242  -18.367 0.0000000000
96129  -40.140  29.140  -18.091 0.0000000000
96711  -36.091  30.053  -3.742 0.0000000000
96795  -33.673  30.910  -11.074 0.0000000000
96810  -33.090  30.048  -11.718 0.0000000000
96838  -28.906  30.433  -14.071 0.0000000000
96845  -29.170  30.967  -14.343 0.0000000000
97562  -36.248  32.589  -4.640 0.0000000000
97563  -36.376  32.347  -4.801 0.0000000000
97582  -37.145  31.363  -5.715 0.0000000000
97616  -35.148  32.067  -8.839 0.0000000000
97633  -33.813  31.123  -10.893 0.0000000000
97684  -32.318  31.644  -12.651 0.0000000000
97704  -29.435  31.742  -14.915 0.0000000000
97714  -27.245  31.585  -16.393 0.0000000000
97724  -26.946  31.541  -17.106 0.0000000000
98482  -36.109  32.912  -4.586 0.0000000000
98504  -35.642  32.778  -4.983 0.0000000000
98505  -36.571  32.385  -5.247 0.0000000000
98631  -31.403  32.639  -14.070 0.0000000000
98645  -30.226  32.257  -15.013 0.0000000000
98646  -30.930  32.662  -14.610 0.0000000000
98654  -27.612  32.129  -16.766 0.0000000000
98656  -29.229  32.540  -16.258 0.0000000000
99363  -36.149  33.182  -4.853 0.0000000000
99364  -36.300  33.053  -4.702 0.0000000000
99384  -35.727  33.283  -5.761 0.0000000000
99385  -35.997  33.251  -5.199 0.0000000000
99386  -36.425  33.068  -4.982 0.0000000000
99401  -36.396  32.981  -5.637 0.0000000000
99436  -35.351  33.894  -9.501 0.0000000000
99452  -35.129  34.349  -11.673 0.0000000000
99471  -35.126  34.123  -12.154 0.0000000000
100267  -35.316  34.968  -13.023 0.0000000000
100971  -35.143  35.298  -8.935 0.0000000000
101794  -35.211  35.577  -9.081 0.0000000000
101801  -35.081  35.655  -9.294 0.0000000000
122952  -35.554  21.953  -22.369 0.0000000000
122961  -35.828  21.604  -22.724 0.0000000000
122964  -37.018  20.873  -24.358 0.0000000000
123093  -40.324  27.852  -12.134 0.0000000000
123094  -41.517  28.653  -12.764 0.0000000000
123097  -38.513  28.209  -11.846 0.0000000000
123100  -38.275  27.960  -12.561 0.0000000000
123103  -39.046  30.512  -6.915 0.0000000000
123107  -38.864  30.170  -6.945 0.0000000000
123108  -38.607  30.418  -6.879 0.0000000000
123109  -38.355  30.562  -7.151 0.0000000000
123112  -38.726  30.531  -7.450 0.0000000000
