#!ascii label  , from subject sub-NDARAG610XL4 vox2ras=TkReg
797
57248  -23.602  -4.610  37.572 0.0000000000
74262  -39.362  8.435  26.982 0.0000000000
80224  -39.355  13.329  18.713 0.0000000000
81374  -46.282  14.055  12.672 0.0000000000
70113  -36.499  5.832  28.691 0.0000000000
83584  -44.229  14.906  16.843 0.0000000000
81456  -41.263  14.843  8.029 0.0000000000
84827  -45.044  17.395  6.245 0.0000000000
76713  -42.061  10.011  25.848 0.0000000000
81223  -41.448  14.364  23.133 0.0000000000
76767  -39.461  10.659  23.174 0.0000000000
63725  -23.894  0.001  40.062 0.0000000000
121814  -29.199  -1.464  39.516 0.0000000000
61183  -34.039  -2.022  37.574 0.0000000000
61212  -38.233  -1.507  35.731 0.0000000000
64934  -39.353  0.522  33.081 0.0000000000
68717  -38.777  3.778  30.769 0.0000000000
71419  -41.288  6.299  29.836 0.0000000000
81261  -44.540  14.264  20.110 0.0000000000
86906  -46.218  19.679  6.060 0.0000000000
76683  -40.618  10.497  27.129 0.0000000000
79027  -40.798  12.076  26.044 0.0000000000
75581  -39.695  9.626  24.693 0.0000000000
63743  -24.078  -1.522  37.692 0.0000000000
62452  -27.391  -1.329  39.262 0.0000000000
121855  -36.176  1.621  33.498 0.0000000000
67384  -39.344  2.536  31.910 0.0000000000
67381  -36.345  3.651  32.050 0.0000000000
71482  -38.391  6.881  27.665 0.0000000000
72818  -38.519  6.815  30.500 0.0000000000
74228  -39.761  8.446  28.948 0.0000000000
74264  -42.166  8.146  27.689 0.0000000000
82350  -39.899  15.454  21.736 0.0000000000
82339  -42.049  14.506  20.516 0.0000000000
83521  -41.682  15.979  19.818 0.0000000000
82430  -46.009  14.703  15.273 0.0000000000
82402  -46.768  15.220  16.314 0.0000000000
80279  -47.824  13.081  14.984 0.0000000000
78087  -47.046  11.651  13.468 0.0000000000
81457  -43.790  15.250  8.520 0.0000000000
80359  -43.058  14.202  9.985 0.0000000000
68729  -34.705  4.436  29.738 0.0000000000
78070  -44.770  11.370  14.125 0.0000000000
84809  -42.871  17.320  7.514 0.0000000000
82528  -45.278  16.324  6.867 0.0000000000
85901  -48.268  17.997  7.913 0.0000000000
75583  -42.874  9.113  24.688 0.0000000000
80151  -41.608  12.531  25.004 0.0000000000
81215  -40.035  14.111  23.916 0.0000000000
59851  -23.937  -2.254  39.148 0.0000000000
58562  -31.197  -3.478  38.527 0.0000000000
61175  -31.843  -2.441  38.276 0.0000000000
57237  -33.774  -4.185  37.504 0.0000000000
57268  -35.215  -4.764  37.029 0.0000000000
57279  -37.537  -4.174  35.406 0.0000000000
58631  -40.024  -3.604  34.425 0.0000000000
62496  -39.350  -0.956  34.360 0.0000000000
62532  -39.524  -0.708  31.500 0.0000000000
70067  -37.116  5.741  30.632 0.0000000000
68719  -40.196  4.779  30.586 0.0000000000
67431  -41.861  4.089  28.402 0.0000000000
70116  -43.615  5.603  27.764 0.0000000000
72885  -43.726  7.193  26.302 0.0000000000
82388  -45.115  16.000  18.072 0.0000000000
79254  -43.118  12.999  10.560 0.0000000000
80315  -45.310  13.024  11.631 0.0000000000
58552  -22.274  -3.060  39.854 0.0000000000
75539  -39.716  9.890  27.149 0.0000000000
76709  -40.163  10.439  26.445 0.0000000000
75569  -39.111  8.873  25.957 0.0000000000
121850  -35.303  2.210  33.302 0.0000000000
67362  -36.751  3.084  33.008 0.0000000000
67360  -35.131  2.959  32.729 0.0000000000
72860  -39.038  7.649  27.418 0.0000000000
72845  -38.625  7.686  28.333 0.0000000000
74242  -39.281  8.635  27.716 0.0000000000
75523  -40.283  9.654  27.563 0.0000000000
83506  -40.969  16.124  20.970 0.0000000000
82370  -40.371  15.384  19.589 0.0000000000
82447  -46.292  14.695  14.200 0.0000000000
82449  -47.424  15.241  13.886 0.0000000000
81361  -47.010  14.340  13.383 0.0000000000
79206  -47.324  12.558  14.167 0.0000000000
80291  -46.587  13.053  12.994 0.0000000000
81458  -43.986  14.779  7.874 0.0000000000
80377  -43.729  13.662  8.287 0.0000000000
80398  -44.231  13.736  7.337 0.0000000000
82543  -43.462  15.975  6.218 0.0000000000
84810  -43.641  17.301  7.125 0.0000000000
84795  -44.317  17.069  7.855 0.0000000000
84811  -44.921  17.225  6.970 0.0000000000
83709  -46.070  17.201  6.775 0.0000000000
85898  -45.873  18.181  6.794 0.0000000000
85917  -47.318  19.131  6.796 0.0000000000
76728  -42.477  10.001  25.434 0.0000000000
77925  -42.278  11.066  24.742 0.0000000000
79030  -41.633  11.577  25.509 0.0000000000
77923  -39.748  11.431  24.635 0.0000000000
80148  -40.456  13.098  24.914 0.0000000000
79079  -39.503  12.518  23.065 0.0000000000
80175  -39.206  13.535  22.552 0.0000000000
77951  -39.335  11.639  22.652 0.0000000000
59848  -24.603  -1.794  39.603 0.0000000000
61171  -25.466  -1.388  39.755 0.0000000000
61195  -33.149  -1.526  37.301 0.0000000000
61182  -32.511  -1.928  38.042 0.0000000000
58563  -32.603  -3.368  38.028 0.0000000000
58565  -33.726  -3.945  36.836 0.0000000000
57255  -34.669  -4.447  37.293 0.0000000000
58580  -34.992  -3.576  36.638 0.0000000000
58601  -37.717  -2.975  35.961 0.0000000000
58614  -39.003  -3.604  34.875 0.0000000000
61213  -39.000  -2.008  35.449 0.0000000000
121847  -38.163  0.811  33.519 0.0000000000
63773  -38.805  0.097  33.818 0.0000000000
63774  -39.481  0.069  33.551 0.0000000000
63763  -39.893  -1.151  33.639 0.0000000000
63786  -39.740  -0.522  32.805 0.0000000000
62520  -39.733  -0.888  32.324 0.0000000000
63799  -39.679  0.009  32.152 0.0000000000
67383  -38.550  3.160  31.561 0.0000000000
66131  -39.337  1.850  30.721 0.0000000000
67399  -38.876  3.139  30.433 0.0000000000
67415  -39.418  3.393  29.708 0.0000000000
71414  -35.413  5.564  30.787 0.0000000000
71441  -36.222  6.284  30.078 0.0000000000
72820  -40.217  7.162  30.018 0.0000000000
71391  -39.801  6.013  30.801 0.0000000000
70070  -41.119  5.735  30.264 0.0000000000
68731  -40.967  4.572  29.377 0.0000000000
70092  -41.680  5.692  29.351 0.0000000000
70093  -42.145  5.907  28.727 0.0000000000
75554  -41.620  9.265  26.583 0.0000000000
72884  -43.005  7.586  26.621 0.0000000000
75556  -42.606  9.213  25.987 0.0000000000
74319  -43.332  8.228  24.798 0.0000000000
63736  -22.589  -0.592  38.837 0.0000000000
63723  -22.284  0.119  40.241 0.0000000000
61169  -22.640  -1.408  40.326 0.0000000000
80170  -41.778  12.539  23.514 0.0000000000
80176  -41.843  12.483  22.365 0.0000000000
122309  -42.199  15.175  20.437 0.0000000000
82400  -42.935  13.697  16.614 0.0000000000
122298  -43.053  15.232  17.885 0.0000000000
84670  -44.237  15.718  17.201 0.0000000000
80254  -48.242  13.014  16.347 0.0000000000
81295  -46.716  14.338  17.101 0.0000000000
80360  -43.439  13.478  9.489 0.0000000000
80333  -43.311  13.327  10.293 0.0000000000
80334  -44.084  12.724  10.679 0.0000000000
80335  -44.660  12.713  11.401 0.0000000000
79256  -44.884  11.978  11.092 0.0000000000
78116  -45.453  11.640  11.607 0.0000000000
84845  -45.487  17.671  5.571 0.0000000000
85915  -45.674  18.539  6.221 0.0000000000
86937  -46.057  18.709  4.814 0.0000000000
86938  -46.347  19.255  4.331 0.0000000000
77870  -41.159  10.972  26.983 0.0000000000
79013  -41.339  11.729  26.533 0.0000000000
79011  -40.617  11.793  26.872 0.0000000000
77910  -40.227  11.139  25.539 0.0000000000
76751  -39.544  10.578  24.178 0.0000000000
63737  -23.758  -0.489  38.509 0.0000000000
62451  -25.331  -0.972  39.493 0.0000000000
121805  -28.050  -1.023  38.342 0.0000000000
66100  -38.573  1.373  33.264 0.0000000000
66108  -38.908  1.696  32.794 0.0000000000
67363  -37.850  2.567  32.699 0.0000000000
67382  -37.393  3.458  31.895 0.0000000000
71481  -37.643  6.243  27.829 0.0000000000
72831  -37.975  6.813  29.669 0.0000000000
72844  -38.215  7.064  28.977 0.0000000000
72832  -38.869  7.709  29.476 0.0000000000
72834  -40.617  7.650  29.400 0.0000000000
72846  -41.813  7.502  28.571 0.0000000000
74245  -41.344  8.482  28.247 0.0000000000
75524  -40.796  9.413  27.493 0.0000000000
62471  -22.992  -1.733  37.214 0.0000000000
82320  -40.679  15.115  23.297 0.0000000000
82338  -41.574  14.619  21.528 0.0000000000
83491  -41.397  15.869  21.780 0.0000000000
83507  -42.012  15.974  20.892 0.0000000000
82372  -43.105  15.241  19.836 0.0000000000
82415  -45.290  14.753  15.994 0.0000000000
84693  -45.163  16.044  16.296 0.0000000000
83603  -46.500  15.718  15.354 0.0000000000
81325  -47.712  14.590  15.413 0.0000000000
83672  -42.787  16.890  10.286 0.0000000000
82480  -42.135  15.524  10.266 0.0000000000
81424  -43.302  15.159  10.183 0.0000000000
72881  -39.679  7.518  26.809 0.0000000000
71504  -38.909  6.612  26.834 0.0000000000
122293  -39.742  13.650  18.213 0.0000000000
79174  -44.056  12.199  16.063 0.0000000000
80251  -45.190  12.846  16.158 0.0000000000
79205  -45.389  12.775  14.333 0.0000000000
79218  -45.189  13.193  13.725 0.0000000000
83704  -41.850  16.507  7.954 0.0000000000
83691  -43.825  16.767  9.171 0.0000000000
82510  -44.329  16.390  8.029 0.0000000000
82544  -44.970  15.287  6.790 0.0000000000
85916  -46.366  19.061  6.679 0.0000000000
85900  -47.575  18.100  7.711 0.0000000000
76741  -42.397  10.372  24.093 0.0000000000
79068  -41.984  11.620  24.207 0.0000000000
81218  -41.753  13.234  24.012 0.0000000000
80131  -41.250  12.619  26.102 0.0000000000
81204  -41.146  13.782  24.868 0.0000000000
81216  -40.779  14.233  24.200 0.0000000000
81222  -39.828  14.216  23.066 0.0000000000
81228  -38.877  14.172  21.848 0.0000000000
72906  -40.386  8.106  24.614 0.0000000000
74330  -39.811  8.797  23.182 0.0000000000
75609  -39.322  9.649  21.553 0.0000000000
58572  -23.603  -3.365  38.477 0.0000000000
58573  -24.530  -3.115  38.481 0.0000000000
57251  -30.942  -5.037  36.639 0.0000000000
121795  -27.998  -1.736  37.670 0.0000000000
121799  -29.341  -0.813  38.383 0.0000000000
61174  -30.751  -2.067  38.915 0.0000000000
58577  -32.133  -3.752  37.927 0.0000000000
54521  -36.144  -5.949  35.509 0.0000000000
54497  -37.342  -6.315  35.867 0.0000000000
121829  -37.423  -0.078  35.200 0.0000000000
62495  -38.367  -0.604  34.480 0.0000000000
62491  -38.701  -1.248  35.020 0.0000000000
62493  -39.868  -1.811  34.261 0.0000000000
59907  -40.481  -2.763  33.788 0.0000000000
64956  -39.445  1.072  31.666 0.0000000000
68696  -35.189  4.353  30.892 0.0000000000
70045  -36.295  4.959  30.871 0.0000000000
68700  -38.222  4.307  31.019 0.0000000000
71417  -37.922  6.054  30.491 0.0000000000
70027  -38.934  5.211  30.908 0.0000000000
68718  -39.198  4.347  30.674 0.0000000000
67416  -40.080  4.041  29.547 0.0000000000
67430  -41.024  4.137  28.645 0.0000000000
68775  -43.999  5.052  27.248 0.0000000000
71463  -42.595  6.538  27.887 0.0000000000
71484  -43.667  6.360  26.970 0.0000000000
70143  -44.360  5.823  26.119 0.0000000000
71552  -43.917  6.701  24.703 0.0000000000
61168  -21.921  -1.531  40.184 0.0000000000
122306  -41.538  14.739  18.489 0.0000000000
83533  -43.673  15.999  18.743 0.0000000000
82373  -44.553  15.329  19.317 0.0000000000
82389  -45.699  15.478  17.391 0.0000000000
81284  -46.180  14.978  18.103 0.0000000000
81275  -46.566  13.710  19.470 0.0000000000
78085  -44.331  11.513  13.249 0.0000000000
81372  -44.930  13.980  12.775 0.0000000000
80331  -41.827  13.915  10.405 0.0000000000
79253  -42.504  12.715  10.418 0.0000000000
79236  -43.258  12.326  11.209 0.0000000000
80314  -44.605  13.153  11.701 0.0000000000
80300  -45.753  13.653  12.145 0.0000000000
78098  -46.265  11.813  12.560 0.0000000000
57229  -22.766  -4.270  38.098 0.0000000000
75538  -39.121  9.237  27.086 0.0000000000
75553  -39.480  9.759  26.436 0.0000000000
75552  -38.943  9.022  26.408 0.0000000000
121856  -35.364  1.665  32.054 0.0000000000
121853  -35.058  2.153  32.222 0.0000000000
66116  -34.941  2.386  31.082 0.0000000000
75521  -39.445  9.289  27.397 0.0000000000
81272  -39.004  14.356  19.603 0.0000000000
82369  -39.640  15.119  20.046 0.0000000000
81283  -39.411  14.493  18.807 0.0000000000
81360  -46.222  14.360  13.341 0.0000000000
80292  -46.816  13.485  13.291 0.0000000000
80421  -44.783  13.892  6.696 0.0000000000
85914  -45.459  17.694  6.506 0.0000000000
85897  -45.616  17.876  6.623 0.0000000000
77898  -42.042  10.744  25.526 0.0000000000
77897  -41.741  11.031  25.752 0.0000000000
77938  -39.393  11.572  23.669 0.0000000000
79067  -39.650  12.478  24.104 0.0000000000
61167  -23.605  -0.543  40.300 0.0000000000
62447  -24.211  -0.321  40.112 0.0000000000
121812  -28.149  -1.935  40.044 0.0000000000
59861  -33.453  -2.424  37.721 0.0000000000
59856  -33.705  -2.864  37.304 0.0000000000
59857  -34.095  -3.264  36.866 0.0000000000
58579  -34.392  -3.785  36.764 0.0000000000
59863  -34.658  -2.984  36.563 0.0000000000
61207  -37.418  -1.553  36.264 0.0000000000
59880  -37.620  -2.478  36.272 0.0000000000
61208  -38.336  -1.962  36.309 0.0000000000
59892  -38.716  -2.832  35.311 0.0000000000
64933  -38.969  0.867  33.212 0.0000000000
63775  -39.809  -0.710  33.358 0.0000000000
63785  -39.579  0.071  32.927 0.0000000000
64943  -39.196  0.895  32.564 0.0000000000
71458  -35.740  6.058  29.607 0.0000000000
71459  -36.415  6.182  29.337 0.0000000000
71443  -40.903  6.905  29.592 0.0000000000
71418  -40.575  6.392  30.367 0.0000000000
70114  -42.241  5.351  28.620 0.0000000000
71444  -41.765  6.646  29.087 0.0000000000
76712  -41.730  9.853  26.261 0.0000000000
75555  -42.110  9.323  26.357 0.0000000000
75571  -42.951  8.970  25.330 0.0000000000
63728  -23.056  0.014  39.467 0.0000000000
63724  -23.257  0.174  40.137 0.0000000000
62445  -22.488  -0.396  39.998 0.0000000000
81224  -41.579  13.662  22.783 0.0000000000
81262  -45.666  13.810  20.303 0.0000000000
83583  -43.903  15.195  17.274 0.0000000000
80376  -41.086  13.945  8.435 0.0000000000
79281  -43.841  12.174  9.773 0.0000000000
77869  -41.031  11.044  26.942 0.0000000000
78998  -40.854  11.562  27.169 0.0000000000
77868  -40.824  11.030  26.830 0.0000000000
76726  -40.011  10.296  25.809 0.0000000000
76710  -40.274  10.686  25.976 0.0000000000
76740  -39.691  10.427  25.107 0.0000000000
63730  -26.549  -1.703  38.240 0.0000000000
121844  -37.158  1.050  33.470 0.0000000000
67344  -37.207  2.002  33.389 0.0000000000
121857  -38.136  1.891  33.185 0.0000000000
67345  -37.721  2.205  33.183 0.0000000000
67361  -35.711  3.347  33.070 0.0000000000
71461  -38.081  6.822  28.369 0.0000000000
74227  -39.246  8.316  28.565 0.0000000000
72833  -39.905  7.855  29.627 0.0000000000
74229  -40.531  8.342  29.035 0.0000000000
74244  -40.414  8.926  28.296 0.0000000000
76684  -40.873  10.331  27.272 0.0000000000
76697  -41.224  10.191  27.001 0.0000000000
62463  -23.306  -1.655  37.526 0.0000000000
63742  -23.213  -0.965  38.072 0.0000000000
82335  -40.145  15.190  22.726 0.0000000000
82336  -40.890  15.270  22.447 0.0000000000
83490  -40.593  15.920  21.997 0.0000000000
83520  -40.890  15.978  20.019 0.0000000000
83602  -45.561  15.704  15.774 0.0000000000
83620  -46.500  15.281  14.941 0.0000000000
81342  -47.788  14.187  14.285 0.0000000000
82432  -48.015  14.923  14.443 0.0000000000
81326  -48.096  14.061  15.204 0.0000000000
80264  -48.105  13.015  15.538 0.0000000000
79208  -48.015  12.130  15.649 0.0000000000
82494  -43.709  16.049  9.717 0.0000000000
82482  -43.343  16.130  10.476 0.0000000000
81441  -43.609  15.286  9.260 0.0000000000
79301  -43.625  12.698  8.758 0.0000000000
76900  -44.627  10.881  14.436 0.0000000000
79204  -45.124  11.915  14.635 0.0000000000
80277  -45.507  13.508  14.057 0.0000000000
79217  -44.885  12.395  13.667 0.0000000000
83723  -43.266  16.544  6.525 0.0000000000
83722  -42.526  16.275  6.953 0.0000000000
82541  -41.984  15.460  6.878 0.0000000000
83705  -42.370  16.942  7.591 0.0000000000
84792  -42.124  17.516  8.542 0.0000000000
84793  -42.682  17.702  8.164 0.0000000000
83707  -44.594  16.748  7.648 0.0000000000
83692  -44.148  16.775  8.327 0.0000000000
82527  -44.650  15.870  7.451 0.0000000000
82545  -45.691  15.776  6.549 0.0000000000
86905  -45.937  19.289  5.749 0.0000000000
74332  -42.509  8.501  23.713 0.0000000000
75582  -42.526  9.509  24.055 0.0000000000
79069  -42.056  11.482  24.736 0.0000000000
80165  -41.742  12.467  24.391 0.0000000000
81206  -41.721  12.927  24.566 0.0000000000
80111  -40.718  12.341  26.994 0.0000000000
79028  -40.671  12.764  25.960 0.0000000000
80164  -40.087  13.221  24.383 0.0000000000
81203  -40.488  13.724  24.728 0.0000000000
82319  -40.072  14.683  23.447 0.0000000000
79087  -39.265  12.575  22.153 0.0000000000
58560  -24.003  -2.740  38.786 0.0000000000
59852  -25.196  -2.411  39.180 0.0000000000
58575  -30.264  -4.427  37.513 0.0000000000
58576  -31.066  -4.280  38.146 0.0000000000
57234  -31.096  -4.648  37.337 0.0000000000
121777  -28.935  -1.631  37.647 0.0000000000
121806  -28.732  -0.905  37.975 0.0000000000
57218  -33.274  -3.653  38.014 0.0000000000
57236  -32.941  -3.971  37.581 0.0000000000
57253  -32.698  -4.735  37.229 0.0000000000
55857  -33.414  -5.237  37.002 0.0000000000
55859  -34.983  -4.976  37.254 0.0000000000
55880  -35.211  -5.440  36.613 0.0000000000
55903  -35.410  -5.830  36.064 0.0000000000
55904  -35.711  -5.705  35.890 0.0000000000
58600  -37.000  -3.385  36.011 0.0000000000
57270  -36.990  -4.597  35.591 0.0000000000
55882  -37.168  -5.589  35.878 0.0000000000
57271  -37.574  -5.158  35.846 0.0000000000
55883  -37.923  -5.640  35.963 0.0000000000
57281  -39.085  -4.627  34.976 0.0000000000
57295  -39.648  -4.505  34.359 0.0000000000
55922  -39.510  -5.161  33.851 0.0000000000
63761  -39.255  -0.314  34.120 0.0000000000
121840  -38.376  -0.298  33.962 0.0000000000
62492  -39.512  -1.572  34.625 0.0000000000
62501  -40.166  -1.494  33.412 0.0000000000
61220  -40.470  -2.077  33.638 0.0000000000
59918  -40.579  -2.725  33.344 0.0000000000
58665  -40.913  -3.420  33.221 0.0000000000
61245  -39.685  -1.646  32.053 0.0000000000
67365  -39.205  2.185  32.377 0.0000000000
66109  -39.400  1.777  32.161 0.0000000000
66118  -39.587  1.928  31.417 0.0000000000
67397  -35.149  3.160  30.094 0.0000000000
68716  -34.902  4.275  30.640 0.0000000000
71387  -36.532  5.720  30.852 0.0000000000
71386  -35.952  5.606  31.053 0.0000000000
70046  -37.169  5.176  30.639 0.0000000000
72817  -37.703  6.456  30.211 0.0000000000
71370  -39.676  5.610  30.868 0.0000000000
71368  -39.144  5.531  30.761 0.0000000000
70048  -39.547  5.157  31.364 0.0000000000
68701  -39.259  4.860  31.251 0.0000000000
68702  -39.772  5.015  31.228 0.0000000000
67401  -39.750  4.204  30.343 0.0000000000
68751  -41.418  4.457  28.741 0.0000000000
66168  -41.688  3.481  28.173 0.0000000000
68753  -42.869  4.767  28.426 0.0000000000
68755  -43.818  5.265  27.627 0.0000000000
74246  -41.973  7.947  28.240 0.0000000000
71462  -42.131  6.862  28.423 0.0000000000
72847  -42.234  7.394  28.045 0.0000000000
72862  -43.343  7.045  26.981 0.0000000000
71507  -44.000  6.567  26.481 0.0000000000
71485  -44.016  6.071  26.610 0.0000000000
71508  -44.233  6.422  26.182 0.0000000000
71530  -44.328  6.420  25.679 0.0000000000
72927  -44.197  6.876  25.488 0.0000000000
74318  -42.863  8.684  24.330 0.0000000000
59847  -23.160  -2.044  39.716 0.0000000000
58559  -22.943  -2.988  38.920 0.0000000000
81230  -42.002  13.253  21.180 0.0000000000
81231  -42.694  13.717  20.274 0.0000000000
122287  -40.044  13.607  18.004 0.0000000000
80225  -39.875  14.107  18.362 0.0000000000
83546  -44.310  16.125  17.884 0.0000000000
122303  -43.170  15.488  18.206 0.0000000000
82381  -44.380  15.878  18.826 0.0000000000
83586  -46.169  16.077  16.233 0.0000000000
83564  -45.979  16.037  16.936 0.0000000000
82401  -46.216  15.635  16.751 0.0000000000
81285  -46.619  13.983  18.341 0.0000000000
81274  -45.526  14.652  19.319 0.0000000000
79225  -44.240  12.425  12.618 0.0000000000
81423  -42.848  14.894  10.487 0.0000000000
81406  -41.882  14.865  10.499 0.0000000000
80332  -42.711  13.973  10.333 0.0000000000
78136  -42.158  11.871  10.304 0.0000000000
79235  -42.828  12.260  10.785 0.0000000000
81390  -45.207  13.805  11.837 0.0000000000
80316  -45.848  13.203  12.011 0.0000000000
79238  -45.872  12.515  12.054 0.0000000000
76696  -40.154  10.136  27.345 0.0000000000
76695  -40.389  10.552  26.958 0.0000000000
75570  -39.404  9.453  25.664 0.0000000000
67343  -35.972  2.515  33.483 0.0000000000
67380  -35.602  3.549  31.915 0.0000000000
74243  -39.762  8.952  28.169 0.0000000000
75522  -39.729  9.383  27.604 0.0000000000
81244  -39.320  14.742  21.392 0.0000000000
83505  -40.446  15.849  21.465 0.0000000000
82361  -39.738  15.268  20.884 0.0000000000
82362  -40.354  15.607  20.450 0.0000000000
83532  -41.073  15.619  19.363 0.0000000000
83639  -46.632  15.426  14.231 0.0000000000
82448  -46.746  15.069  13.801 0.0000000000
81362  -47.586  14.622  13.793 0.0000000000
81341  -47.497  14.175  13.811 0.0000000000
79207  -47.706  12.406  14.673 0.0000000000
80278  -47.305  13.392  14.060 0.0000000000
79220  -46.859  12.598  13.624 0.0000000000
79219  -46.569  12.614  13.114 0.0000000000
82526  -44.072  15.506  8.107 0.0000000000
79321  -43.739  12.632  7.644 0.0000000000
84794  -43.736  17.316  8.357 0.0000000000
83708  -45.253  16.861  6.983 0.0000000000
84812  -45.971  17.631  6.905 0.0000000000
87935  -46.705  20.081  5.430 0.0000000000
86907  -46.806  19.745  6.358 0.0000000000
87922  -47.005  20.114  6.123 0.0000000000
86922  -47.328  19.780  5.989 0.0000000000
85918  -48.093  18.376  7.059 0.0000000000
76742  -42.641  10.134  24.763 0.0000000000
77912  -42.327  10.765  25.166 0.0000000000
79050  -42.096  11.343  25.081 0.0000000000
79047  -40.417  12.363  25.039 0.0000000000
79048  -40.641  12.624  25.672 0.0000000000
80169  -39.895  13.293  23.415 0.0000000000
77964  -39.425  11.747  21.651 0.0000000000
61166  -23.008  -0.665  40.702 0.0000000000
59849  -25.904  -1.821  39.513 0.0000000000
59855  -32.806  -2.763  38.158 0.0000000000
58564  -33.172  -3.645  37.573 0.0000000000
57219  -33.498  -3.856  37.736 0.0000000000
57254  -33.694  -4.484  37.309 0.0000000000
57238  -34.070  -4.332  37.162 0.0000000000
57239  -34.695  -3.935  37.008 0.0000000000
57256  -35.024  -3.869  37.140 0.0000000000
58613  -37.920  -3.489  35.502 0.0000000000
57280  -38.120  -4.630  35.538 0.0000000000
59893  -39.422  -2.676  34.948 0.0000000000
121836  -38.290  -0.126  33.706 0.0000000000
63762  -39.728  -0.720  33.847 0.0000000000
62497  -39.993  -1.548  33.886 0.0000000000
62509  -40.023  -1.148  32.985 0.0000000000
63800  -39.699  -0.537  32.511 0.0000000000
66117  -39.095  2.524  31.029 0.0000000000
67414  -38.907  2.890  29.639 0.0000000000
66145  -39.443  3.040  29.000 0.0000000000
68730  -34.948  5.092  29.541 0.0000000000
70090  -34.740  4.981  30.408 0.0000000000
71440  -35.374  5.937  30.221 0.0000000000
71415  -36.016  6.116  30.768 0.0000000000
71416  -36.981  6.111  30.537 0.0000000000
72819  -39.448  7.344  30.365 0.0000000000
72796  -39.296  6.599  30.731 0.0000000000
72797  -39.901  6.769  30.588 0.0000000000
70069  -40.423  5.606  30.694 0.0000000000
68732  -41.136  5.144  29.861 0.0000000000
68752  -41.821  4.803  28.760 0.0000000000
70115  -42.847  5.636  28.188 0.0000000000
74263  -41.710  8.686  27.104 0.0000000000
74285  -42.410  8.424  26.706 0.0000000000
74286  -43.055  8.200  26.068 0.0000000000
74305  -43.469  7.808  25.523 0.0000000000
62461  -22.176  -1.197  38.363 0.0000000000
63735  -21.915  -0.514  39.193 0.0000000000
63722  -21.643  -0.253  40.266 0.0000000000
122289  -42.762  14.909  17.869 0.0000000000
82399  -43.263  15.023  17.621 0.0000000000
122312  -43.941  15.750  17.556 0.0000000000
83562  -44.643  16.272  17.236 0.0000000000
80253  -47.351  13.551  16.656 0.0000000000
80313  -43.787  12.793  11.009 0.0000000000
79237  -45.394  12.334  11.582 0.0000000000
84828  -45.513  17.989  5.939 0.0000000000
85931  -45.673  18.301  5.660 0.0000000000
86920  -45.923  18.909  5.317 0.0000000000
86921  -46.307  19.590  5.263 0.0000000000
87958  -46.765  20.009  4.524 0.0000000000
76698  -41.555  10.375  26.484 0.0000000000
77883  -41.639  10.929  26.183 0.0000000000
79000  -41.309  11.352  26.975 0.0000000000
79012  -40.951  12.077  27.299 0.0000000000
80129  -40.648  12.260  26.731 0.0000000000
77881  -40.631  10.968  26.611 0.0000000000
77895  -40.469  11.142  26.183 0.0000000000
63729  -24.527  -0.152  39.280 0.0000000000
121794  -29.050  -0.862  39.190 0.0000000000
62490  -37.624  -0.830  35.456 0.0000000000
64942  -39.054  1.189  32.874 0.0000000000
66107  -38.429  2.178  32.782 0.0000000000
67364  -38.767  2.444  32.390 0.0000000000
70127  -36.845  5.360  27.992 0.0000000000
71460  -37.330  6.380  28.853 0.0000000000
72835  -41.275  7.575  29.061 0.0000000000
74230  -40.981  8.072  29.024 0.0000000000
75541  -41.165  9.227  27.056 0.0000000000
76711  -41.423  9.803  26.651 0.0000000000
62462  -22.825  -1.524  38.002 0.0000000000
82321  -41.345  14.986  23.159 0.0000000000
82322  -41.574  14.636  22.600 0.0000000000
82337  -41.394  15.192  22.163 0.0000000000
83492  -41.587  15.428  21.341 0.0000000000
122311  -42.015  15.454  20.732 0.0000000000
81273  -44.473  15.044  19.720 0.0000000000
82414  -44.543  14.418  16.483 0.0000000000
83601  -44.849  15.330  16.416 0.0000000000
83587  -46.792  15.715  15.657 0.0000000000
83622  -47.078  15.957  14.420 0.0000000000
82416  -47.337  15.192  15.440 0.0000000000
81311  -47.456  14.117  15.984 0.0000000000
81312  -48.056  13.524  15.770 0.0000000000
82492  -41.913  16.050  9.497 0.0000000000
81440  -41.424  14.908  8.987 0.0000000000
82481  -42.666  16.188  10.524 0.0000000000
81408  -43.033  15.473  10.850 0.0000000000
81442  -43.577  14.527  8.806 0.0000000000
81425  -43.314  14.567  9.536 0.0000000000
74281  -39.634  8.416  26.185 0.0000000000
72882  -40.184  7.521  26.135 0.0000000000
71503  -38.036  6.246  27.064 0.0000000000
80223  -38.708  12.853  18.232 0.0000000000
122278  -39.662  13.083  17.673 0.0000000000
122274  -40.233  12.633  17.236 0.0000000000
81309  -44.758  13.350  16.409 0.0000000000
81310  -45.386  13.251  16.138 0.0000000000
81324  -45.633  13.824  15.764 0.0000000000
79190  -45.297  12.496  15.171 0.0000000000
81340  -45.773  14.044  14.585 0.0000000000
81359  -45.434  14.043  13.451 0.0000000000
82525  -41.660  15.584  7.625 0.0000000000
82508  -41.624  15.811  8.465 0.0000000000
83689  -41.884  16.910  8.737 0.0000000000
84781  -43.418  17.251  9.565 0.0000000000
82509  -44.050  16.010  8.618 0.0000000000
81474  -44.601  14.714  7.061 0.0000000000
83724  -45.734  16.643  6.681 0.0000000000
85899  -46.638  18.361  7.114 0.0000000000
77924  -42.327  10.865  24.343 0.0000000000
77939  -42.240  10.996  23.692 0.0000000000
79014  -41.543  11.305  25.959 0.0000000000
79029  -41.072  12.008  25.843 0.0000000000
80132  -41.391  12.378  25.569 0.0000000000
80149  -40.806  13.100  25.509 0.0000000000
80150  -41.347  13.054  25.366 0.0000000000
81205  -41.606  13.346  24.684 0.0000000000
81217  -41.411  14.136  23.896 0.0000000000
82307  -41.023  14.911  23.947 0.0000000000
81229  -39.442  14.627  22.288 0.0000000000
80211  -39.105  13.422  19.786 0.0000000000
74302  -39.392  8.824  25.751 0.0000000000
74317  -40.127  8.862  24.190 0.0000000000
75591  -39.776  9.738  23.683 0.0000000000
76782  -39.417  10.712  22.114 0.0000000000
79138  -39.436  12.597  18.801 0.0000000000
57230  -23.917  -3.801  38.061 0.0000000000
57231  -24.485  -3.520  38.052 0.0000000000
59854  -31.565  -2.784  38.558 0.0000000000
57235  -32.003  -4.450  37.672 0.0000000000
55858  -34.396  -5.113  37.262 0.0000000000
58590  -35.522  -3.388  36.591 0.0000000000
57269  -35.802  -4.256  36.587 0.0000000000
55881  -36.257  -5.372  35.930 0.0000000000
55905  -38.662  -5.580  35.333 0.0000000000
61214  -39.726  -2.089  34.658 0.0000000000
59894  -40.034  -2.669  34.462 0.0000000000
59895  -40.320  -2.485  34.084 0.0000000000
59906  -40.400  -2.982  34.170 0.0000000000
57297  -41.096  -3.856  33.902 0.0000000000
63813  -39.661  0.313  30.962 0.0000000000
64972  -39.677  1.294  30.951 0.0000000000
67379  -35.369  3.301  31.335 0.0000000000
68697  -35.432  4.074  30.920 0.0000000000
70066  -35.189  5.176  30.907 0.0000000000
70044  -35.571  4.956  31.018 0.0000000000
68698  -36.040  3.926  30.831 0.0000000000
68699  -36.863  3.871  30.733 0.0000000000
71442  -37.078  6.454  29.831 0.0000000000
72795  -38.931  6.342  30.701 0.0000000000
71389  -38.707  5.876  30.600 0.0000000000
70047  -38.236  5.200  30.413 0.0000000000
68680  -38.835  4.918  31.090 0.0000000000
67400  -39.393  3.792  30.302 0.0000000000
66146  -39.807  3.516  29.164 0.0000000000
71445  -42.273  6.292  28.450 0.0000000000
70128  -43.136  6.020  27.734 0.0000000000
72861  -42.702  7.367  27.329 0.0000000000
71483  -43.194  6.548  27.413 0.0000000000
72926  -43.947  7.313  25.084 0.0000000000
72942  -43.449  7.400  24.456 0.0000000000
59846  -21.969  -2.144  40.102 0.0000000000
82380  -40.182  14.997  18.808 0.0000000000
82371  -40.803  15.188  19.103 0.0000000000
122280  -42.511  15.079  18.225 0.0000000000
84672  -44.905  16.269  16.576 0.0000000000
83563  -45.238  16.254  17.078 0.0000000000
82382  -45.228  15.399  18.517 0.0000000000
80289  -44.787  13.501  13.197 0.0000000000
81422  -41.642  14.887  9.941 0.0000000000
80357  -41.320  13.943  9.465 0.0000000000
79279  -41.529  13.030  9.799 0.0000000000
79252  -41.914  13.023  10.137 0.0000000000
78135  -41.811  12.416  10.092 0.0000000000
78115  -43.112  11.661  11.298 0.0000000000
79224  -43.725  12.313  11.984 0.0000000000
80298  -44.132  12.710  11.925 0.0000000000
80299  -44.512  13.423  12.360 0.0000000000
81389  -44.809  14.002  12.113 0.0000000000
81373  -45.496  14.041  12.570 0.0000000000
80301  -46.309  13.342  12.462 0.0000000000
79226  -46.401  12.601  12.679 0.0000000000
78099  -46.644  11.491  13.059 0.0000000000
78117  -45.844  11.818  12.133 0.0000000000
76955  -46.477  10.851  12.798 0.0000000000
76956  -46.990  11.046  13.212 0.0000000000
54495  -35.088  -6.047  36.108 0.0000000000
57220  -33.773  -3.777  37.494 0.0000000000
58578  -32.862  -3.538  37.884 0.0000000000
58612  -37.294  -3.902  35.532 0.0000000000
58615  -39.688  -3.106  34.706 0.0000000000
58630  -39.385  -4.082  34.529 0.0000000000
58632  -40.731  -3.499  34.051 0.0000000000
58651  -40.819  -3.442  33.627 0.0000000000
59862  -34.123  -2.659  37.174 0.0000000000
59881  -38.257  -2.604  35.866 0.0000000000
61215  -40.104  -2.069  34.102 0.0000000000
61216  -40.195  -2.060  33.974 0.0000000000
61219  -40.332  -1.867  33.931 0.0000000000
61222  -40.315  -1.601  32.862 0.0000000000
61230  -39.877  -1.406  32.530 0.0000000000
62446  -23.365  -0.219  40.305 0.0000000000
62457  -21.843  -0.732  38.844 0.0000000000
62470  -22.896  -1.730  37.459 0.0000000000
62498  -40.449  -1.733  33.983 0.0000000000
62502  -40.362  -1.827  33.649 0.0000000000
63727  -21.927  -0.338  39.717 0.0000000000
63741  -22.699  -0.974  38.283 0.0000000000
64955  -35.206  1.554  31.689 0.0000000000
67342  -35.319  2.790  33.440 0.0000000000
68681  -38.985  5.171  31.746 0.0000000000
68720  -40.719  5.327  30.391 0.0000000000
70028  -39.326  5.292  31.195 0.0000000000
70029  -39.556  5.448  30.973 0.0000000000
70043  -35.192  4.782  30.971 0.0000000000
70049  -39.799  5.374  31.029 0.0000000000
70065  -34.912  4.971  30.826 0.0000000000
70068  -37.472  5.694  30.544 0.0000000000
70091  -34.801  5.386  29.990 0.0000000000
70129  -43.489  6.057  27.481 0.0000000000
70159  -44.368  5.965  25.274 0.0000000000
71369  -39.443  5.600  30.803 0.0000000000
71388  -36.875  5.760  30.706 0.0000000000
71390  -39.223  5.994  30.701 0.0000000000
71413  -35.112  5.322  30.769 0.0000000000
71439  -34.990  5.445  30.553 0.0000000000
71464  -43.672  5.822  27.368 0.0000000000
71465  -43.776  5.799  27.011 0.0000000000
71553  -44.258  6.600  25.170 0.0000000000
72886  -44.092  6.767  26.234 0.0000000000
72908  -43.970  7.221  25.660 0.0000000000
72909  -44.182  6.841  25.925 0.0000000000
74284  -41.964  8.931  26.666 0.0000000000
75540  -39.946  9.799  27.481 0.0000000000
75771  -46.958  10.421  13.258 0.0000000000
76682  -40.663  10.675  26.942 0.0000000000
76699  -41.833  10.299  25.973 0.0000000000
76727  -40.213  10.765  25.730 0.0000000000
76899  -44.403  10.567  14.732 0.0000000000
76917  -44.309  10.614  13.885 0.0000000000
77882  -41.453  10.968  26.775 0.0000000000
77884  -41.831  10.615  25.807 0.0000000000
77896  -40.327  10.950  25.844 0.0000000000
77911  -40.244  10.957  25.639 0.0000000000
78058  -44.890  11.056  14.895 0.0000000000
78086  -46.569  12.129  13.122 0.0000000000
78999  -41.132  11.518  27.157 0.0000000000
79031  -42.052  11.112  25.317 0.0000000000
79049  -41.786  11.819  24.824 0.0000000000
79137  -38.977  12.297  18.430 0.0000000000
79175  -44.723  12.537  15.992 0.0000000000
79176  -45.049  12.531  15.727 0.0000000000
80110  -40.537  12.107  26.998 0.0000000000
80112  -41.052  12.405  26.779 0.0000000000
80130  -40.806  12.649  26.397 0.0000000000
80174  -38.810  13.660  21.962 0.0000000000
80235  -38.713  13.127  18.019 0.0000000000
80236  -39.341  13.368  17.978 0.0000000000
80252  -45.500  12.990  15.711 0.0000000000
80263  -45.745  13.231  14.930 0.0000000000
80265  -48.208  12.418  15.818 0.0000000000
80290  -45.206  13.623  13.586 0.0000000000
80302  -46.623  13.457  12.863 0.0000000000
80358  -42.974  14.583  10.304 0.0000000000
81323  -45.149  14.146  16.312 0.0000000000
81358  -45.029  13.918  13.095 0.0000000000
81375  -46.654  13.791  12.874 0.0000000000
81407  -42.415  14.991  10.654 0.0000000000
81472  -41.662  14.636  7.310 0.0000000000
82305  -40.032  14.452  23.675 0.0000000000
82306  -40.243  14.766  23.941 0.0000000000
82351  -40.287  15.708  21.112 0.0000000000
82352  -41.687  15.004  20.756 0.0000000000
82379  -39.586  15.021  19.296 0.0000000000
82417  -47.916  14.974  15.078 0.0000000000
82431  -47.486  15.509  14.614 0.0000000000
82450  -47.900  14.835  13.965 0.0000000000
82493  -42.313  16.199  10.070 0.0000000000
83493  -41.553  15.205  21.042 0.0000000000
83585  -45.377  16.168  16.370 0.0000000000
83604  -47.062  15.916  15.037 0.0000000000
83621  -46.772  15.767  14.600 0.0000000000
83640  -46.891  15.799  13.968 0.0000000000
83641  -47.212  15.699  14.178 0.0000000000
83673  -43.135  16.804  10.370 0.0000000000
83679  -42.003  16.992  9.364 0.0000000000
83680  -42.386  17.001  9.900 0.0000000000
83681  -43.574  16.774  10.025 0.0000000000
83690  -42.072  17.260  8.164 0.0000000000
83706  -42.948  16.869  7.211 0.0000000000
83721  -41.959  16.214  7.316 0.0000000000
84647  -44.361  16.085  17.235 0.0000000000
84648  -44.627  16.416  16.917 0.0000000000
84671  -44.491  15.812  16.843 0.0000000000
84692  -44.957  15.920  16.421 0.0000000000
84769  -42.996  17.298  10.063 0.0000000000
84770  -43.315  17.120  10.089 0.0000000000
84779  -42.169  17.605  9.087 0.0000000000
84780  -42.922  17.731  9.306 0.0000000000
85932  -47.563  19.368  6.169 0.0000000000
87921  -46.709  20.120  6.007 0.0000000000
121803  -28.365  -1.437  37.844 0.0000000000
122286  -39.139  12.787  17.387 0.0000000000
122307  -43.573  15.448  17.659 0.0000000000
