#!ascii label  , from subject sub-NDARAG610XL4 vox2ras=TkReg
1510
75533  -30.772  9.391  28.335 0.0000000000
85880  -38.417  18.829  8.640 0.0000000000
76935  -30.185  11.170  13.880 0.0000000000
50437  -11.185  -9.274  33.121 0.0000000000
63770  -26.184  0.600  33.144 0.0000000000
56022  -5.493  -5.501  27.940 0.0000000000
54525  -3.632  -6.558  34.853 0.0000000000
122859  -35.127  16.239  11.477 0.0000000000
56086  -4.567  -4.917  21.810 0.0000000000
50372  -7.850  -8.896  42.594 0.0000000000
67556  -30.590  3.309  20.628 0.0000000000
71456  -25.395  5.960  28.132 0.0000000000
68695  -28.414  4.577  32.338 0.0000000000
86919  -40.770  20.244  5.831 0.0000000000
80287  -32.014  14.419  13.474 0.0000000000
121335  -21.688  -2.647  30.800 0.0000000000
62654  -2.881  -0.397  22.893 0.0000000000
49218  -6.188  -10.230  29.918 0.0000000000
50556  -6.886  -8.862  26.862 0.0000000000
50544  -10.440  -9.553  28.935 0.0000000000
63731  -11.992  -1.071  39.840 0.0000000000
59828  -6.711  -3.343  42.685 0.0000000000
75681  -30.787  9.312  17.194 0.0000000000
67319  -26.898  4.045  35.923 0.0000000000
61268  -28.584  -1.119  29.229 0.0000000000
54568  -3.805  -6.737  31.539 0.0000000000
51737  -7.095  -8.144  34.250 0.0000000000
82471  -38.632  15.878  11.979 0.0000000000
121381  -13.454  -1.917  35.303 0.0000000000
121348  -15.674  -2.743  31.654 0.0000000000
57456  -6.235  -4.357  24.763 0.0000000000
51956  -6.238  -8.563  24.125 0.0000000000
55888  -5.958  -5.562  35.760 0.0000000000
54440  -6.016  -6.293  39.031 0.0000000000
50394  -10.258  -9.637  38.338 0.0000000000
74278  -32.104  8.339  26.591 0.0000000000
72900  -29.549  7.308  25.827 0.0000000000
71545  -30.676  6.497  24.462 0.0000000000
74239  -28.519  8.270  28.578 0.0000000000
71520  -26.909  6.143  25.896 0.0000000000
72792  -28.807  7.942  31.473 0.0000000000
85896  -39.304  19.283  7.055 0.0000000000
82524  -37.027  15.789  7.577 0.0000000000
83738  -37.989  16.878  5.459 0.0000000000
84858  -39.014  17.536  4.143 0.0000000000
79222  -30.743  12.648  13.214 0.0000000000
75734  -28.862  9.382  14.391 0.0000000000
78081  -28.665  11.170  12.699 0.0000000000
78112  -29.304  11.330  11.248 0.0000000000
50451  -8.781  -8.934  31.994 0.0000000000
50522  -8.720  -9.148  29.589 0.0000000000
51802  -11.295  -8.927  31.208 0.0000000000
49199  -11.584  -10.683  30.316 0.0000000000
47903  -11.568  -11.227  31.972 0.0000000000
55839  -11.801  -5.368  39.150 0.0000000000
55822  -10.287  -5.787  41.900 0.0000000000
122488  -31.478  8.310  19.343 0.0000000000
68842  -32.981  4.890  21.294 0.0000000000
66345  -31.296  2.982  18.846 0.0000000000
70291  -31.714  5.270  19.022 0.0000000000
73031  -30.247  7.122  17.544 0.0000000000
72722  -26.895  7.108  36.293 0.0000000000
66139  -26.698  2.541  29.191 0.0000000000
64968  -27.906  1.466  30.561 0.0000000000
85993  -40.873  18.894  1.029 0.0000000000
87029  -41.379  19.308  -1.431 0.0000000000
54543  -3.685  -7.066  32.974 0.0000000000
50466  -4.867  -8.914  32.474 0.0000000000
53124  -5.994  -7.740  34.751 0.0000000000
82444  -37.126  15.606  13.066 0.0000000000
79275  -33.389  12.277  9.636 0.0000000000
79250  -35.100  12.595  10.181 0.0000000000
80356  -37.121  13.404  10.423 0.0000000000
59899  -13.208  -2.096  33.204 0.0000000000
121375  -15.833  -0.904  32.257 0.0000000000
61293  -4.996  -1.788  27.093 0.0000000000
61335  -5.565  -1.548  25.342 0.0000000000
57430  -6.401  -4.427  26.335 0.0000000000
50585  -8.708  -9.788  25.855 0.0000000000
50582  -4.788  -9.275  24.984 0.0000000000
50600  -8.661  -9.211  25.295 0.0000000000
57272  -7.439  -4.369  36.079 0.0000000000
55778  -6.769  -6.172  43.680 0.0000000000
57204  -6.551  -4.702  40.780 0.0000000000
121265  -8.671  -7.205  41.323 0.0000000000
53060  -9.054  -7.559  38.672 0.0000000000
50381  -9.199  -9.489  40.253 0.0000000000
70200  -31.728  5.721  23.185 0.0000000000
71334  -29.891  6.298  34.844 0.0000000000
71367  -29.207  6.411  33.029 0.0000000000
70063  -27.470  5.614  30.743 0.0000000000
87981  -41.665  20.954  4.101 0.0000000000
84891  -39.831  17.491  2.195 0.0000000000
80310  -33.150  15.323  11.411 0.0000000000
78132  -31.566  11.979  9.875 0.0000000000
61251  -25.311  -1.807  30.114 0.0000000000
62503  -24.225  -0.900  32.288 0.0000000000
60085  -3.082  -2.886  22.594 0.0000000000
53208  -5.272  -7.105  28.890 0.0000000000
53225  -6.146  -7.164  27.361 0.0000000000
50540  -6.569  -9.155  28.061 0.0000000000
50558  -8.429  -9.487  27.645 0.0000000000
49250  -9.970  -10.026  27.275 0.0000000000
121422  -10.815  -2.210  38.567 0.0000000000
58568  -8.795  -3.408  39.404 0.0000000000
61161  -9.358  -1.731  42.110 0.0000000000
121262  -9.035  -6.240  43.958 0.0000000000
75722  -30.391  9.993  15.646 0.0000000000
73080  -29.848  8.051  15.979 0.0000000000
64919  -26.853  1.599  33.933 0.0000000000
67329  -28.625  3.800  34.165 0.0000000000
64941  -28.213  1.083  32.340 0.0000000000
62516  -27.718  -0.521  31.691 0.0000000000
58707  -3.836  -3.671  28.686 0.0000000000
57383  -2.696  -4.211  30.095 0.0000000000
54604  -4.482  -5.990  29.321 0.0000000000
51817  -4.922  -8.350  30.807 0.0000000000
50449  -6.956  -8.989  32.327 0.0000000000
51739  -8.992  -8.239  34.185 0.0000000000
84778  -37.407  17.387  9.637 0.0000000000
81439  -36.305  14.045  8.650 0.0000000000
59884  -11.282  -2.293  35.012 0.0000000000
63740  -13.066  -0.967  37.984 0.0000000000
57260  -12.551  -4.922  36.761 0.0000000000
63768  -23.329  0.545  33.311 0.0000000000
64925  -21.534  0.891  33.239 0.0000000000
63776  -18.857  0.138  31.984 0.0000000000
121359  -15.290  -1.849  32.855 0.0000000000
58618  -14.081  -4.315  34.812 0.0000000000
63914  -4.781  0.378  24.565 0.0000000000
60073  -5.133  -2.727  23.582 0.0000000000
57468  -4.586  -4.504  22.913 0.0000000000
54646  -6.461  -6.450  25.523 0.0000000000
54659  -6.257  -6.563  24.400 0.0000000000
54673  -5.652  -6.003  22.478 0.0000000000
54502  -4.606  -5.959  36.207 0.0000000000
57223  -6.025  -4.214  38.928 0.0000000000
54437  -3.709  -6.163  39.367 0.0000000000
53079  -5.267  -7.209  36.670 0.0000000000
54479  -7.509  -7.208  36.482 0.0000000000
53083  -9.537  -7.040  36.383 0.0000000000
50414  -10.379  -9.150  35.310 0.0000000000
46509  -8.160  -12.469  41.238 0.0000000000
46540  -8.875  -12.068  38.771 0.0000000000
47877  -10.785  -11.410  34.721 0.0000000000
74259  -31.709  9.101  27.314 0.0000000000
75519  -31.822  10.135  28.691 0.0000000000
74276  -29.877  8.244  27.021 0.0000000000
74277  -30.976  8.328  26.903 0.0000000000
74240  -29.544  9.293  28.735 0.0000000000
72859  -28.822  7.879  27.000 0.0000000000
75509  -30.512  9.651  29.866 0.0000000000
75508  -29.992  9.379  30.151 0.0000000000
86891  -39.050  19.365  7.759 0.0000000000
84791  -37.502  17.474  8.521 0.0000000000
83737  -37.585  16.311  5.941 0.0000000000
84808  -38.286  18.158  6.740 0.0000000000
85912  -38.702  18.389  6.285 0.0000000000
78083  -30.207  11.968  13.697 0.0000000000
79203  -31.038  13.098  14.341 0.0000000000
79202  -30.878  12.551  14.915 0.0000000000
75748  -28.618  9.639  13.793 0.0000000000
76934  -29.439  11.212  13.513 0.0000000000
78095  -30.193  11.954  12.817 0.0000000000
51758  -10.393  -8.561  33.066 0.0000000000
51800  -10.020  -8.661  31.453 0.0000000000
51759  -11.114  -8.725  32.568 0.0000000000
49171  -11.787  -10.158  31.962 0.0000000000
49160  -11.469  -10.238  32.717 0.0000000000
54456  -12.149  -6.661  38.214 0.0000000000
54455  -11.710  -6.507  39.086 0.0000000000
71614  -33.052  6.080  21.069 0.0000000000
70274  -32.175  5.198  19.759 0.0000000000
71630  -32.134  6.362  19.464 0.0000000000
73012  -31.495  7.216  18.680 0.0000000000
86980  -41.312  19.541  1.522 0.0000000000
86033  -41.052  18.615  -0.846 0.0000000000
88050  -42.202  20.858  -0.701 0.0000000000
54542  -3.417  -6.662  33.728 0.0000000000
53147  -4.216  -7.456  33.572 0.0000000000
53123  -4.682  -7.344  34.764 0.0000000000
82470  -36.253  15.665  11.861 0.0000000000
84733  -36.301  17.764  12.789 0.0000000000
81401  -34.197  14.419  10.560 0.0000000000
79276  -34.346  12.413  9.802 0.0000000000
81402  -35.549  14.410  10.847 0.0000000000
81403  -36.271  13.684  11.226 0.0000000000
121378  -16.151  -1.548  30.892 0.0000000000
63789  -17.132  -0.894  31.219 0.0000000000
63758  -25.728  1.319  33.150 0.0000000000
64928  -25.310  1.701  32.873 0.0000000000
57493  -4.513  -3.978  21.694 0.0000000000
58722  -4.919  -3.590  27.770 0.0000000000
58723  -5.437  -3.428  27.198 0.0000000000
57417  -6.191  -4.700  27.062 0.0000000000
49286  -9.267  -10.118  25.888 0.0000000000
50601  -9.840  -9.798  25.255 0.0000000000
55913  -7.893  -5.281  34.391 0.0000000000
57273  -8.440  -4.589  35.231 0.0000000000
121249  -7.551  -7.923  43.109 0.0000000000
54404  -7.243  -6.457  42.709 0.0000000000
121259  -8.168  -7.931  41.999 0.0000000000
121260  -9.059  -8.420  41.080 0.0000000000
50373  -8.615  -9.329  41.309 0.0000000000
71526  -32.385  6.863  25.276 0.0000000000
71566  -31.683  6.198  23.858 0.0000000000
71567  -32.531  6.167  23.685 0.0000000000
71568  -33.326  6.332  23.323 0.0000000000
71438  -27.411  7.363  30.123 0.0000000000
71412  -27.938  6.899  30.858 0.0000000000
71410  -26.338  6.130  29.568 0.0000000000
68747  -25.936  4.236  28.832 0.0000000000
86959  -41.097  20.152  4.091 0.0000000000
85946  -39.963  18.739  4.402 0.0000000000
84877  -39.285  17.511  3.160 0.0000000000
85967  -40.105  18.613  3.413 0.0000000000
86969  -40.447  19.017  3.081 0.0000000000
80294  -32.210  14.248  11.951 0.0000000000
83616  -32.848  16.036  14.812 0.0000000000
122857  -32.522  15.560  14.003 0.0000000000
79246  -30.933  12.549  11.395 0.0000000000
78131  -30.487  11.838  10.522 0.0000000000
79234  -31.421  13.190  11.783 0.0000000000
79247  -31.820  13.007  10.619 0.0000000000
61368  -1.671  -1.083  22.797 0.0000000000
60084  -2.087  -2.821  22.290 0.0000000000
61384  -2.620  -2.057  22.491 0.0000000000
49197  -5.635  -10.102  30.040 0.0000000000
50539  -6.012  -8.942  28.358 0.0000000000
50520  -6.601  -9.720  29.219 0.0000000000
50523  -9.883  -8.829  29.798 0.0000000000
50542  -8.507  -9.428  28.620 0.0000000000
50543  -9.499  -9.432  28.827 0.0000000000
50571  -9.248  -9.675  27.008 0.0000000000
50560  -10.200  -9.732  28.074 0.0000000000
49234  -10.988  -10.074  28.275 0.0000000000
121416  -10.680  -0.353  38.798 0.0000000000
121419  -10.009  -1.191  40.228 0.0000000000
121408  -11.051  -1.266  41.196 0.0000000000
121264  -10.058  -6.663  41.621 0.0000000000
121266  -10.046  -5.881  42.608 0.0000000000
121251  -9.686  -6.877  42.824 0.0000000000
121253  -9.391  -7.875  43.903 0.0000000000
75703  -30.774  9.615  16.433 0.0000000000
73056  -30.122  7.710  16.853 0.0000000000
73055  -29.451  7.185  16.327 0.0000000000
74435  -30.474  8.667  16.644 0.0000000000
74455  -30.131  9.054  15.808 0.0000000000
67328  -26.240  4.030  34.654 0.0000000000
66089  -25.935  3.018  34.386 0.0000000000
66091  -27.496  2.168  34.911 0.0000000000
70026  -29.264  5.436  33.337 0.0000000000
70013  -30.217  5.170  34.502 0.0000000000
67358  -28.775  3.998  32.858 0.0000000000
63838  -29.211  0.054  28.919 0.0000000000
64940  -27.999  1.491  32.105 0.0000000000
62540  -28.835  -0.112  30.253 0.0000000000
63795  -28.562  0.235  31.666 0.0000000000
61254  -28.520  -1.265  30.028 0.0000000000
61253  -27.511  -1.358  30.199 0.0000000000
55960  -3.025  -5.601  31.585 0.0000000000
55998  -3.356  -5.284  30.024 0.0000000000
55999  -3.988  -5.455  29.619 0.0000000000
54593  -4.351  -6.305  29.873 0.0000000000
53183  -4.899  -7.564  30.305 0.0000000000
53182  -4.446  -7.357  30.972 0.0000000000
51753  -6.060  -8.683  33.836 0.0000000000
50447  -5.268  -9.552  32.634 0.0000000000
51755  -7.242  -8.490  33.433 0.0000000000
51756  -8.303  -8.463  33.509 0.0000000000
51738  -7.925  -8.240  34.397 0.0000000000
83670  -38.010  16.655  11.178 0.0000000000
85811  -37.562  18.213  11.588 0.0000000000
84748  -37.317  17.708  12.153 0.0000000000
81404  -38.267  14.473  11.596 0.0000000000
80355  -36.566  13.245  9.538 0.0000000000
82478  -38.164  15.485  10.923 0.0000000000
82491  -37.263  15.505  9.830 0.0000000000
59897  -11.354  -2.235  34.272 0.0000000000
121401  -12.952  -1.813  34.510 0.0000000000
61187  -12.708  -1.559  35.782 0.0000000000
121390  -13.065  -1.609  36.444 0.0000000000
62448  -12.911  -3.229  37.547 0.0000000000
121382  -13.365  -3.199  36.824 0.0000000000
59926  -23.835  -1.601  31.504 0.0000000000
62499  -24.028  -0.295  32.601 0.0000000000
61221  -23.385  -1.309  32.317 0.0000000000
58673  -18.705  -2.602  31.255 0.0000000000
64917  -21.224  0.981  33.559 0.0000000000
63757  -19.812  0.386  33.050 0.0000000000
63778  -20.482  0.388  32.063 0.0000000000
121343  -18.965  -0.016  33.146 0.0000000000
121345  -18.191  -0.488  32.845 0.0000000000
121352  -17.138  -1.253  32.748 0.0000000000
57307  -13.720  -4.324  33.238 0.0000000000
63889  -5.159  -0.098  25.098 0.0000000000
58759  -5.938  -3.318  25.418 0.0000000000
61358  -5.542  -1.762  24.395 0.0000000000
58790  -5.162  -3.394  23.691 0.0000000000
58789  -4.735  -3.782  23.178 0.0000000000
57469  -5.187  -4.466  23.730 0.0000000000
51876  -6.284  -8.193  27.392 0.0000000000
53240  -6.199  -7.318  26.384 0.0000000000
51893  -6.318  -8.258  26.143 0.0000000000
50617  -4.481  -9.857  23.750 0.0000000000
53253  -5.084  -7.777  24.472 0.0000000000
53285  -5.858  -7.680  24.083 0.0000000000
54674  -6.172  -6.459  23.314 0.0000000000
54675  -7.109  -6.779  23.209 0.0000000000
54693  -7.119  -6.263  22.458 0.0000000000
55861  -5.036  -5.668  36.808 0.0000000000
58549  -7.634  -2.970  40.642 0.0000000000
58567  -7.694  -4.122  39.422 0.0000000000
58548  -6.909  -3.201  40.581 0.0000000000
54427  -6.408  -6.212  39.941 0.0000000000
55819  -5.585  -5.606  39.605 0.0000000000
54439  -5.100  -7.042  39.478 0.0000000000
53056  -3.940  -7.335  38.409 0.0000000000
54452  -5.712  -7.093  38.397 0.0000000000
54477  -5.956  -7.092  36.966 0.0000000000
54453  -6.890  -6.763  38.463 0.0000000000
51706  -9.637  -8.620  38.831 0.0000000000
53070  -9.136  -7.218  37.544 0.0000000000
51713  -10.135  -8.674  37.068 0.0000000000
51719  -10.202  -8.162  36.069 0.0000000000
50403  -10.403  -9.636  37.330 0.0000000000
45230  -7.942  -13.899  40.293 0.0000000000
46524  -8.278  -12.522  40.302 0.0000000000
72878  -32.359  7.433  25.970 0.0000000000
71543  -28.977  6.250  24.571 0.0000000000
70176  -29.431  6.067  24.352 0.0000000000
72901  -30.479  7.336  25.682 0.0000000000
72902  -31.375  7.236  25.601 0.0000000000
72842  -27.461  7.555  28.488 0.0000000000
72873  -27.482  7.373  26.807 0.0000000000
71500  -28.203  6.973  25.838 0.0000000000
74225  -28.810  8.544  29.629 0.0000000000
86918  -40.322  19.672  5.920 0.0000000000
82570  -37.586  15.267  4.272 0.0000000000
82571  -38.166  15.904  3.830 0.0000000000
83769  -38.529  16.360  3.429 0.0000000000
84857  -38.621  17.130  4.393 0.0000000000
85929  -39.422  18.537  5.452 0.0000000000
79223  -31.451  13.370  12.742 0.0000000000
81354  -32.160  15.004  14.048 0.0000000000
79216  -31.271  13.290  13.710 0.0000000000
81322  -31.326  14.638  15.037 0.0000000000
74453  -28.555  7.921  14.922 0.0000000000
74490  -27.896  8.748  13.412 0.0000000000
75766  -27.810  9.787  12.705 0.0000000000
76966  -27.620  10.037  11.863 0.0000000000
76984  -28.465  10.221  10.730 0.0000000000
78093  -28.596  11.163  11.960 0.0000000000
79233  -30.767  12.685  12.279 0.0000000000
50469  -7.383  -9.225  31.315 0.0000000000
50496  -7.963  -9.231  30.428 0.0000000000
50471  -9.268  -8.990  31.438 0.0000000000
50498  -9.691  -8.857  30.800 0.0000000000
51832  -10.705  -8.782  30.144 0.0000000000
50525  -11.462  -9.829  29.903 0.0000000000
50499  -11.692  -9.847  30.631 0.0000000000
49183  -11.744  -10.500  31.192 0.0000000000
57205  -11.482  -3.682  39.865 0.0000000000
57199  -12.022  -2.785  41.079 0.0000000000
55831  -11.488  -4.847  39.911 0.0000000000
74416  -30.713  8.389  17.897 0.0000000000
67536  -32.079  3.869  20.989 0.0000000000
67557  -31.433  3.339  20.432 0.0000000000
67558  -32.054  3.780  20.035 0.0000000000
68907  -31.484  4.403  19.153 0.0000000000
70308  -30.684  5.079  17.832 0.0000000000
71673  -30.609  6.165  17.863 0.0000000000
73011  -30.816  7.193  18.227 0.0000000000
68633  -27.246  4.581  35.414 0.0000000000
67395  -27.012  3.420  30.613 0.0000000000
66115  -27.583  2.315  31.259 0.0000000000
66141  -27.551  2.009  29.763 0.0000000000
63836  -27.739  0.459  28.518 0.0000000000
86050  -40.515  17.988  -1.198 0.0000000000
86067  -40.620  17.911  -2.015 0.0000000000
86068  -41.017  18.320  -2.809 0.0000000000
87062  -41.435  19.085  -3.496 0.0000000000
54558  -3.593  -7.033  32.260 0.0000000000
53174  -4.262  -7.490  31.791 0.0000000000
53163  -4.268  -7.540  32.575 0.0000000000
50432  -5.033  -8.837  33.758 0.0000000000
51736  -6.518  -7.998  34.341 0.0000000000
81371  -38.495  15.456  13.262 0.0000000000
84713  -36.909  18.232  12.760 0.0000000000
78155  -34.378  11.504  9.329 0.0000000000
77012  -34.681  10.578  9.151 0.0000000000
78157  -35.335  12.088  9.047 0.0000000000
79251  -35.739  12.443  10.275 0.0000000000
80311  -37.008  13.678  11.725 0.0000000000
59913  -12.652  -2.503  32.992 0.0000000000
121376  -13.946  -1.932  31.365 0.0000000000
59914  -14.422  -1.471  32.368 0.0000000000
121380  -14.754  -1.325  32.688 0.0000000000
61314  -4.769  -1.168  26.909 0.0000000000
62612  -5.222  -0.597  25.758 0.0000000000
59989  -5.336  -2.499  26.752 0.0000000000
58741  -5.850  -3.442  26.323 0.0000000000
57443  -6.535  -4.531  25.398 0.0000000000
50569  -7.629  -9.353  26.366 0.0000000000
50568  -6.738  -8.906  25.869 0.0000000000
50584  -7.538  -9.252  25.611 0.0000000000
50599  -7.378  -9.148  25.004 0.0000000000
51935  -7.441  -8.659  24.595 0.0000000000
55943  -7.441  -5.414  32.637 0.0000000000
55890  -7.657  -5.318  35.098 0.0000000000
55862  -6.337  -5.169  36.525 0.0000000000
58530  -6.181  -4.794  43.594 0.0000000000
58544  -6.467  -3.678  41.764 0.0000000000
55801  -6.678  -5.528  42.373 0.0000000000
54419  -7.360  -5.730  41.040 0.0000000000
54429  -7.654  -6.327  40.512 0.0000000000
54454  -7.930  -6.633  38.799 0.0000000000
53037  -8.360  -6.716  40.412 0.0000000000
51697  -9.405  -8.752  39.885 0.0000000000
50393  -9.720  -9.580  39.252 0.0000000000
68858  -30.243  4.230  21.786 0.0000000000
70198  -29.799  5.484  23.680 0.0000000000
68822  -30.514  5.023  22.776 0.0000000000
68840  -31.747  4.211  22.013 0.0000000000
70221  -32.525  5.075  22.305 0.0000000000
71599  -33.296  6.297  21.635 0.0000000000
70025  -28.762  5.574  32.738 0.0000000000
72773  -28.897  7.266  31.975 0.0000000000
70064  -28.060  6.028  31.295 0.0000000000
68693  -27.383  4.451  31.151 0.0000000000
67410  -26.618  3.257  29.833 0.0000000000
82653  -39.579  15.924  1.116 0.0000000000
85992  -40.453  18.353  1.537 0.0000000000
85982  -40.775  18.982  1.851 0.0000000000
81384  -33.523  16.283  11.690 0.0000000000
122874  -34.660  17.442  13.860 0.0000000000
83617  -33.942  16.732  14.919 0.0000000000
76986  -29.981  10.744  9.873 0.0000000000
79248  -32.314  12.829  9.991 0.0000000000
122851  -33.060  14.145  10.704 0.0000000000
62515  -26.358  -0.975  31.771 0.0000000000
62504  -25.367  -0.636  32.355 0.0000000000
62514  -25.569  -1.393  31.953 0.0000000000
59939  -24.021  -1.824  30.903 0.0000000000
58814  -2.409  -3.362  22.024 0.0000000000
57479  -4.261  -4.144  22.267 0.0000000000
54616  -5.324  -6.329  28.268 0.0000000000
54617  -5.956  -6.303  27.677 0.0000000000
53224  -5.829  -7.148  28.103 0.0000000000
51854  -6.160  -8.673  28.047 0.0000000000
50521  -7.646  -9.400  29.421 0.0000000000
50541  -7.527  -9.418  28.376 0.0000000000
50557  -7.565  -9.354  27.325 0.0000000000
50570  -8.476  -9.533  26.719 0.0000000000
58592  -8.801  -3.267  36.797 0.0000000000
58583  -9.188  -3.414  37.985 0.0000000000
59850  -8.489  -2.056  40.247 0.0000000000
59833  -8.218  -2.511  42.335 0.0000000000
55803  -10.646  -3.731  42.070 0.0000000000
57177  -9.461  -4.034  43.300 0.0000000000
58527  -7.571  -4.235  44.248 0.0000000000
55780  -7.605  -6.272  44.311 0.0000000000
121254  -7.700  -7.353  43.910 0.0000000000
121235  -8.221  -9.056  43.281 0.0000000000
76915  -30.281  10.824  14.510 0.0000000000
78069  -30.480  11.625  14.574 0.0000000000
76896  -30.459  10.847  15.295 0.0000000000
66344  -30.746  2.304  19.033 0.0000000000
73078  -28.426  7.211  14.978 0.0000000000
75721  -29.636  9.544  15.202 0.0000000000
64918  -25.903  1.951  33.830 0.0000000000
63759  -26.136  1.368  33.540 0.0000000000
71326  -28.979  6.374  35.358 0.0000000000
68635  -28.662  4.921  34.855 0.0000000000
67321  -28.343  3.570  35.232 0.0000000000
66105  -27.738  2.512  32.417 0.0000000000
66099  -28.792  2.345  33.872 0.0000000000
64912  -28.454  2.134  34.863 0.0000000000
64920  -27.985  1.675  34.236 0.0000000000
63771  -27.323  0.713  33.164 0.0000000000
63783  -27.058  0.174  32.730 0.0000000000
61241  -26.986  -1.254  31.037 0.0000000000
87070  -41.832  18.814  -4.159 0.0000000000
87071  -42.375  19.166  -4.691 0.0000000000
87078  -42.824  19.152  -5.705 0.0000000000
59971  -4.600  -3.099  28.030 0.0000000000
57415  -4.870  -4.249  28.077 0.0000000000
58695  -3.324  -3.835  29.139 0.0000000000
57385  -4.027  -4.862  29.211 0.0000000000
56011  -4.940  -5.499  28.487 0.0000000000
54594  -4.774  -6.538  29.310 0.0000000000
51831  -5.293  -8.177  29.648 0.0000000000
49181  -5.074  -10.307  30.941 0.0000000000
50467  -4.901  -9.267  31.553 0.0000000000
49169  -5.174  -10.044  31.814 0.0000000000
50468  -6.435  -9.761  31.466 0.0000000000
50450  -7.978  -8.849  32.052 0.0000000000
51776  -8.617  -8.586  32.664 0.0000000000
51757  -9.333  -8.425  33.318 0.0000000000
85864  -37.771  18.220  9.098 0.0000000000
79298  -35.564  12.391  8.665 0.0000000000
79318  -35.761  12.864  7.961 0.0000000000
80396  -36.002  13.567  7.608 0.0000000000
82506  -36.390  15.080  8.241 0.0000000000
83688  -37.123  16.551  9.178 0.0000000000
59871  -10.875  -2.022  36.601 0.0000000000
121417  -11.286  0.278  38.049 0.0000000000
121399  -12.169  -2.003  34.579 0.0000000000
61186  -12.302  -0.646  36.801 0.0000000000
63739  -12.040  0.277  38.491 0.0000000000
57244  -12.142  -4.571  37.650 0.0000000000
63769  -24.856  0.741  32.975 0.0000000000
64927  -24.281  1.298  32.960 0.0000000000
64937  -22.912  1.269  32.668 0.0000000000
121331  -21.947  -0.936  32.839 0.0000000000
64926  -21.827  1.097  33.405 0.0000000000
64936  -21.846  0.808  32.154 0.0000000000
63794  -21.604  0.779  31.374 0.0000000000
63792  -19.934  0.481  31.192 0.0000000000
63790  -17.951  -0.124  31.401 0.0000000000
121379  -16.654  -0.788  32.281 0.0000000000
121358  -16.513  -1.043  32.737 0.0000000000
121354  -14.091  -2.299  33.293 0.0000000000
121367  -14.363  -3.456  32.164 0.0000000000
121395  -14.254  -3.350  35.141 0.0000000000
57261  -13.258  -4.753  36.180 0.0000000000
63938  -3.390  0.470  23.244 0.0000000000
62635  -5.381  -0.727  24.649 0.0000000000
62656  -4.812  -0.651  23.772 0.0000000000
61371  -4.209  -1.704  22.881 0.0000000000
60086  -3.843  -2.666  22.718 0.0000000000
58802  -4.034  -3.503  22.642 0.0000000000
56072  -4.497  -5.118  22.468 0.0000000000
54630  -6.419  -6.200  26.750 0.0000000000
56046  -6.617  -5.374  25.915 0.0000000000
56058  -6.414  -5.366  24.685 0.0000000000
53254  -5.896  -7.641  25.051 0.0000000000
56074  -6.067  -5.803  23.820 0.0000000000
56073  -5.191  -5.562  23.151 0.0000000000
56087  -4.951  -5.722  22.068 0.0000000000
54692  -6.399  -6.129  22.171 0.0000000000
58591  -7.805  -3.566  37.167 0.0000000000
57259  -6.909  -4.386  36.943 0.0000000000
57258  -5.807  -4.892  37.255 0.0000000000
58553  -6.217  -4.289  40.169 0.0000000000
57209  -5.092  -5.392  39.100 0.0000000000
55846  -4.967  -5.577  37.869 0.0000000000
55860  -4.530  -6.097  37.160 0.0000000000
53078  -4.665  -6.921  37.029 0.0000000000
54526  -4.102  -6.755  35.195 0.0000000000
53099  -5.694  -7.273  35.596 0.0000000000
53100  -6.599  -7.745  35.178 0.0000000000
53101  -7.244  -7.898  35.388 0.0000000000
54465  -8.023  -6.690  37.538 0.0000000000
54480  -8.501  -6.808  36.364 0.0000000000
53102  -7.945  -7.766  35.330 0.0000000000
53104  -10.009  -7.261  34.653 0.0000000000
51728  -10.387  -8.033  34.973 0.0000000000
50424  -10.372  -8.851  34.513 0.0000000000
49084  -8.541  -10.959  42.543 0.0000000000
46499  -7.796  -12.620  42.036 0.0000000000
49093  -8.535  -10.585  41.913 0.0000000000
47810  -8.582  -11.218  40.352 0.0000000000
47824  -8.886  -11.432  39.411 0.0000000000
47825  -9.513  -11.199  38.826 0.0000000000
46553  -9.701  -12.617  37.594 0.0000000000
49130  -10.500  -10.633  37.721 0.0000000000
49140  -10.577  -10.549  36.645 0.0000000000
49147  -10.575  -10.367  35.565 0.0000000000
47890  -10.852  -10.936  33.928 0.0000000000
47891  -11.243  -11.301  33.117 0.0000000000
46642  -10.695  -13.047  32.570 0.0000000000
75534  -31.402  9.445  28.210 0.0000000000
74258  -30.471  8.980  27.810 0.0000000000
74241  -30.377  9.423  28.414 0.0000000000
75518  -30.749  9.598  28.931 0.0000000000
75517  -30.053  9.494  29.515 0.0000000000
75510  -31.255  10.058  29.552 0.0000000000
86881  -38.963  19.422  8.251 0.0000000000
86882  -39.429  20.086  8.828 0.0000000000
86870  -38.791  19.561  9.266 0.0000000000
85879  -37.980  18.252  8.066 0.0000000000
84807  -37.838  17.707  7.283 0.0000000000
85894  -38.120  18.266  7.570 0.0000000000
85895  -38.640  18.799  7.414 0.0000000000
79215  -30.771  12.511  14.065 0.0000000000
76914  -29.746  10.605  14.182 0.0000000000
76953  -30.015  11.520  13.374 0.0000000000
51778  -10.546  -8.473  32.108 0.0000000000
50452  -11.569  -9.371  32.328 0.0000000000
71613  -32.783  6.274  20.514 0.0000000000
53146  -3.941  -7.065  34.337 0.0000000000
53122  -4.033  -7.036  34.684 0.0000000000
82469  -35.708  15.463  11.382 0.0000000000
83665  -35.891  16.650  11.922 0.0000000000
122864  -34.960  17.362  12.982 0.0000000000
82477  -34.390  15.526  11.079 0.0000000000
80327  -34.752  13.257  10.212 0.0000000000
81385  -35.956  14.846  11.322 0.0000000000
63803  -17.506  -0.771  30.057 0.0000000000
57416  -5.515  -4.486  27.582 0.0000000000
50586  -9.425  -10.023  25.674 0.0000000000
57274  -9.268  -3.985  34.969 0.0000000000
121256  -7.687  -7.547  42.580 0.0000000000
51689  -8.341  -8.658  41.752 0.0000000000
49094  -8.386  -10.019  41.467 0.0000000000
71502  -33.106  7.020  25.467 0.0000000000
71547  -32.472  6.498  24.462 0.0000000000
71527  -33.121  6.830  24.945 0.0000000000
71548  -33.365  6.595  24.253 0.0000000000
72828  -26.482  6.777  29.191 0.0000000000
72813  -26.619  6.750  29.649 0.0000000000
71436  -25.874  6.339  28.911 0.0000000000
86936  -40.902  20.186  5.265 0.0000000000
85930  -40.026  19.131  5.123 0.0000000000
86935  -40.475  19.515  4.755 0.0000000000
86958  -40.546  19.240  3.751 0.0000000000
80288  -32.320  15.309  13.630 0.0000000000
63937  -2.510  0.490  23.116 0.0000000000
62653  -2.045  -0.392  22.914 0.0000000000
61369  -2.346  -1.217  22.807 0.0000000000
49217  -5.958  -10.142  29.433 0.0000000000
50545  -11.186  -9.981  29.084 0.0000000000
121407  -11.147  -0.399  39.588 0.0000000000
121404  -10.987  -0.683  40.432 0.0000000000
121418  -11.316  -1.431  41.065 0.0000000000
67534  -30.428  3.814  21.246 0.0000000000
68644  -26.794  4.650  35.312 0.0000000000
67318  -26.511  4.185  35.311 0.0000000000
66084  -26.303  3.374  35.368 0.0000000000
66085  -27.128  2.959  35.577 0.0000000000
68678  -28.898  4.820  32.954 0.0000000000
68679  -29.019  4.563  33.502 0.0000000000
67378  -28.304  3.884  32.438 0.0000000000
61284  -29.195  -0.580  28.832 0.0000000000
62541  -28.996  -0.463  29.706 0.0000000000
62526  -28.695  -0.519  30.634 0.0000000000
61267  -27.703  -1.373  29.364 0.0000000000
54580  -3.477  -6.015  31.394 0.0000000000
55980  -3.209  -5.411  30.804 0.0000000000
54581  -3.933  -6.366  30.716 0.0000000000
55981  -3.764  -5.769  30.199 0.0000000000
53193  -4.560  -6.914  30.323 0.0000000000
51754  -6.475  -8.460  33.629 0.0000000000
83666  -37.994  16.958  11.556 0.0000000000
84760  -37.569  17.383  11.882 0.0000000000
83667  -38.199  16.873  11.917 0.0000000000
81405  -38.527  15.293  11.696 0.0000000000
81421  -37.444  14.220  10.261 0.0000000000
62477  -13.046  -1.452  35.848 0.0000000000
121391  -13.113  -2.486  36.978 0.0000000000
121384  -13.654  -2.316  35.490 0.0000000000
59925  -22.465  -2.500  31.255 0.0000000000
63888  -4.632  0.135  25.763 0.0000000000
58777  -6.131  -3.986  24.777 0.0000000000
58776  -5.732  -3.727  24.563 0.0000000000
57455  -5.846  -4.651  24.344 0.0000000000
53284  -4.553  -8.251  24.413 0.0000000000
53286  -7.188  -7.488  23.866 0.0000000000
59837  -6.916  -2.817  41.559 0.0000000000
59842  -6.681  -2.994  41.068 0.0000000000
54426  -5.674  -6.086  39.583 0.0000000000
54451  -5.174  -7.576  38.952 0.0000000000
51707  -10.097  -8.926  37.890 0.0000000000
51712  -9.734  -8.100  37.851 0.0000000000
43978  -7.809  -14.685  40.698 0.0000000000
71522  -28.734  6.733  25.367 0.0000000000
71523  -29.699  6.905  25.129 0.0000000000
72877  -31.286  7.728  26.189 0.0000000000
72843  -28.039  7.813  28.659 0.0000000000
72857  -27.508  7.615  27.625 0.0000000000
74256  -28.068  8.164  27.864 0.0000000000
72875  -29.289  7.649  26.572 0.0000000000
72874  -28.314  7.467  26.463 0.0000000000
72899  -28.818  7.238  26.003 0.0000000000
74226  -29.501  9.168  29.938 0.0000000000
72830  -27.999  7.743  29.342 0.0000000000
86903  -39.815  19.405  6.745 0.0000000000
86904  -40.501  19.871  7.119 0.0000000000
86893  -40.380  20.181  7.616 0.0000000000
82523  -36.512  15.094  7.167 0.0000000000
81488  -36.538  14.109  5.830 0.0000000000
82539  -36.572  15.023  6.103 0.0000000000
82557  -37.208  15.576  5.498 0.0000000000
83750  -37.687  16.146  5.106 0.0000000000
83751  -38.211  16.534  4.426 0.0000000000
85913  -39.262  18.933  6.505 0.0000000000
85928  -38.706  18.041  5.698 0.0000000000
86917  -39.656  19.199  6.129 0.0000000000
81353  -31.859  14.545  14.130 0.0000000000
80275  -31.031  13.245  14.691 0.0000000000
80276  -31.390  13.938  14.449 0.0000000000
80262  -31.035  14.129  14.959 0.0000000000
74471  -28.506  8.754  14.458 0.0000000000
76933  -28.586  10.675  13.271 0.0000000000
75783  -27.613  9.875  12.174 0.0000000000
76951  -28.211  10.598  12.419 0.0000000000
76967  -28.111  10.397  11.539 0.0000000000
50470  -8.405  -9.178  31.331 0.0000000000
51801  -10.765  -8.669  31.341 0.0000000000
51818  -10.339  -8.752  30.705 0.0000000000
51819  -11.010  -8.814  30.704 0.0000000000
51833  -11.272  -9.110  30.182 0.0000000000
51820  -11.445  -9.246  30.746 0.0000000000
46653  -11.127  -12.247  31.473 0.0000000000
121413  -11.511  -4.068  39.335 0.0000000000
68861  -32.575  4.414  20.830 0.0000000000
70292  -31.930  5.276  19.390 0.0000000000
70273  -31.852  4.898  19.399 0.0000000000
68926  -31.334  4.906  18.834 0.0000000000
70290  -31.264  5.498  18.414 0.0000000000
69979  -26.465  6.402  35.691 0.0000000000
69975  -27.065  5.953  35.987 0.0000000000
66140  -27.174  2.433  29.512 0.0000000000
67411  -27.307  2.757  30.128 0.0000000000
66161  -27.115  1.909  29.057 0.0000000000
86009  -40.551  18.158  0.691 0.0000000000
84943  -40.247  17.263  -0.525 0.0000000000
86032  -40.537  18.054  -0.248 0.0000000000
87009  -41.352  19.406  -0.482 0.0000000000
86051  -41.015  18.573  -1.814 0.0000000000
87051  -41.437  19.409  -2.408 0.0000000000
88071  -41.576  19.899  -1.796 0.0000000000
51734  -4.985  -8.499  34.168 0.0000000000
51752  -4.717  -8.263  33.755 0.0000000000
50423  -5.281  -8.797  33.999 0.0000000000
51735  -5.598  -8.360  34.234 0.0000000000
81356  -37.996  15.635  13.554 0.0000000000
83638  -37.375  17.131  12.250 0.0000000000
82445  -37.421  16.145  12.965 0.0000000000
78154  -33.652  11.408  9.818 0.0000000000
79249  -34.766  12.700  10.102 0.0000000000
79277  -35.087  12.165  9.662 0.0000000000
81386  -36.450  14.706  11.847 0.0000000000
80296  -37.338  14.280  12.554 0.0000000000
80297  -37.859  14.350  12.703 0.0000000000
121370  -14.726  -1.938  30.918 0.0000000000
121361  -15.935  -3.424  30.395 0.0000000000
61315  -5.289  -1.380  26.344 0.0000000000
57429  -5.912  -4.089  26.921 0.0000000000
58742  -6.311  -3.881  25.720 0.0000000000
51936  -8.584  -8.714  24.721 0.0000000000
55889  -7.167  -5.197  35.766 0.0000000000
55863  -7.021  -4.866  36.385 0.0000000000
57175  -6.352  -5.496  43.768 0.0000000000
57187  -6.070  -5.103  43.258 0.0000000000
55791  -6.550  -5.691  43.213 0.0000000000
121258  -7.865  -7.150  42.086 0.0000000000
54412  -7.679  -6.177  41.431 0.0000000000
54420  -7.315  -6.000  40.759 0.0000000000
67533  -29.598  3.885  21.328 0.0000000000
68838  -30.021  4.502  22.417 0.0000000000
70177  -29.875  5.900  24.286 0.0000000000
70178  -30.439  5.866  24.047 0.0000000000
70199  -30.752  5.612  23.421 0.0000000000
70219  -31.103  5.340  22.752 0.0000000000
68839  -30.917  4.679  22.261 0.0000000000
70220  -31.759  5.179  22.501 0.0000000000
70201  -32.519  5.693  22.951 0.0000000000
70202  -33.104  5.778  22.652 0.0000000000
71519  -26.183  6.180  26.170 0.0000000000
72793  -29.788  8.301  31.319 0.0000000000
70041  -27.815  5.357  31.366 0.0000000000
68715  -27.449  4.892  31.140 0.0000000000
68714  -26.883  4.414  30.655 0.0000000000
67424  -25.716  3.253  28.583 0.0000000000
87993  -41.681  20.805  3.133 0.0000000000
83788  -38.720  15.998  2.714 0.0000000000
83770  -38.834  17.017  3.433 0.0000000000
85980  -39.748  18.097  2.983 0.0000000000
84904  -39.898  17.216  1.648 0.0000000000
84905  -40.105  17.531  1.328 0.0000000000
84892  -40.177  17.974  1.885 0.0000000000
86970  -41.020  19.550  2.743 0.0000000000
80295  -32.823  16.150  13.100 0.0000000000
83599  -32.980  16.161  15.847 0.0000000000
83600  -33.616  16.443  15.733 0.0000000000
81338  -31.831  14.913  14.603 0.0000000000
82429  -32.197  15.620  15.082 0.0000000000
76985  -29.135  10.542  10.408 0.0000000000
78130  -29.685  11.176  10.464 0.0000000000
79273  -32.075  12.488  9.897 0.0000000000
122850  -33.748  14.913  10.842 0.0000000000
61240  -25.373  -1.483  31.106 0.0000000000
61239  -24.581  -1.853  30.567 0.0000000000
60094  -0.753  -1.850  21.849 0.0000000000
58800  -2.463  -3.268  22.291 0.0000000000
58801  -3.013  -3.578  22.294 0.0000000000
57478  -3.618  -3.922  21.958 0.0000000000
51853  -5.791  -8.218  28.391 0.0000000000
49219  -11.512  -10.728  29.439 0.0000000000
58593  -9.598  -2.796  37.031 0.0000000000
58584  -10.092  -2.443  38.013 0.0000000000
62443  -9.864  -1.286  41.120 0.0000000000
121423  -9.352  -1.479  40.608 0.0000000000
61163  -9.056  -1.593  41.169 0.0000000000
61162  -8.302  -2.078  41.559 0.0000000000
59834  -9.127  -2.148  42.387 0.0000000000
55812  -10.945  -3.944  41.794 0.0000000000
121261  -9.765  -5.770  43.258 0.0000000000
55794  -9.766  -4.728  43.177 0.0000000000
55793  -9.323  -4.583  43.528 0.0000000000
58528  -8.384  -3.837  43.984 0.0000000000
57166  -8.391  -4.760  44.276 0.0000000000
57165  -7.610  -5.251  44.383 0.0000000000
55781  -8.383  -5.862  44.296 0.0000000000
121236  -8.857  -8.785  43.564 0.0000000000
54396  -8.383  -7.295  44.129 0.0000000000
121239  -8.097  -8.232  43.315 0.0000000000
76895  -29.992  10.265  14.869 0.0000000000
66316  -31.456  2.921  19.618 0.0000000000
73079  -28.966  7.467  15.564 0.0000000000
66090  -26.499  2.410  34.828 0.0000000000
68665  -29.286  4.613  34.110 0.0000000000
68646  -29.592  4.957  35.226 0.0000000000
68652  -29.127  4.590  34.397 0.0000000000
67312  -28.339  4.162  34.775 0.0000000000
66088  -28.687  3.245  34.407 0.0000000000
64951  -27.937  1.478  31.400 0.0000000000
66106  -28.055  1.944  32.881 0.0000000000
64932  -28.936  1.938  33.886 0.0000000000
64931  -28.255  1.646  33.453 0.0000000000
63784  -27.923  0.485  32.605 0.0000000000
62506  -27.469  -0.128  32.386 0.0000000000
62505  -26.788  -0.425  32.317 0.0000000000
59965  -27.149  -1.689  29.191 0.0000000000
61266  -26.945  -1.493  29.598 0.0000000000
87063  -42.112  19.624  -3.902 0.0000000000
88110  -42.641  20.029  -5.146 0.0000000000
59970  -4.061  -2.658  28.304 0.0000000000
58708  -4.471  -3.639  28.273 0.0000000000
57384  -3.309  -4.590  29.578 0.0000000000
56010  -4.481  -5.428  29.038 0.0000000000
54605  -4.836  -6.177  28.845 0.0000000000
53194  -4.942  -7.071  29.737 0.0000000000
50494  -5.208  -9.346  30.318 0.0000000000
51798  -4.634  -8.317  32.020 0.0000000000
50448  -6.061  -9.758  32.462 0.0000000000
49170  -5.497  -10.069  32.182 0.0000000000
49182  -5.691  -10.279  31.632 0.0000000000
51740  -10.152  -7.907  33.986 0.0000000000
85852  -37.674  18.195  10.125 0.0000000000
85853  -38.066  18.943  10.703 0.0000000000
78175  -34.978  12.111  8.825 0.0000000000
81420  -36.842  14.019  9.440 0.0000000000
80375  -36.168  13.244  8.430 0.0000000000
80374  -36.075  13.764  8.216 0.0000000000
79341  -35.816  12.838  7.238 0.0000000000
80395  -35.968  13.920  7.961 0.0000000000
81455  -36.019  14.356  7.808 0.0000000000
83678  -37.540  16.457  10.260 0.0000000000
59883  -10.582  -2.491  35.646 0.0000000000
121424  -10.997  -0.402  37.742 0.0000000000
121415  -11.666  -1.158  36.884 0.0000000000
59898  -12.308  -2.135  33.679 0.0000000000
62468  -12.708  -0.266  36.794 0.0000000000
63745  -13.057  0.193  37.568 0.0000000000
63744  -12.457  0.465  37.493 0.0000000000
63732  -12.368  -2.778  38.647 0.0000000000
58585  -12.539  -3.647  36.996 0.0000000000
57243  -12.052  -3.465  37.788 0.0000000000
55847  -12.375  -5.704  37.514 0.0000000000
55864  -12.822  -5.754  36.731 0.0000000000
62500  -25.105  -0.003  33.001 0.0000000000
63781  -23.446  1.233  33.126 0.0000000000
64916  -21.046  0.881  33.456 0.0000000000
63779  -21.206  0.578  31.849 0.0000000000
63777  -19.587  0.259  32.014 0.0000000000
63791  -18.934  0.567  31.260 0.0000000000
121357  -18.509  -0.228  32.538 0.0000000000
58640  -13.524  -4.338  34.140 0.0000000000
57288  -13.912  -4.497  35.310 0.0000000000
57276  -14.158  -4.324  35.894 0.0000000000
57275  -13.474  -4.849  35.556 0.0000000000
65071  -3.870  1.593  24.251 0.0000000000
65091  -3.779  1.133  23.442 0.0000000000
63939  -4.154  0.444  23.642 0.0000000000
61372  -5.142  -1.931  23.568 0.0000000000
62657  -5.324  -1.230  24.029 0.0000000000
62655  -3.811  -0.501  23.103 0.0000000000
61385  -3.391  -2.155  22.525 0.0000000000
60072  -4.579  -2.843  23.199 0.0000000000
51914  -5.702  -8.656  25.328 0.0000000000
53269  -5.707  -7.421  24.266 0.0000000000
54501  -4.168  -6.306  35.855 0.0000000000
58582  -7.715  -3.988  38.305 0.0000000000
58566  -6.700  -3.921  39.409 0.0000000000
58581  -6.862  -4.093  38.795 0.0000000000
57241  -6.335  -4.370  38.031 0.0000000000
57198  -6.476  -4.507  41.774 0.0000000000
58546  -6.365  -4.370  40.490 0.0000000000
55818  -4.956  -5.771  39.660 0.0000000000
55830  -5.156  -5.591  39.488 0.0000000000
55829  -4.560  -5.712  39.402 0.0000000000
55838  -5.028  -5.391  38.337 0.0000000000
55837  -4.269  -5.649  38.655 0.0000000000
55845  -4.456  -5.989  37.702 0.0000000000
54450  -3.895  -6.531  38.183 0.0000000000
53067  -4.655  -7.431  37.580 0.0000000000
53098  -5.114  -6.606  36.085 0.0000000000
54478  -6.537  -7.163  36.786 0.0000000000
53080  -6.105  -7.244  36.343 0.0000000000
53081  -6.906  -7.733  36.113 0.0000000000
53059  -8.548  -7.048  38.787 0.0000000000
53069  -8.519  -7.092  38.264 0.0000000000
54466  -8.877  -6.602  36.968 0.0000000000
54504  -8.165  -7.326  35.906 0.0000000000
53103  -9.021  -7.162  35.336 0.0000000000
53084  -10.024  -7.318  35.466 0.0000000000
47791  -8.446  -11.748  42.663 0.0000000000
45222  -7.865  -12.978  41.373 0.0000000000
47799  -8.519  -11.751  41.925 0.0000000000
49104  -8.487  -10.772  41.021 0.0000000000
47809  -8.376  -11.602  40.956 0.0000000000
46539  -8.654  -12.631  39.200 0.0000000000
47823  -8.466  -11.867  40.001 0.0000000000
47836  -9.194  -11.762  38.569 0.0000000000
47837  -9.891  -11.702  37.990 0.0000000000
47851  -10.613  -11.634  37.040 0.0000000000
47865  -10.749  -11.568  35.924 0.0000000000
49151  -10.582  -10.016  34.482 0.0000000000
75535  -32.555  9.832  27.926 0.0000000000
72876  -30.262  7.742  26.380 0.0000000000
74257  -29.023  8.511  27.575 0.0000000000
74275  -29.250  8.074  27.042 0.0000000000
75499  -30.201  9.410  30.480 0.0000000000
86892  -39.669  19.724  7.709 0.0000000000
83703  -37.337  16.628  8.004 0.0000000000
82540  -37.111  15.730  6.523 0.0000000000
83719  -37.514  16.615  6.860 0.0000000000
84824  -37.822  17.218  6.591 0.0000000000
84825  -38.288  17.560  6.174 0.0000000000
75749  -29.120  10.427  13.901 0.0000000000
78082  -28.929  11.321  13.107 0.0000000000
76952  -29.802  11.507  13.028 0.0000000000
51777  -9.559  -8.590  32.296 0.0000000000
51779  -11.317  -8.739  31.841 0.0000000000
50472  -11.680  -9.491  31.421 0.0000000000
55840  -12.093  -5.617  38.386 0.0000000000
53061  -11.748  -7.684  38.891 0.0000000000
70239  -33.077  5.514  21.265 0.0000000000
68884  -32.736  5.168  20.543 0.0000000000
70253  -32.564  5.470  20.311 0.0000000000
71631  -32.305  5.965  19.922 0.0000000000
71652  -31.860  6.243  18.816 0.0000000000
72993  -31.946  7.095  19.364 0.0000000000
72730  -27.235  7.197  35.194 0.0000000000
64992  -26.967  1.080  28.728 0.0000000000
86010  -40.854  18.822  0.090 0.0000000000
86990  -41.294  19.520  0.502 0.0000000000
88033  -42.154  20.979  0.401 0.0000000000
82461  -36.671  15.830  12.496 0.0000000000
83637  -36.630  17.268  12.297 0.0000000000
83636  -36.059  17.240  12.363 0.0000000000
122872  -35.723  17.623  12.957 0.0000000000
80326  -33.774  13.509  10.133 0.0000000000
80354  -34.148  13.025  9.924 0.0000000000
80328  -35.696  13.117  10.673 0.0000000000
66095  -25.763  2.677  33.271 0.0000000000
58816  -3.807  -3.471  21.542 0.0000000000
54394  -7.299  -7.255  43.423 0.0000000000
54393  -6.956  -6.289  43.309 0.0000000000
121257  -7.846  -7.564  42.251 0.0000000000
71525  -31.449  6.918  25.071 0.0000000000
71565  -31.009  6.213  24.033 0.0000000000
71546  -31.620  6.585  24.521 0.0000000000
70154  -27.019  5.617  25.275 0.0000000000
72814  -28.118  8.114  30.487 0.0000000000
71411  -26.981  6.490  30.213 0.0000000000
70062  -26.649  5.370  29.976 0.0000000000
68728  -26.277  4.348  29.639 0.0000000000
70089  -25.812  5.233  29.084 0.0000000000
85945  -39.414  18.175  4.512 0.0000000000
85966  -39.559  18.131  3.767 0.0000000000
85981  -40.268  18.544  2.448 0.0000000000
83615  -32.581  15.973  15.368 0.0000000000
60083  -1.149  -2.107  22.267 0.0000000000
61383  -1.790  -1.819  22.578 0.0000000000
50519  -5.759  -9.373  29.101 0.0000000000
50559  -9.302  -9.626  27.899 0.0000000000
49251  -10.748  -10.258  27.482 0.0000000000
121412  -10.669  -1.310  38.308 0.0000000000
121409  -10.486  -0.906  40.615 0.0000000000
121410  -10.317  -1.069  40.826 0.0000000000
59839  -10.400  -1.414  41.466 0.0000000000
55811  -10.416  -5.057  42.310 0.0000000000
121252  -9.514  -6.864  44.035 0.0000000000
121246  -9.280  -8.399  43.691 0.0000000000
67604  -30.871  3.451  18.392 0.0000000000
71350  -30.262  5.952  34.063 0.0000000000
70012  -29.819  5.237  33.795 0.0000000000
67359  -28.753  3.921  33.380 0.0000000000
64982  -28.392  1.027  29.788 0.0000000000
64969  -28.536  0.916  30.649 0.0000000000
64952  -28.425  0.875  31.471 0.0000000000
61242  -28.028  -1.102  30.784 0.0000000000
84973  -40.587  17.356  -2.504 0.0000000000
57366  -2.885  -4.859  30.207 0.0000000000
50433  -5.475  -9.005  33.594 0.0000000000
50434  -5.965  -9.120  33.205 0.0000000000
50435  -6.457  -8.927  32.991 0.0000000000
84768  -37.534  17.353  10.630 0.0000000000
85831  -37.620  18.172  11.014 0.0000000000
85812  -37.699  18.689  12.104 0.0000000000
82490  -36.836  14.751  9.236 0.0000000000
121398  -13.334  -1.929  33.543 0.0000000000
121400  -12.430  -1.939  35.211 0.0000000000
62469  -12.481  -0.676  36.970 0.0000000000
121393  -12.781  -2.772  37.749 0.0000000000
121392  -13.126  -2.922  37.518 0.0000000000
121385  -13.189  -3.265  37.137 0.0000000000
121389  -12.868  -3.916  36.552 0.0000000000
61227  -24.022  -1.349  31.891 0.0000000000
64915  -20.657  0.869  33.557 0.0000000000
64935  -20.999  0.531  32.424 0.0000000000
64923  -20.138  0.661  33.217 0.0000000000
63751  -19.079  0.226  33.225 0.0000000000
121350  -18.797  -0.049  33.093 0.0000000000
57287  -13.405  -4.803  34.697 0.0000000000
60036  -5.677  -2.575  24.942 0.0000000000
60057  -5.440  -2.689  24.096 0.0000000000
49283  -3.990  -9.865  24.920 0.0000000000
51913  -4.728  -8.332  24.572 0.0000000000
51932  -3.784  -8.426  24.205 0.0000000000
53268  -4.540  -7.957  24.324 0.0000000000
58556  -8.375  -2.944  40.245 0.0000000000
57225  -8.327  -3.887  39.821 0.0000000000
58555  -7.429  -3.560  40.054 0.0000000000
58554  -6.364  -3.799  39.979 0.0000000000
55820  -6.341  -5.528  40.241 0.0000000000
54425  -4.894  -6.151  39.826 0.0000000000
54438  -4.196  -6.621  39.626 0.0000000000
53055  -3.491  -6.859  38.667 0.0000000000
53044  -4.263  -7.462  39.222 0.0000000000
53057  -4.901  -7.668  38.387 0.0000000000
53068  -5.431  -7.342  37.355 0.0000000000
54463  -5.917  -7.090  37.483 0.0000000000
54464  -6.752  -6.969  37.517 0.0000000000
51718  -9.875  -7.764  37.007 0.0000000000
50409  -10.466  -9.415  36.325 0.0000000000
45221  -7.703  -13.631  41.419 0.0000000000
45231  -8.077  -13.176  40.757 0.0000000000
45245  -8.160  -13.348  39.750 0.0000000000
46588  -10.656  -12.676  36.392 0.0000000000
70196  -28.281  5.708  23.989 0.0000000000
70197  -28.978  5.709  23.932 0.0000000000
71544  -29.885  6.397  24.673 0.0000000000
71524  -30.596  7.037  24.995 0.0000000000
72903  -31.917  7.062  25.540 0.0000000000
71501  -32.834  7.117  25.710 0.0000000000
72841  -26.595  6.976  28.642 0.0000000000
72856  -26.797  7.136  27.865 0.0000000000
72872  -26.908  7.201  27.185 0.0000000000
72858  -28.189  7.859  27.209 0.0000000000
71499  -27.567  6.816  26.174 0.0000000000
71542  -28.141  6.171  24.781 0.0000000000
74200  -29.604  8.423  31.074 0.0000000000
75498  -29.972  9.273  30.465 0.0000000000
74214  -29.106  8.599  30.632 0.0000000000
72829  -26.994  7.288  29.369 0.0000000000
87933  -40.766  20.291  6.115 0.0000000000
87919  -40.938  20.407  6.663 0.0000000000
82556  -36.821  14.815  5.135 0.0000000000
81505  -37.359  14.156  4.358 0.0000000000
83752  -38.703  16.872  3.994 0.0000000000
84841  -38.681  17.507  5.065 0.0000000000
84842  -39.144  17.925  4.796 0.0000000000
75784  -27.675  9.591  11.750 0.0000000000
74520  -27.730  8.947  11.154 0.0000000000
75800  -28.031  9.633  10.890 0.0000000000
78111  -28.714  10.893  11.460 0.0000000000
78094  -29.296  11.659  12.557 0.0000000000
78113  -30.047  12.178  11.767 0.0000000000
50495  -6.813  -9.678  30.346 0.0000000000
50497  -8.990  -9.082  30.575 0.0000000000
50524  -10.897  -9.215  29.574 0.0000000000
47916  -11.481  -11.497  30.917 0.0000000000
55823  -11.286  -4.615  41.207 0.0000000000
54443  -11.131  -6.190  39.894 0.0000000000
54430  -10.709  -5.847  40.861 0.0000000000
53038  -10.307  -7.128  40.724 0.0000000000
75682  -31.039  9.630  17.850 0.0000000000
67535  -31.405  3.810  21.346 0.0000000000
66317  -31.592  3.374  19.387 0.0000000000
68883  -32.490  4.747  20.263 0.0000000000
68908  -32.063  4.427  19.605 0.0000000000
67583  -31.233  3.570  18.973 0.0000000000
68906  -31.038  4.030  19.105 0.0000000000
68925  -30.887  4.436  18.635 0.0000000000
70327  -30.242  4.770  17.340 0.0000000000
70307  -30.204  5.511  17.417 0.0000000000
71651  -31.241  6.471  18.354 0.0000000000
68631  -26.726  5.487  35.265 0.0000000000
67309  -27.207  4.375  35.694 0.0000000000
67376  -27.325  3.906  31.187 0.0000000000
67377  -27.767  3.545  31.897 0.0000000000
67396  -27.389  2.999  30.919 0.0000000000
66127  -27.608  2.177  30.407 0.0000000000
64981  -27.833  1.537  29.966 0.0000000000
64993  -27.739  1.173  29.350 0.0000000000
64994  -28.320  0.870  29.377 0.0000000000
63837  -28.662  0.476  29.027 0.0000000000
62557  -28.243  -0.291  28.408 0.0000000000
61282  -27.714  -1.120  28.529 0.0000000000
84958  -40.264  17.253  -1.519 0.0000000000
84974  -41.060  17.688  -3.218 0.0000000000
86079  -41.521  18.141  -3.752 0.0000000000
51774  -4.748  -8.193  32.921 0.0000000000
50446  -4.960  -8.875  33.207 0.0000000000
51726  -7.047  -7.927  34.795 0.0000000000
82463  -38.644  16.208  12.688 0.0000000000
83654  -37.983  16.991  12.358 0.0000000000
84712  -36.472  18.299  13.150 0.0000000000
77011  -34.072  10.570  9.716 0.0000000000
78156  -34.870  11.692  9.034 0.0000000000
79278  -35.843  12.218  9.595 0.0000000000
80329  -36.527  13.081  10.630 0.0000000000
80330  -37.530  13.575  11.173 0.0000000000
59924  -13.627  -2.060  31.745 0.0000000000
121394  -14.208  -1.832  32.987 0.0000000000
121338  -21.092  -3.125  30.323 0.0000000000
59938  -20.979  -2.791  30.663 0.0000000000
121341  -19.489  -3.386  30.352 0.0000000000
62591  -4.831  -0.551  26.388 0.0000000000
62611  -4.872  -0.344  25.964 0.0000000000
62592  -5.214  -0.775  26.223 0.0000000000
60013  -5.565  -2.463  25.860 0.0000000000
58760  -6.280  -3.913  25.065 0.0000000000
50583  -5.950  -9.390  25.180 0.0000000000
49304  -4.712  -11.060  24.880 0.0000000000
50598  -5.932  -9.489  24.587 0.0000000000
51934  -6.784  -8.722  24.363 0.0000000000
51957  -7.415  -8.104  24.270 0.0000000000
55928  -7.116  -5.371  33.622 0.0000000000
55912  -6.788  -5.407  34.779 0.0000000000
58531  -6.657  -4.005  43.555 0.0000000000
58538  -6.210  -3.902  42.543 0.0000000000
57188  -6.156  -4.785  42.689 0.0000000000
55792  -6.847  -5.867  42.901 0.0000000000
55809  -6.971  -5.387  41.152 0.0000000000
55810  -7.132  -5.700  40.861 0.0000000000
54428  -7.090  -6.369  40.233 0.0000000000
54441  -6.984  -6.475  39.386 0.0000000000
54442  -7.716  -6.662  39.813 0.0000000000
53046  -8.503  -7.019  39.415 0.0000000000
53047  -9.095  -7.708  39.974 0.0000000000
68820  -28.971  4.855  23.376 0.0000000000
68821  -29.866  4.888  23.090 0.0000000000
68859  -31.036  4.159  21.694 0.0000000000
68860  -31.412  4.040  21.691 0.0000000000
67516  -31.987  3.915  21.604 0.0000000000
68841  -32.563  4.432  21.619 0.0000000000
70222  -33.215  5.416  21.940 0.0000000000
72742  -29.869  6.570  34.063 0.0000000000
72774  -29.447  7.723  32.224 0.0000000000
71385  -28.493  6.722  31.659 0.0000000000
71366  -28.809  6.580  32.336 0.0000000000
70042  -28.351  5.620  31.901 0.0000000000
68694  -27.773  4.625  31.607 0.0000000000
67425  -26.140  3.601  29.211 0.0000000000
67409  -26.164  2.881  29.176 0.0000000000
83789  -39.140  16.586  2.536 0.0000000000
82633  -39.332  15.721  1.696 0.0000000000
81567  -39.531  15.241  1.008 0.0000000000
84923  -40.252  17.403  0.402 0.0000000000
88005  -41.773  20.345  2.036 0.0000000000
122852  -34.602  16.745  12.316 0.0000000000
81339  -32.312  15.417  14.497 0.0000000000
79274  -32.675  12.478  9.698 0.0000000000
80325  -32.840  13.217  9.907 0.0000000000
122855  -34.096  14.963  10.799 0.0000000000
63782  -26.391  -0.150  32.737 0.0000000000
61228  -24.751  -1.424  31.749 0.0000000000
59940  -24.082  -1.610  31.271 0.0000000000
60095  -1.198  -2.327  21.622 0.0000000000
51875  -6.000  -7.714  27.800 0.0000000000
49266  -9.200  -10.010  26.296 0.0000000000
121425  -9.684  -1.661  39.708 0.0000000000
58557  -9.025  -1.949  39.739 0.0000000000
59844  -8.209  -2.284  40.865 0.0000000000
59838  -7.643  -2.510  41.576 0.0000000000
59832  -7.178  -2.848  42.199 0.0000000000
58542  -11.202  -2.521  41.499 0.0000000000
58541  -10.480  -2.429  41.783 0.0000000000
57190  -10.259  -3.445  42.296 0.0000000000
55802  -10.329  -4.310  42.471 0.0000000000
57178  -9.923  -4.043  42.804 0.0000000000
58540  -9.600  -2.815  42.373 0.0000000000
58533  -8.448  -3.208  43.210 0.0000000000
59830  -7.894  -2.976  43.101 0.0000000000
59829  -7.341  -3.131  42.944 0.0000000000
58526  -6.957  -4.760  44.219 0.0000000000
57164  -6.898  -5.593  44.147 0.0000000000
55779  -7.035  -6.422  44.032 0.0000000000
54395  -7.506  -7.026  44.172 0.0000000000
121248  -7.588  -7.764  43.337 0.0000000000
121241  -7.709  -8.286  43.121 0.0000000000
76881  -31.022  10.715  16.460 0.0000000000
66315  -30.726  2.620  19.984 0.0000000000
66343  -29.936  2.212  19.463 0.0000000000
65156  -30.378  2.237  18.242 0.0000000000
74472  -29.061  9.255  14.801 0.0000000000
74454  -29.222  8.590  15.281 0.0000000000
75735  -29.308  9.864  14.445 0.0000000000
67337  -25.938  3.930  33.581 0.0000000000
71316  -27.319  6.826  35.738 0.0000000000
71327  -29.904  6.181  35.844 0.0000000000
71318  -29.030  6.023  35.847 0.0000000000
71313  -27.595  5.949  35.550 0.0000000000
68629  -27.904  4.588  34.866 0.0000000000
67310  -27.579  4.299  35.742 0.0000000000
67320  -27.715  3.627  35.702 0.0000000000
67357  -28.083  3.368  32.748 0.0000000000
67356  -27.841  3.196  33.021 0.0000000000
67340  -28.381  3.360  33.299 0.0000000000
66098  -28.369  2.551  33.519 0.0000000000
67341  -28.637  3.536  33.815 0.0000000000
66093  -28.814  2.694  34.236 0.0000000000
66087  -28.750  2.825  34.814 0.0000000000
66086  -28.061  2.791  35.382 0.0000000000
64930  -27.585  1.283  33.575 0.0000000000
63772  -27.882  0.955  33.246 0.0000000000
64929  -26.999  1.047  33.459 0.0000000000
61252  -26.396  -1.355  30.266 0.0000000000
86086  -42.115  18.240  -4.446 0.0000000000
86087  -42.508  18.350  -5.107 0.0000000000
87086  -43.008  19.078  -6.730 0.0000000000
59987  -4.210  -2.145  27.803 0.0000000000
59988  -4.782  -2.573  27.595 0.0000000000
57402  -5.118  -4.857  28.222 0.0000000000
57400  -3.718  -4.359  28.973 0.0000000000
57401  -4.428  -4.585  28.619 0.0000000000
49198  -5.982  -10.376  30.714 0.0000000000
51816  -4.648  -8.017  31.404 0.0000000000
51799  -4.782  -8.528  31.440 0.0000000000
51775  -7.790  -8.572  32.797 0.0000000000
85865  -38.146  18.974  9.692 0.0000000000
78174  -34.657  11.708  8.275 0.0000000000
79297  -34.923  12.312  8.343 0.0000000000
79317  -35.205  12.352  7.730 0.0000000000
80418  -36.083  13.324  6.458 0.0000000000
81471  -36.245  14.263  6.813 0.0000000000
82507  -36.935  15.729  8.694 0.0000000000
59870  -10.458  -2.337  37.295 0.0000000000
121414  -10.938  -1.517  37.518 0.0000000000
59872  -11.757  -2.152  35.776 0.0000000000
62467  -11.914  0.026  37.436 0.0000000000
121396  -11.663  -3.696  39.135 0.0000000000
121420  -11.695  -4.153  38.744 0.0000000000
57226  -12.094  -4.898  38.551 0.0000000000
54467  -12.510  -6.719  37.326 0.0000000000
63767  -21.772  0.790  33.083 0.0000000000
63780  -22.667  1.182  33.509 0.0000000000
64950  -22.967  1.298  31.367 0.0000000000
64949  -22.130  1.289  31.103 0.0000000000
63793  -20.962  0.469  31.098 0.0000000000
63805  -19.364  0.979  30.451 0.0000000000
121364  -17.116  -0.720  32.750 0.0000000000
121365  -15.799  -1.160  32.610 0.0000000000
121366  -15.249  -1.317  32.692 0.0000000000
121377  -14.444  -1.836  33.051 0.0000000000
121402  -13.734  -3.760  36.391 0.0000000000
58595  -13.943  -4.126  36.368 0.0000000000
55865  -13.164  -5.737  35.986 0.0000000000
62634  -5.094  -0.245  24.371 0.0000000000
61370  -3.215  -1.296  22.575 0.0000000000
56023  -6.099  -5.406  27.363 0.0000000000
56033  -6.432  -5.225  26.719 0.0000000000
56057  -5.662  -5.238  23.993 0.0000000000
54691  -5.796  -5.841  21.749 0.0000000000
54712  -6.556  -5.760  21.508 0.0000000000
54713  -7.224  -5.975  21.744 0.0000000000
58603  -8.182  -3.710  36.168 0.0000000000
58602  -7.480  -3.874  36.529 0.0000000000
57242  -7.105  -3.942  37.592 0.0000000000
58547  -6.520  -3.806  40.907 0.0000000000
57211  -6.114  -4.110  39.433 0.0000000000
57203  -6.181  -4.871  40.088 0.0000000000
57210  -5.684  -4.876  39.467 0.0000000000
57222  -5.281  -5.020  38.693 0.0000000000
57240  -5.347  -4.981  37.923 0.0000000000
57257  -5.284  -5.276  37.483 0.0000000000
54476  -4.606  -6.091  36.419 0.0000000000
54462  -4.397  -6.507  37.454 0.0000000000
54475  -4.593  -6.316  36.696 0.0000000000
53125  -6.469  -7.809  34.707 0.0000000000
51727  -7.423  -7.958  34.839 0.0000000000
54503  -7.790  -7.601  35.950 0.0000000000
53126  -8.646  -7.777  34.734 0.0000000000
53127  -9.454  -7.592  34.501 0.0000000000
50436  -10.622  -9.124  33.819 0.0000000000
50363  -8.491  -10.100  42.685 0.0000000000
46487  -7.742  -13.183  42.560 0.0000000000
46488  -8.270  -12.579  42.788 0.0000000000
49105  -8.773  -10.391  40.460 0.0000000000
49117  -9.386  -10.449  39.477 0.0000000000
49118  -9.994  -10.554  38.645 0.0000000000
46551  -8.862  -13.233  38.543 0.0000000000
46552  -9.122  -12.595  38.174 0.0000000000
49159  -11.066  -10.136  33.587 0.0000000000
46643  -11.091  -12.247  32.353 0.0000000000
46745  -3.791  -11.545  26.083 0.0000000000
46746  -4.190  -11.869  26.403 0.0000000000
46747  -4.517  -12.110  26.520 0.0000000000
46771  -3.713  -11.723  25.568 0.0000000000
46772  -3.551  -12.170  26.157 0.0000000000
46773  -3.944  -11.904  26.282 0.0000000000
46791  -3.875  -11.750  25.234 0.0000000000
46792  -3.770  -12.044  25.548 0.0000000000
46793  -4.059  -12.237  25.846 0.0000000000
47984  -3.952  -10.773  25.990 0.0000000000
47985  -4.168  -11.437  26.158 0.0000000000
47986  -4.312  -11.660  26.283 0.0000000000
48010  -3.868  -10.836  25.450 0.0000000000
48011  -4.297  -10.883  25.851 0.0000000000
48012  -4.067  -11.258  25.946 0.0000000000
48035  -3.808  -11.288  24.949 0.0000000000
48036  -3.998  -11.602  24.991 0.0000000000
48037  -3.666  -11.956  25.785 0.0000000000
49284  -4.592  -10.135  25.386 0.0000000000
49285  -4.903  -10.422  25.256 0.0000000000
49302  -3.784  -10.476  24.573 0.0000000000
49303  -4.098  -10.896  24.096 0.0000000000
49316  -3.742  -10.250  23.972 0.0000000000
49317  -4.027  -10.252  23.767 0.0000000000
50422  -5.035  -8.785  33.994 0.0000000000
50581  -4.092  -9.005  24.510 0.0000000000
50596  -3.813  -9.549  24.237 0.0000000000
50597  -5.042  -10.344  23.998 0.0000000000
50616  -3.912  -9.802  23.820 0.0000000000
50618  -5.377  -9.492  23.944 0.0000000000
51725  -6.823  -7.872  34.703 0.0000000000
51834  -11.485  -9.490  30.359 0.0000000000
51912  -4.017  -8.444  24.374 0.0000000000
51933  -4.120  -8.194  24.380 0.0000000000
51954  -4.061  -9.002  23.898 0.0000000000
51955  -5.072  -8.813  23.837 0.0000000000
53043  -3.441  -6.975  39.242 0.0000000000
53045  -4.809  -7.634  39.133 0.0000000000
53058  -5.466  -7.380  37.915 0.0000000000
53066  -4.273  -7.009  37.765 0.0000000000
53082  -7.492  -7.769  35.909 0.0000000000
53128  -9.896  -7.502  34.320 0.0000000000
53267  -3.863  -7.955  24.094 0.0000000000
53283  -3.802  -8.309  23.912 0.0000000000
54403  -6.952  -6.010  43.100 0.0000000000
54405  -10.189  -5.000  42.880 0.0000000000
54449  -3.538  -6.302  38.869 0.0000000000
55782  -9.104  -5.198  43.796 0.0000000000
55800  -6.228  -5.277  42.908 0.0000000000
55821  -6.824  -5.905  40.592 0.0000000000
55828  -3.879  -5.695  39.222 0.0000000000
55836  -3.668  -5.887  39.059 0.0000000000
57163  -6.635  -5.967  44.012 0.0000000000
57167  -9.005  -4.323  43.861 0.0000000000
57176  -6.434  -4.908  44.016 0.0000000000
57189  -9.668  -3.581  42.720 0.0000000000
57191  -10.889  -3.149  41.668 0.0000000000
57212  -8.133  -3.600  40.072 0.0000000000
57213  -8.487  -3.491  39.930 0.0000000000
57221  -4.719  -5.401  39.005 0.0000000000
57224  -7.900  -3.856  39.866 0.0000000000
57262  -13.794  -4.306  36.246 0.0000000000
57492  -3.702  -3.761  21.770 0.0000000000
58529  -8.942  -3.701  43.559 0.0000000000
58532  -7.680  -3.464  43.612 0.0000000000
58534  -9.148  -3.390  42.950 0.0000000000
58537  -6.008  -4.471  43.176 0.0000000000
58539  -8.898  -2.786  42.670 0.0000000000
58545  -11.228  -1.854  41.375 0.0000000000
58569  -10.257  -2.240  39.287 0.0000000000
58586  -12.531  -4.238  36.703 0.0000000000
58587  -12.904  -4.146  36.435 0.0000000000
58594  -12.900  -4.424  36.397 0.0000000000
58674  -20.048  -3.418  30.509 0.0000000000
59831  -6.640  -3.252  42.042 0.0000000000
59835  -9.770  -1.909  42.059 0.0000000000
59836  -6.617  -3.240  41.469 0.0000000000
59843  -7.250  -2.684  41.015 0.0000000000
59865  -10.968  -2.144  37.993 0.0000000000
60082  -0.826  -1.679  22.155 0.0000000000
61159  -8.570  -1.875  41.799 0.0000000000
61160  -8.924  -1.705  42.032 0.0000000000
61164  -9.559  -1.530  41.704 0.0000000000
61255  -29.068  -1.081  29.642 0.0000000000
61269  -29.274  -0.910  29.110 0.0000000000
61283  -28.746  -0.730  28.773 0.0000000000
62453  -12.670  -2.962  37.849 0.0000000000
62527  -28.897  -0.878  30.001 0.0000000000
62558  -29.042  -0.225  28.665 0.0000000000
62559  -29.308  -0.348  29.048 0.0000000000
63755  -19.228  0.252  33.048 0.0000000000
63756  -19.751  0.523  33.177 0.0000000000
63764  -19.239  0.227  32.576 0.0000000000
63765  -19.958  0.546  32.831 0.0000000000
63766  -20.554  0.530  32.675 0.0000000000
63808  -28.996  0.300  30.802 0.0000000000
63821  -28.772  0.284  29.909 0.0000000000
63822  -29.114  0.035  29.299 0.0000000000
63915  -5.173  -0.127  24.652 0.0000000000
64913  -28.862  2.263  34.646 0.0000000000
64914  -20.271  0.732  33.447 0.0000000000
64921  -28.861  1.944  34.288 0.0000000000
64922  -29.093  2.154  34.064 0.0000000000
64924  -20.777  0.653  33.175 0.0000000000
66092  -28.907  2.370  34.499 0.0000000000
66096  -27.635  2.974  33.162 0.0000000000
66097  -27.949  2.701  33.245 0.0000000000
66104  -27.669  3.083  32.845 0.0000000000
66162  -27.386  1.873  29.425 0.0000000000
66346  -31.485  3.417  19.117 0.0000000000
67307  -27.775  4.314  35.464 0.0000000000
67308  -27.988  4.347  35.528 0.0000000000
67311  -28.042  4.200  35.350 0.0000000000
67322  -28.542  3.848  34.551 0.0000000000
67338  -27.907  3.114  33.247 0.0000000000
67339  -28.094  3.217  33.174 0.0000000000
67515  -31.730  3.943  21.679 0.0000000000
67582  -30.901  3.790  18.852 0.0000000000
67584  -31.707  3.805  19.350 0.0000000000
67605  -31.186  3.192  18.606 0.0000000000
68628  -27.378  4.708  35.098 0.0000000000
68630  -28.327  5.023  34.790 0.0000000000
68632  -26.993  4.824  35.293 0.0000000000
68634  -28.082  4.289  35.078 0.0000000000
68636  -29.382  5.234  35.421 0.0000000000
68645  -29.023  4.697  34.628 0.0000000000
68653  -29.872  4.713  34.866 0.0000000000
68666  -29.727  4.747  34.496 0.0000000000
68857  -29.502  4.176  21.887 0.0000000000
68862  -32.918  4.997  20.798 0.0000000000
69976  -27.330  5.686  35.487 0.0000000000
69977  -27.821  5.454  35.079 0.0000000000
69978  -28.059  5.227  34.835 0.0000000000
69980  -26.802  5.843  35.626 0.0000000000
69981  -27.104  5.327  35.281 0.0000000000
69982  -28.141  5.687  35.301 0.0000000000
69983  -28.455  5.498  35.244 0.0000000000
69984  -29.216  5.525  35.624 0.0000000000
69991  -29.741  5.489  35.729 0.0000000000
69999  -30.173  5.383  35.325 0.0000000000
70254  -32.879  5.564  20.760 0.0000000000
71311  -26.445  6.755  36.548 0.0000000000
71312  -27.070  6.507  35.957 0.0000000000
71315  -26.405  6.580  36.230 0.0000000000
71317  -28.067  6.156  35.484 0.0000000000
71319  -29.564  5.842  36.049 0.0000000000
71324  -27.333  7.039  35.555 0.0000000000
71325  -27.939  6.823  35.195 0.0000000000
71437  -26.882  7.077  29.947 0.0000000000
71563  -28.314  6.027  24.295 0.0000000000
71564  -28.625  5.996  24.121 0.0000000000
71653  -32.058  5.717  19.363 0.0000000000
72720  -26.146  7.016  37.061 0.0000000000
72721  -26.552  7.121  36.789 0.0000000000
72723  -25.938  7.310  36.840 0.0000000000
72724  -26.434  7.301  36.414 0.0000000000
72725  -26.935  7.164  35.894 0.0000000000
72757  -29.967  6.392  33.777 0.0000000000
72812  -26.339  6.495  29.329 0.0000000000
74201  -29.959  8.359  30.979 0.0000000000
74215  -29.824  8.968  30.761 0.0000000000
74238  -27.976  7.935  28.323 0.0000000000
74255  -27.734  7.858  28.070 0.0000000000
75765  -27.658  9.945  12.405 0.0000000000
76950  -27.722  10.170  12.204 0.0000000000
76968  -28.746  10.691  11.057 0.0000000000
80312  -37.832  13.954  12.155 0.0000000000
80352  -33.117  12.751  9.643 0.0000000000
80353  -33.618  12.907  9.729 0.0000000000
81355  -37.468  15.388  13.343 0.0000000000
81357  -38.381  15.800  13.575 0.0000000000
81369  -36.926  14.908  13.087 0.0000000000
81370  -37.821  14.801  13.245 0.0000000000
81387  -38.319  14.564  12.673 0.0000000000
81388  -38.610  15.266  12.373 0.0000000000
81438  -36.153  13.908  8.390 0.0000000000
81454  -36.047  14.009  8.212 0.0000000000
82446  -38.175  16.330  13.260 0.0000000000
82462  -37.081  15.909  12.858 0.0000000000
82479  -38.484  15.643  11.543 0.0000000000
82569  -37.149  14.555  4.664 0.0000000000
83618  -36.765  17.878  12.700 0.0000000000
83619  -36.940  17.695  12.460 0.0000000000
83653  -36.867  16.089  12.610 0.0000000000
83671  -38.428  16.095  11.504 0.0000000000
83720  -37.843  16.916  6.193 0.0000000000
84691  -36.828  18.688  13.154 0.0000000000
84747  -37.439  17.873  11.843 0.0000000000
84759  -37.596  17.363  11.475 0.0000000000
87908  -40.316  20.341  7.879 0.0000000000
121240  -7.724  -7.955  43.270 0.0000000000
121245  -8.395  -9.616  43.022 0.0000000000
121247  -7.756  -7.616  43.537 0.0000000000
121255  -7.493  -7.587  43.362 0.0000000000
121336  -21.537  -2.740  30.606 0.0000000000
121337  -21.229  -2.864  30.438 0.0000000000
121355  -14.664  -1.807  32.986 0.0000000000
121374  -16.043  -1.055  32.419 0.0000000000
121383  -14.721  -1.533  32.846 0.0000000000
121386  -11.534  -3.861  39.259 0.0000000000
121387  -13.158  -3.437  36.925 0.0000000000
121388  -13.153  -3.750  36.640 0.0000000000
121397  -13.383  -4.137  36.407 0.0000000000
121403  -11.278  -1.134  40.739 0.0000000000
121405  -10.772  -0.962  40.940 0.0000000000
121406  -11.553  -3.945  39.042 0.0000000000
121411  -11.577  -1.600  40.846 0.0000000000
121421  -10.258  -0.974  40.553 0.0000000000
121426  -8.954  -1.641  40.458 0.0000000000
