#!ascii label  , from subject sub-NDARAG610XL4 vox2ras=TkReg
1329
102702  -33.499  37.770  -11.802 0.0000000000
105579  -22.622  40.221  -29.462 0.0000000000
102848  -25.457  37.926  -20.601 0.0000000000
100394  -29.921  34.395  -26.727 0.0000000000
103005  -27.842  37.526  -31.286 0.0000000000
101190  -24.014  35.586  -26.588 0.0000000000
98802  -25.809  32.082  -28.838 0.0000000000
97828  -27.720  31.813  -26.206 0.0000000000
95279  -31.021  27.979  -8.458 0.0000000000
100229  -30.869  34.610  -11.397 0.0000000000
123537  -17.687  45.807  -29.951 0.0000000000
108085  -21.403  43.152  -35.402 0.0000000000
105682  -27.388  39.869  -35.107 0.0000000000
107087  -28.634  41.637  -16.679 0.0000000000
105527  -22.220  40.492  -24.892 0.0000000000
105518  -28.645  40.718  -23.171 0.0000000000
102867  -28.748  36.915  -20.879 0.0000000000
98733  -32.049  32.811  -23.956 0.0000000000
96892  -27.160  30.958  -20.694 0.0000000000
101023  -34.409  35.711  -12.794 0.0000000000
123202  -28.180  34.668  -32.953 0.0000000000
123194  -25.300  34.443  -31.656 0.0000000000
97042  -25.983  30.708  -32.009 0.0000000000
97003  -25.548  30.270  -28.384 0.0000000000
96779  -31.065  30.965  -10.061 0.0000000000
99448  -28.096  33.335  -12.003 0.0000000000
110412  -16.631  45.927  -26.988 0.0000000000
106509  -24.479  41.484  -35.679 0.0000000000
105407  -25.343  40.919  -14.636 0.0000000000
105451  -27.555  41.215  -17.737 0.0000000000
105595  -18.538  39.989  -30.528 0.0000000000
105550  -22.114  40.230  -27.276 0.0000000000
100382  -27.360  34.376  -25.600 0.0000000000
102006  -26.381  36.479  -23.688 0.0000000000
102930  -29.489  37.048  -24.516 0.0000000000
104706  -29.734  39.623  -22.630 0.0000000000
102951  -31.062  37.236  -25.558 0.0000000000
101164  -31.009  35.352  -23.733 0.0000000000
99616  -32.456  33.280  -26.868 0.0000000000
97788  -28.167  31.450  -23.436 0.0000000000
106415  -26.765  41.019  -29.256 0.0000000000
104762  -24.094  39.980  -27.473 0.0000000000
102086  -25.589  36.979  -29.690 0.0000000000
99630  -24.415  33.588  -28.484 0.0000000000
98789  -27.492  32.234  -27.377 0.0000000000
97886  -30.753  31.649  -28.104 0.0000000000
97868  -27.084  31.484  -27.604 0.0000000000
97846  -25.876  31.372  -26.580 0.0000000000
95997  -34.102  29.438  -6.541 0.0000000000
98541  -33.397  32.935  -8.959 0.0000000000
101809  -32.040  36.130  -11.023 0.0000000000
108813  -13.604  44.151  -28.311 0.0000000000
108031  -15.618  43.351  -30.459 0.0000000000
106472  -17.828  41.572  -32.868 0.0000000000
105629  -22.363  40.117  -32.646 0.0000000000
104833  -25.170  39.001  -32.518 0.0000000000
103939  -27.967  38.322  -33.259 0.0000000000
103060  -27.851  36.751  -35.028 0.0000000000
103968  -26.153  38.583  -35.642 0.0000000000
101847  -25.782  37.047  -13.670 0.0000000000
102741  -27.816  37.724  -13.580 0.0000000000
102758  -29.563  37.363  -14.513 0.0000000000
104683  -23.285  39.385  -21.952 0.0000000000
102949  -22.923  37.395  -24.686 0.0000000000
103766  -25.173  39.350  -22.637 0.0000000000
106323  -27.307  41.452  -21.692 0.0000000000
107923  -29.572  43.077  -20.715 0.0000000000
104661  -28.977  39.580  -19.165 0.0000000000
101892  -30.588  36.009  -16.431 0.0000000000
101095  -31.454  35.721  -18.663 0.0000000000
100327  -31.759  34.749  -19.738 0.0000000000
99562  -30.207  33.214  -19.315 0.0000000000
97831  -30.612  31.664  -25.436 0.0000000000
97776  -29.421  31.576  -22.410 0.0000000000
98678  -28.188  32.597  -18.162 0.0000000000
101799  -34.457  36.004  -9.526 0.0000000000
101800  -34.726  35.860  -9.520 0.0000000000
102703  -34.052  37.358  -12.349 0.0000000000
123188  -27.633  32.896  -34.150 0.0000000000
123200  -27.252  33.014  -33.134 0.0000000000
95516  -26.351  29.371  -33.784 0.0000000000
95485  -25.963  28.863  -31.571 0.0000000000
104650  -27.471  39.598  -19.173 0.0000000000
104805  -21.161  39.683  -30.129 0.0000000000
100393  -28.884  34.200  -26.641 0.0000000000
101173  -28.519  35.512  -24.833 0.0000000000
101183  -29.925  35.461  -25.439 0.0000000000
103825  -30.335  37.104  -25.065 0.0000000000
102043  -30.587  36.500  -26.449 0.0000000000
101194  -31.968  35.745  -26.269 0.0000000000
100395  -30.800  34.177  -26.613 0.0000000000
104796  -28.484  39.641  -29.656 0.0000000000
103868  -26.498  38.910  -29.587 0.0000000000
102989  -27.063  37.529  -30.663 0.0000000000
123181  -25.251  33.118  -30.734 0.0000000000
123179  -24.508  33.961  -30.096 0.0000000000
99650  -25.351  32.663  -28.492 0.0000000000
98776  -26.422  32.817  -27.266 0.0000000000
98803  -26.962  31.840  -27.804 0.0000000000
98804  -28.122  31.801  -27.958 0.0000000000
97882  -26.543  31.563  -28.003 0.0000000000
96992  -25.563  30.872  -27.709 0.0000000000
98549  -31.470  32.370  -10.446 0.0000000000
97625  -32.145  31.677  -9.403 0.0000000000
99434  -32.082  33.565  -10.758 0.0000000000
100202  -32.992  34.564  -10.007 0.0000000000
100988  -31.767  35.298  -11.089 0.0000000000
110436  -16.823  46.215  -28.354 0.0000000000
109631  -15.448  45.235  -28.965 0.0000000000
109647  -16.278  44.915  -30.560 0.0000000000
107276  -16.795  42.330  -32.154 0.0000000000
108857  -17.244  44.280  -31.986 0.0000000000
108891  -19.953  44.610  -34.332 0.0000000000
106490  -20.028  41.798  -34.042 0.0000000000
105662  -21.755  40.837  -34.324 0.0000000000
104831  -23.562  39.533  -31.821 0.0000000000
105647  -23.415  40.471  -33.725 0.0000000000
105680  -26.022  40.939  -35.389 0.0000000000
104867  -26.325  39.792  -34.322 0.0000000000
104868  -26.973  39.671  -34.372 0.0000000000
103940  -28.450  37.662  -33.717 0.0000000000
104889  -27.355  39.049  -34.899 0.0000000000
103059  -27.145  36.710  -35.281 0.0000000000
104888  -26.880  39.499  -35.497 0.0000000000
101862  -22.122  36.994  -14.528 0.0000000000
101843  -21.583  36.428  -13.575 0.0000000000
102736  -22.691  37.874  -13.743 0.0000000000
101038  -25.603  35.949  -13.827 0.0000000000
102737  -23.974  38.067  -13.843 0.0000000000
106251  -27.205  41.144  -15.061 0.0000000000
104552  -27.001  39.886  -14.028 0.0000000000
104581  -27.773  39.982  -14.770 0.0000000000
102742  -28.668  37.759  -13.490 0.0000000000
103671  -27.820  38.322  -15.615 0.0000000000
105525  -20.862  40.406  -24.388 0.0000000000
104715  -21.193  39.933  -23.337 0.0000000000
105501  -22.085  40.125  -23.385 0.0000000000
102050  -23.568  37.090  -27.169 0.0000000000
103850  -23.366  38.985  -26.665 0.0000000000
101179  -23.699  36.310  -25.555 0.0000000000
103786  -27.871  38.430  -23.839 0.0000000000
102907  -25.942  37.564  -23.310 0.0000000000
104705  -26.366  40.050  -22.769 0.0000000000
106330  -25.775  40.743  -22.205 0.0000000000
106332  -27.310  41.394  -22.291 0.0000000000
107935  -28.566  43.055  -21.290 0.0000000000
107188  -30.291  43.128  -23.247 0.0000000000
103767  -29.685  38.439  -22.440 0.0000000000
104673  -29.544  39.514  -20.365 0.0000000000
103735  -28.628  37.988  -19.812 0.0000000000
102807  -28.585  37.490  -17.862 0.0000000000
101918  -29.103  36.041  -18.689 0.0000000000
101084  -31.139  35.840  -17.770 0.0000000000
101126  -29.490  35.654  -20.211 0.0000000000
100376  -32.748  34.200  -22.712 0.0000000000
100345  -31.782  34.279  -21.619 0.0000000000
99575  -31.789  33.953  -20.844 0.0000000000
99564  -31.414  34.110  -19.652 0.0000000000
98710  -31.512  33.237  -22.141 0.0000000000
97850  -29.354  31.396  -26.790 0.0000000000
97872  -31.229  31.473  -27.460 0.0000000000
97830  -29.600  31.738  -25.677 0.0000000000
96921  -27.772  30.784  -22.435 0.0000000000
97775  -28.489  31.273  -22.471 0.0000000000
97760  -28.348  31.594  -21.270 0.0000000000
98698  -28.682  32.477  -20.212 0.0000000000
97747  -27.296  31.529  -20.050 0.0000000000
97733  -27.009  31.613  -17.790 0.0000000000
98520  -34.841  32.932  -6.314 0.0000000000
101041  -34.139  35.315  -13.596 0.0000000000
101253  -28.297  35.506  -31.954 0.0000000000
123196  -27.112  35.678  -31.312 0.0000000000
123204  -27.624  34.938  -32.244 0.0000000000
123192  -26.008  32.940  -31.765 0.0000000000
97908  -25.585  30.917  -30.627 0.0000000000
97897  -25.518  30.887  -29.524 0.0000000000
97016  -25.654  29.941  -30.262 0.0000000000
96022  -31.353  29.229  -9.563 0.0000000000
96793  -30.579  30.460  -10.311 0.0000000000
100227  -29.308  34.199  -11.691 0.0000000000
123558  -18.708  46.404  -27.149 0.0000000000
107318  -22.733  42.556  -35.450 0.0000000000
106511  -26.131  41.921  -35.638 0.0000000000
105681  -26.731  40.706  -35.455 0.0000000000
104576  -24.334  39.582  -14.990 0.0000000000
105435  -26.709  40.830  -16.596 0.0000000000
107105  -28.266  42.309  -17.514 0.0000000000
105534  -22.266  40.433  -25.762 0.0000000000
100372  -25.639  34.570  -24.969 0.0000000000
101170  -25.095  35.164  -24.274 0.0000000000
101171  -26.286  35.318  -24.235 0.0000000000
102909  -27.865  37.338  -24.046 0.0000000000
103787  -28.996  38.675  -23.767 0.0000000000
104722  -29.371  39.859  -23.291 0.0000000000
103788  -29.637  38.581  -23.472 0.0000000000
103808  -30.167  37.698  -24.143 0.0000000000
102911  -30.214  37.286  -23.603 0.0000000000
101987  -29.814  36.414  -22.971 0.0000000000
102024  -31.280  36.594  -24.493 0.0000000000
100384  -31.366  34.981  -25.208 0.0000000000
99600  -32.501  33.150  -25.818 0.0000000000
98745  -28.086  32.081  -24.452 0.0000000000
102845  -22.890  37.320  -21.231 0.0000000000
106412  -24.273  41.387  -29.311 0.0000000000
106381  -23.757  41.837  -27.161 0.0000000000
105564  -25.940  40.666  -28.164 0.0000000000
102974  -24.657  38.122  -28.258 0.0000000000
101220  -23.900  36.173  -27.939 0.0000000000
101236  -25.043  35.392  -30.680 0.0000000000
101221  -24.148  35.604  -28.789 0.0000000000
100390  -24.934  34.168  -26.943 0.0000000000
99599  -25.566  33.647  -26.389 0.0000000000
99612  -27.427  33.024  -26.766 0.0000000000
99634  -29.173  32.874  -27.132 0.0000000000
99635  -30.125  32.876  -27.681 0.0000000000
98805  -28.989  31.930  -28.673 0.0000000000
97884  -28.571  31.504  -28.140 0.0000000000
97848  -27.447  31.443  -27.036 0.0000000000
97867  -26.156  31.239  -27.831 0.0000000000
97847  -26.486  31.232  -26.992 0.0000000000
96771  -32.673  30.732  -8.348 0.0000000000
96764  -33.306  30.889  -7.443 0.0000000000
97605  -34.320  31.846  -7.318 0.0000000000
99418  -33.614  33.894  -8.626 0.0000000000
100990  -33.437  35.801  -10.218 0.0000000000
102681  -33.291  36.923  -10.759 0.0000000000
108018  -14.165  42.809  -29.373 0.0000000000
108837  -14.834  43.805  -29.501 0.0000000000
106427  -15.503  41.453  -30.488 0.0000000000
106442  -16.537  41.364  -31.323 0.0000000000
106444  -18.193  40.860  -31.857 0.0000000000
105614  -20.549  40.113  -31.395 0.0000000000
123550  -18.367  45.578  -31.648 0.0000000000
108064  -17.961  43.068  -33.343 0.0000000000
106459  -20.528  40.924  -32.995 0.0000000000
105616  -22.448  39.794  -31.575 0.0000000000
104806  -23.791  40.016  -30.570 0.0000000000
104809  -25.978  39.928  -30.753 0.0000000000
104821  -28.686  39.237  -31.190 0.0000000000
105649  -25.016  40.446  -33.928 0.0000000000
104834  -26.489  39.167  -32.659 0.0000000000
103916  -28.035  38.367  -32.217 0.0000000000
103035  -28.918  36.965  -33.102 0.0000000000
102140  -28.591  35.423  -34.064 0.0000000000
101299  -26.845  35.054  -34.916 0.0000000000
101298  -26.450  35.698  -35.091 0.0000000000
105703  -26.484  40.539  -36.291 0.0000000000
101017  -26.990  35.165  -13.098 0.0000000000
101019  -28.490  35.516  -12.635 0.0000000000
103629  -25.614  39.071  -14.210 0.0000000000
101849  -27.498  37.180  -13.058 0.0000000000
101821  -29.123  36.545  -12.435 0.0000000000
102698  -30.041  37.074  -12.246 0.0000000000
103585  -30.836  38.055  -11.954 0.0000000000
103607  -31.556  38.718  -12.879 0.0000000000
103733  -24.697  38.757  -21.223 0.0000000000
105546  -23.263  40.596  -26.849 0.0000000000
104741  -22.665  39.618  -25.819 0.0000000000
103803  -23.010  38.821  -24.089 0.0000000000
102004  -24.173  36.676  -23.794 0.0000000000
102905  -23.760  37.756  -23.580 0.0000000000
104717  -23.092  39.361  -23.528 0.0000000000
105490  -24.781  40.330  -22.088 0.0000000000
105481  -25.544  40.317  -21.469 0.0000000000
104658  -27.044  39.388  -20.458 0.0000000000
105473  -28.408  41.129  -19.871 0.0000000000
107141  -28.897  42.422  -19.597 0.0000000000
107126  -29.604  41.976  -18.436 0.0000000000
105508  -30.340  40.957  -22.106 0.0000000000
105475  -29.914  41.067  -19.289 0.0000000000
105453  -29.025  40.503  -17.406 0.0000000000
103690  -28.166  38.286  -16.539 0.0000000000
102775  -30.159  36.887  -15.190 0.0000000000
103635  -32.513  38.277  -13.400 0.0000000000
102762  -33.373  37.096  -14.977 0.0000000000
101896  -34.030  36.898  -16.368 0.0000000000
101075  -33.973  35.940  -17.108 0.0000000000
101127  -30.760  34.901  -20.806 0.0000000000
100328  -32.320  35.361  -19.124 0.0000000000
100304  -32.739  35.032  -17.848 0.0000000000
100294  -31.788  34.137  -16.929 0.0000000000
99525  -31.244  33.615  -16.454 0.0000000000
99653  -32.667  32.280  -28.243 0.0000000000
97853  -32.322  31.748  -26.031 0.0000000000
97833  -32.210  31.927  -24.901 0.0000000000
97804  -29.688  31.551  -24.321 0.0000000000
96953  -30.341  31.439  -23.876 0.0000000000
97777  -30.574  32.091  -22.614 0.0000000000
98708  -30.016  32.630  -21.236 0.0000000000
98679  -29.029  32.932  -18.262 0.0000000000
102682  -33.681  37.054  -11.052 0.0000000000
101792  -35.001  36.332  -8.865 0.0000000000
101812  -34.443  36.360  -10.727 0.0000000000
102683  -34.127  37.136  -11.532 0.0000000000
123161  -26.798  32.106  -34.178 0.0000000000
123167  -26.697  31.728  -33.909 0.0000000000
96263  -25.830  29.815  -34.242 0.0000000000
102806  -26.529  37.937  -18.344 0.0000000000
103713  -26.830  38.818  -19.704 0.0000000000
105598  -21.586  39.784  -30.550 0.0000000000
104792  -22.267  39.865  -29.071 0.0000000000
101191  -29.618  34.893  -26.112 0.0000000000
101182  -28.908  35.095  -25.685 0.0000000000
102036  -30.283  36.352  -25.732 0.0000000000
101192  -30.509  35.279  -25.939 0.0000000000
101193  -31.142  35.574  -26.364 0.0000000000
103871  -28.977  38.852  -29.979 0.0000000000
103878  -27.616  38.427  -30.383 0.0000000000
102990  -27.750  38.041  -30.815 0.0000000000
98818  -25.436  32.449  -29.800 0.0000000000
98801  -25.257  32.634  -29.521 0.0000000000
98787  -25.693  32.603  -28.217 0.0000000000
95280  -31.791  28.194  -8.198 0.0000000000
99433  -31.374  33.447  -11.128 0.0000000000
98560  -31.654  32.932  -10.643 0.0000000000
100214  -31.586  34.345  -11.255 0.0000000000
100215  -32.417  34.471  -10.767 0.0000000000
101005  -31.120  35.050  -11.296 0.0000000000
109640  -16.722  45.934  -29.385 0.0000000000
109648  -16.882  45.320  -30.530 0.0000000000
108856  -16.645  44.439  -31.401 0.0000000000
108892  -20.942  44.602  -34.750 0.0000000000
109698  -20.266  45.360  -34.124 0.0000000000
108084  -20.686  43.539  -34.916 0.0000000000
107299  -20.553  42.631  -34.580 0.0000000000
107300  -21.397  42.458  -35.045 0.0000000000
105663  -22.709  40.705  -34.315 0.0000000000
106493  -22.188  41.593  -34.690 0.0000000000
105668  -27.249  40.172  -34.764 0.0000000000
105667  -26.631  40.417  -34.744 0.0000000000
104869  -27.306  39.367  -34.587 0.0000000000
101874  -22.487  36.715  -15.302 0.0000000000
102755  -22.569  37.669  -14.530 0.0000000000
102754  -22.118  37.345  -14.094 0.0000000000
103626  -22.906  38.249  -14.330 0.0000000000
106266  -27.933  41.128  -16.190 0.0000000000
105422  -27.421  40.847  -14.876 0.0000000000
105423  -27.663  40.477  -15.176 0.0000000000
104606  -27.689  39.452  -15.283 0.0000000000
105437  -28.385  40.321  -16.479 0.0000000000
105533  -21.621  40.611  -25.517 0.0000000000
105526  -21.589  40.751  -24.569 0.0000000000
105515  -21.494  40.372  -23.782 0.0000000000
105516  -22.105  40.279  -24.052 0.0000000000
101204  -23.782  36.187  -27.239 0.0000000000
101189  -23.741  36.326  -26.415 0.0000000000
101180  -24.009  35.800  -25.821 0.0000000000
104721  -28.335  39.608  -23.391 0.0000000000
104720  -27.181  39.542  -23.017 0.0000000000
105517  -27.805  40.266  -22.983 0.0000000000
105505  -26.968  40.512  -22.593 0.0000000000
105506  -27.855  40.875  -22.670 0.0000000000
107186  -29.072  42.213  -22.895 0.0000000000
106343  -29.224  41.603  -23.240 0.0000000000
102868  -29.242  37.484  -21.437 0.0000000000
103751  -29.395  38.618  -21.094 0.0000000000
102850  -28.737  37.470  -20.295 0.0000000000
102833  -28.599  37.597  -19.518 0.0000000000
101929  -29.096  35.990  -19.620 0.0000000000
101966  -28.952  36.406  -21.221 0.0000000000
123301  -32.122  33.450  -23.344 0.0000000000
99591  -33.341  34.124  -22.563 0.0000000000
123297  -31.922  33.395  -22.928 0.0000000000
99582  -31.505  33.547  -21.496 0.0000000000
98720  -31.735  32.921  -22.737 0.0000000000
97849  -28.374  31.468  -26.941 0.0000000000
97829  -28.581  31.798  -25.870 0.0000000000
96907  -27.237  30.629  -21.409 0.0000000000
96908  -27.984  30.990  -21.910 0.0000000000
97759  -27.524  31.129  -20.870 0.0000000000
97748  -28.084  31.939  -20.340 0.0000000000
97738  -26.499  31.258  -19.152 0.0000000000
97746  -26.473  31.128  -19.810 0.0000000000
99412  -34.785  33.468  -7.464 0.0000000000
101007  -35.304  35.068  -12.276 0.0000000000
101022  -34.172  35.629  -13.199 0.0000000000
101267  -28.831  35.243  -32.671 0.0000000000
97939  -26.036  31.446  -32.425 0.0000000000
123199  -26.688  33.082  -32.397 0.0000000000
123191  -25.794  32.125  -31.858 0.0000000000
98829  -25.530  31.903  -31.027 0.0000000000
97923  -25.798  31.171  -31.554 0.0000000000
97025  -25.968  30.078  -31.428 0.0000000000
96216  -25.705  29.243  -30.729 0.0000000000
96792  -29.273  30.388  -10.743 0.0000000000
98558  -30.232  32.563  -11.393 0.0000000000
99449  -28.994  33.369  -11.794 0.0000000000
110415  -19.128  46.679  -26.236 0.0000000000
107321  -25.431  42.900  -35.604 0.0000000000
107322  -25.986  42.893  -35.846 0.0000000000
108110  -25.524  43.956  -35.321 0.0000000000
105450  -27.152  40.493  -17.747 0.0000000000
104623  -26.620  40.235  -17.213 0.0000000000
105436  -27.490  41.340  -17.084 0.0000000000
106283  -27.831  41.835  -17.636 0.0000000000
105594  -17.485  39.996  -30.723 0.0000000000
105545  -22.659  40.486  -26.584 0.0000000000
100373  -26.599  34.619  -25.003 0.0000000000
101172  -27.493  35.167  -24.612 0.0000000000
102022  -29.045  36.287  -24.530 0.0000000000
102021  -28.053  36.271  -24.182 0.0000000000
102929  -28.623  37.127  -24.249 0.0000000000
103805  -28.303  37.744  -24.177 0.0000000000
103806  -28.861  37.845  -24.219 0.0000000000
103807  -29.790  37.717  -24.480 0.0000000000
103826  -30.442  37.158  -24.956 0.0000000000
103789  -29.951  37.990  -23.344 0.0000000000
102932  -30.935  37.076  -24.614 0.0000000000
102008  -30.192  36.685  -23.407 0.0000000000
100396  -31.620  34.347  -26.204 0.0000000000
101184  -32.127  35.702  -25.350 0.0000000000
100397  -32.267  33.720  -26.067 0.0000000000
100385  -32.060  33.994  -25.207 0.0000000000
106413  -25.122  41.655  -29.285 0.0000000000
107238  -25.352  42.171  -28.203 0.0000000000
106384  -26.228  41.592  -28.194 0.0000000000
102987  -25.594  37.845  -29.482 0.0000000000
103867  -25.600  38.834  -29.307 0.0000000000
102070  -25.239  37.225  -28.865 0.0000000000
102057  -24.208  37.070  -28.265 0.0000000000
123197  -26.272  34.851  -31.998 0.0000000000
123195  -26.559  35.955  -30.574 0.0000000000
100434  -24.154  34.280  -29.257 0.0000000000
100413  -24.287  34.271  -27.832 0.0000000000
99598  -25.242  33.927  -26.571 0.0000000000
99610  -25.401  33.705  -27.031 0.0000000000
98777  -26.743  32.687  -27.153 0.0000000000
99613  -28.352  33.300  -26.735 0.0000000000
99633  -28.251  32.630  -27.088 0.0000000000
98791  -29.392  32.414  -28.065 0.0000000000
98790  -28.581  32.278  -27.829 0.0000000000
97883  -27.648  31.633  -27.721 0.0000000000
97869  -28.051  31.407  -27.658 0.0000000000
97009  -25.903  30.129  -29.176 0.0000000000
97881  -25.809  30.973  -28.574 0.0000000000
97866  -25.732  30.865  -28.206 0.0000000000
96979  -25.603  31.139  -27.043 0.0000000000
96993  -25.966  31.162  -27.335 0.0000000000
96780  -31.584  30.574  -9.580 0.0000000000
96770  -32.015  29.791  -8.906 0.0000000000
98540  -32.770  32.343  -9.153 0.0000000000
97615  -32.641  31.662  -8.667 0.0000000000
98530  -33.274  32.219  -8.614 0.0000000000
98531  -33.952  32.840  -8.042 0.0000000000
100989  -32.797  35.404  -10.622 0.0000000000
100975  -33.374  35.255  -9.864 0.0000000000
101810  -32.888  36.451  -10.732 0.0000000000
108793  -13.318  44.258  -27.077 0.0000000000
107983  -12.828  43.716  -27.230 0.0000000000
107998  -12.994  43.642  -27.878 0.0000000000
108008  -13.611  43.198  -28.886 0.0000000000
108826  -13.940  43.852  -28.775 0.0000000000
109604  -16.741  45.974  -25.530 0.0000000000
109621  -16.048  45.615  -27.260 0.0000000000
108838  -15.304  44.281  -29.694 0.0000000000
108828  -15.047  44.659  -29.079 0.0000000000
108020  -15.242  43.254  -29.774 0.0000000000
107256  -15.486  42.461  -30.427 0.0000000000
106441  -15.789  41.738  -30.901 0.0000000000
107265  -15.791  42.433  -31.059 0.0000000000
106456  -17.516  41.456  -32.248 0.0000000000
106455  -16.829  41.624  -31.882 0.0000000000
105625  -18.867  40.504  -31.784 0.0000000000
105626  -19.595  40.461  -31.999 0.0000000000
108868  -17.700  44.385  -32.347 0.0000000000
108065  -18.493  43.525  -33.626 0.0000000000
106475  -20.679  41.034  -33.753 0.0000000000
106474  -19.615  41.425  -33.610 0.0000000000
105628  -21.421  40.355  -32.571 0.0000000000
105627  -20.538  40.430  -32.229 0.0000000000
105600  -23.705  40.356  -30.442 0.0000000000
105617  -23.082  39.693  -31.678 0.0000000000
104832  -24.087  39.493  -32.390 0.0000000000
104817  -24.161  39.459  -31.362 0.0000000000
104818  -25.032  39.203  -31.383 0.0000000000
104810  -27.141  39.879  -30.860 0.0000000000
104819  -26.270  39.408  -31.631 0.0000000000
106508  -23.528  41.767  -35.450 0.0000000000
106478  -23.960  40.991  -34.417 0.0000000000
105665  -24.638  40.836  -34.691 0.0000000000
104850  -26.703  39.302  -33.656 0.0000000000
104849  -25.663  39.639  -33.639 0.0000000000
104835  -27.375  38.787  -32.877 0.0000000000
103917  -28.814  38.041  -32.683 0.0000000000
103956  -27.937  37.439  -34.531 0.0000000000
103046  -28.462  36.515  -34.133 0.0000000000
102151  -28.246  35.430  -34.883 0.0000000000
101301  -27.914  34.416  -34.659 0.0000000000
101300  -27.549  34.830  -35.055 0.0000000000
102150  -27.466  35.764  -35.431 0.0000000000
103058  -26.466  37.151  -35.277 0.0000000000
102149  -26.696  36.059  -35.479 0.0000000000
102148  -26.043  36.259  -35.193 0.0000000000
106528  -26.468  42.021  -36.395 0.0000000000
100262  -25.330  34.791  -13.780 0.0000000000
101039  -26.639  36.018  -13.306 0.0000000000
101018  -27.564  35.550  -12.902 0.0000000000
101040  -27.263  36.463  -12.976 0.0000000000
104577  -24.715  39.916  -14.782 0.0000000000
104549  -24.970  39.854  -14.605 0.0000000000
104579  -25.832  40.321  -14.305 0.0000000000
103631  -27.099  38.748  -14.245 0.0000000000
102740  -26.962  37.953  -13.747 0.0000000000
102718  -28.267  37.196  -12.469 0.0000000000
101820  -28.588  36.631  -12.417 0.0000000000
102697  -29.144  37.087  -12.173 0.0000000000
102719  -28.849  37.613  -12.689 0.0000000000
102757  -28.675  37.574  -14.333 0.0000000000
103605  -30.078  38.062  -12.592 0.0000000000
103632  -30.435  37.968  -13.109 0.0000000000
103606  -31.009  38.181  -12.630 0.0000000000
102744  -30.411  37.592  -13.766 0.0000000000
104700  -22.431  39.562  -22.724 0.0000000000
103731  -23.108  38.568  -21.369 0.0000000000
105553  -24.556  40.931  -27.457 0.0000000000
105552  -23.734  40.815  -27.201 0.0000000000
102960  -22.888  37.803  -25.520 0.0000000000
103839  -22.866  38.845  -25.857 0.0000000000
103838  -22.766  38.408  -25.406 0.0000000000
103824  -22.671  39.286  -25.498 0.0000000000
102927  -22.668  38.068  -24.295 0.0000000000
101163  -25.536  35.831  -23.796 0.0000000000
101162  -24.667  35.885  -23.877 0.0000000000
102005  -25.254  36.679  -23.664 0.0000000000
103784  -25.418  38.692  -22.834 0.0000000000
102906  -24.821  37.664  -23.430 0.0000000000
103783  -24.374  38.553  -23.091 0.0000000000
103782  -23.510  38.786  -23.315 0.0000000000
103764  -24.066  39.136  -22.737 0.0000000000
104701  -23.425  39.411  -22.670 0.0000000000
104702  -24.441  39.730  -22.367 0.0000000000
106322  -26.557  41.165  -21.877 0.0000000000
105491  -25.427  40.665  -21.891 0.0000000000
105492  -26.115  40.710  -21.582 0.0000000000
104671  -26.104  39.741  -21.161 0.0000000000
104672  -27.006  39.933  -21.222 0.0000000000
104659  -27.552  40.006  -20.294 0.0000000000
106313  -27.826  41.307  -21.179 0.0000000000
108726  -29.194  43.688  -21.096 0.0000000000
107921  -28.768  43.257  -20.517 0.0000000000
107907  -29.079  43.451  -19.929 0.0000000000
107125  -28.920  42.467  -18.481 0.0000000000
107142  -29.306  42.461  -19.751 0.0000000000
105507  -30.042  40.473  -22.790 0.0000000000
105494  -29.975  40.413  -21.859 0.0000000000
105474  -29.785  40.391  -19.674 0.0000000000
105465  -29.572  40.661  -18.494 0.0000000000
104653  -28.798  39.990  -17.991 0.0000000000
104640  -28.524  39.440  -17.175 0.0000000000
104652  -28.654  39.091  -18.197 0.0000000000
101891  -29.590  36.185  -16.693 0.0000000000
101890  -28.883  36.783  -16.354 0.0000000000
101878  -30.272  36.581  -15.554 0.0000000000
102760  -31.535  36.898  -14.489 0.0000000000
101865  -31.696  36.675  -15.211 0.0000000000
102747  -32.946  37.556  -14.056 0.0000000000
101880  -32.150  36.632  -15.892 0.0000000000
101906  -32.063  36.208  -17.847 0.0000000000
101894  -32.711  36.708  -16.882 0.0000000000
101907  -32.894  36.494  -17.993 0.0000000000
101881  -33.993  36.455  -16.430 0.0000000000
101919  -32.371  36.112  -18.600 0.0000000000
101158  -30.345  35.475  -22.972 0.0000000000
101157  -29.798  35.780  -22.298 0.0000000000
100363  -30.799  34.639  -22.195 0.0000000000
101128  -31.415  34.574  -20.571 0.0000000000
100314  -32.527  34.999  -18.801 0.0000000000
100295  -32.523  34.708  -16.697 0.0000000000
100313  -31.932  34.639  -18.733 0.0000000000
99563  -30.932  33.512  -19.429 0.0000000000
99537  -31.335  33.728  -17.602 0.0000000000
99548  -30.754  33.437  -18.456 0.0000000000
99536  -30.507  33.359  -17.440 0.0000000000
99547  -29.887  33.271  -18.364 0.0000000000
98806  -30.163  32.105  -28.268 0.0000000000
99651  -30.941  32.516  -28.153 0.0000000000
98807  -31.356  31.969  -28.413 0.0000000000
97852  -31.491  31.518  -26.403 0.0000000000
97873  -32.336  31.569  -27.347 0.0000000000
97832  -31.544  31.656  -25.215 0.0000000000
97789  -29.327  31.344  -23.242 0.0000000000
96922  -30.126  31.327  -23.060 0.0000000000
97790  -30.856  31.848  -23.558 0.0000000000
97762  -30.260  32.412  -21.827 0.0000000000
97761  -29.625  32.122  -21.757 0.0000000000
98690  -28.492  32.562  -19.127 0.0000000000
98667  -28.782  32.731  -17.202 0.0000000000
100969  -34.494  35.805  -8.701 0.0000000000
100970  -35.032  35.584  -8.648 0.0000000000
100978  -35.071  35.232  -9.277 0.0000000000
123189  -27.894  33.910  -33.742 0.0000000000
123201  -27.510  33.465  -33.497 0.0000000000
123175  -27.328  32.355  -33.901 0.0000000000
97940  -26.343  31.424  -33.283 0.0000000000
97043  -26.301  30.321  -32.572 0.0000000000
97026  -26.326  29.664  -31.987 0.0000000000
95492  -26.115  28.891  -32.321 0.0000000000
104639  -26.736  39.623  -17.825 0.0000000000
105462  -27.351  40.128  -18.374 0.0000000000
105596  -19.517  39.860  -30.721 0.0000000000
104791  -21.423  39.634  -29.322 0.0000000000
105551  -22.738  40.651  -27.380 0.0000000000
100383  -28.236  34.480  -25.897 0.0000000000
101181  -28.111  34.910  -25.316 0.0000000000
101174  -29.338  35.636  -24.989 0.0000000000
102023  -30.026  36.205  -24.831 0.0000000000
102931  -30.235  36.923  -25.071 0.0000000000
102950  -30.454  37.117  -25.854 0.0000000000
102962  -30.919  37.121  -26.327 0.0000000000
102963  -31.694  37.126  -26.018 0.0000000000
102044  -31.095  36.421  -26.692 0.0000000000
99615  -31.597  33.650  -27.123 0.0000000000
105583  -27.226  40.559  -29.477 0.0000000000
104779  -27.328  40.071  -28.767 0.0000000000
104795  -27.792  39.472  -29.326 0.0000000000
103877  -26.753  38.353  -30.190 0.0000000000
102988  -26.113  37.636  -30.166 0.0000000000
123184  -25.206  33.443  -31.263 0.0000000000
123178  -24.602  34.067  -30.824 0.0000000000
99649  -24.783  33.040  -29.113 0.0000000000
99631  -25.225  33.133  -27.806 0.0000000000
98788  -26.299  32.614  -27.691 0.0000000000
95274  -33.582  28.882  -7.117 0.0000000000
97624  -31.344  31.622  -10.151 0.0000000000
98550  -32.234  32.757  -9.938 0.0000000000
98551  -32.943  32.881  -9.423 0.0000000000
99424  -33.126  33.643  -9.505 0.0000000000
99423  -32.615  33.790  -10.206 0.0000000000
101808  -31.291  36.049  -11.191 0.0000000000
108794  -14.324  44.938  -26.735 0.0000000000
110430  -16.573  45.985  -27.674 0.0000000000
109632  -16.148  45.755  -28.241 0.0000000000
109639  -15.953  45.154  -30.087 0.0000000000
108846  -15.906  44.341  -30.782 0.0000000000
108042  -15.924  43.313  -31.235 0.0000000000
108855  -16.121  43.916  -31.402 0.0000000000
108043  -16.478  43.323  -31.771 0.0000000000
107277  -17.290  42.310  -32.643 0.0000000000
108082  -19.123  43.307  -34.213 0.0000000000
108083  -19.723  43.620  -34.355 0.0000000000
106491  -20.591  41.849  -34.220 0.0000000000
105645  -21.382  40.619  -33.531 0.0000000000
105646  -22.488  40.399  -33.570 0.0000000000
105630  -23.282  40.026  -32.739 0.0000000000
105631  -23.927  40.200  -33.199 0.0000000000
105679  -25.238  40.918  -35.380 0.0000000000
105666  -25.666  40.414  -34.606 0.0000000000
104851  -27.395  39.005  -33.843 0.0000000000
103955  -27.617  38.363  -34.239 0.0000000000
103970  -27.680  37.353  -34.853 0.0000000000
103969  -27.222  37.884  -34.993 0.0000000000
101069  -21.844  35.195  -16.255 0.0000000000
101062  -22.094  35.899  -15.515 0.0000000000
101061  -21.492  35.634  -15.153 0.0000000000
101861  -21.609  36.628  -14.257 0.0000000000
101037  -24.373  35.945  -13.900 0.0000000000
101845  -23.519  37.015  -13.609 0.0000000000
101846  -24.683  37.038  -13.899 0.0000000000
102738  -25.100  38.056  -14.115 0.0000000000
106236  -26.506  41.401  -14.486 0.0000000000
105396  -26.253  40.999  -13.980 0.0000000000
106237  -26.985  41.319  -14.083 0.0000000000
104580  -27.426  39.626  -14.489 0.0000000000
103651  -27.382  38.524  -14.374 0.0000000000
102756  -27.926  37.886  -14.226 0.0000000000
102772  -27.919  37.711  -14.908 0.0000000000
105514  -20.862  40.077  -23.828 0.0000000000
105500  -21.722  39.981  -23.115 0.0000000000
102973  -24.049  38.148  -27.803 0.0000000000
103851  -23.758  39.051  -27.386 0.0000000000
102969  -23.594  38.130  -27.209 0.0000000000
102042  -23.458  37.066  -26.057 0.0000000000
102035  -23.294  36.856  -25.210 0.0000000000
102908  -27.062  37.489  -23.533 0.0000000000
103785  -26.669  38.486  -23.034 0.0000000000
104719  -26.124  39.418  -22.839 0.0000000000
104704  -25.681  40.053  -22.726 0.0000000000
105504  -26.033  40.500  -22.481 0.0000000000
107176  -27.419  41.943  -22.060 0.0000000000
106324  -27.856  41.771  -21.436 0.0000000000
107177  -28.069  42.269  -22.318 0.0000000000
108747  -29.104  43.219  -22.468 0.0000000000
107937  -29.804  42.593  -21.603 0.0000000000
104688  -29.521  39.602  -21.580 0.0000000000
103736  -28.909  38.572  -20.042 0.0000000000
103723  -28.648  38.872  -19.397 0.0000000000
103714  -28.483  38.270  -18.435 0.0000000000
102820  -28.578  37.514  -18.793 0.0000000000
101917  -28.828  36.753  -18.278 0.0000000000
101082  -29.760  35.817  -17.342 0.0000000000
101074  -30.764  35.828  -17.113 0.0000000000
101093  -29.693  35.614  -18.135 0.0000000000
101107  -29.703  35.633  -19.108 0.0000000000
101108  -30.614  35.430  -19.490 0.0000000000
100375  -31.897  34.433  -23.475 0.0000000000
100366  -31.131  34.547  -22.853 0.0000000000
123302  -32.420  34.293  -22.329 0.0000000000
123296  -32.731  34.020  -21.686 0.0000000000
99574  -31.072  33.455  -20.552 0.0000000000
99573  -30.538  33.130  -20.053 0.0000000000
97871  -30.085  31.414  -27.586 0.0000000000
97851  -30.434  31.467  -26.615 0.0000000000
98707  -29.204  32.482  -21.046 0.0000000000
98697  -27.996  32.223  -19.791 0.0000000000
98689  -27.696  32.213  -19.009 0.0000000000
98677  -27.472  32.164  -18.036 0.0000000000
97739  -27.064  31.700  -18.727 0.0000000000
97732  -26.532  31.256  -18.230 0.0000000000
98521  -35.269  32.642  -5.585 0.0000000000
102103  -28.091  36.442  -31.652 0.0000000000
102102  -27.509  36.507  -31.019 0.0000000000
123203  -27.047  34.082  -33.038 0.0000000000
123193  -26.046  33.806  -32.072 0.0000000000
123183  -25.573  32.634  -31.315 0.0000000000
123182  -25.399  32.696  -30.699 0.0000000000
98819  -25.607  31.932  -30.107 0.0000000000
96223  -25.869  29.494  -30.994 0.0000000000
96208  -25.554  29.797  -29.582 0.0000000000
95289  -31.443  28.644  -8.936 0.0000000000
96037  -30.729  29.601  -10.128 0.0000000000
96794  -31.123  30.131  -10.160 0.0000000000
97623  -30.779  31.169  -10.273 0.0000000000
97630  -29.445  31.061  -11.118 0.0000000000
97631  -30.256  31.549  -10.836 0.0000000000
98559  -30.980  32.597  -10.925 0.0000000000
99432  -30.670  33.365  -11.442 0.0000000000
100228  -30.239  34.288  -11.517 0.0000000000
110413  -17.043  46.116  -26.311 0.0000000000
110431  -17.268  46.325  -27.548 0.0000000000
123541  -17.996  46.754  -28.673 0.0000000000
107301  -22.180  42.207  -35.185 0.0000000000
107320  -24.558  42.573  -35.671 0.0000000000
106510  -25.374  41.775  -35.696 0.0000000000
105434  -25.967  40.344  -16.112 0.0000000000
105421  -26.337  41.048  -15.795 0.0000000000
106264  -26.763  41.188  -16.003 0.0000000000
106265  -27.640  41.398  -16.515 0.0000000000
107086  -28.495  41.925  -16.679 0.0000000000
100379  -24.419  35.160  -25.741 0.0000000000
100370  -24.471  35.251  -25.208 0.0000000000
102020  -27.139  35.949  -24.016 0.0000000000
102007  -27.327  36.707  -23.845 0.0000000000
105519  -29.551  40.986  -23.103 0.0000000000
103768  -29.927  37.928  -22.946 0.0000000000
102885  -29.781  37.380  -22.759 0.0000000000
101967  -29.429  36.513  -22.059 0.0000000000
102910  -29.974  36.973  -23.225 0.0000000000
102009  -30.624  36.357  -23.875 0.0000000000
102010  -31.193  36.079  -24.301 0.0000000000
102037  -32.442  36.578  -25.424 0.0000000000
101175  -32.132  35.945  -24.797 0.0000000000
101165  -31.447  35.576  -24.430 0.0000000000
99589  -32.410  33.312  -24.348 0.0000000000
98746  -32.306  32.497  -24.556 0.0000000000
98763  -28.326  31.960  -25.102 0.0000000000
98744  -27.468  32.410  -24.528 0.0000000000
98731  -27.648  32.070  -23.764 0.0000000000
97787  -27.216  31.431  -23.400 0.0000000000
96936  -27.204  30.718  -23.083 0.0000000000
96920  -27.020  30.313  -22.325 0.0000000000
96165  -26.857  30.321  -21.806 0.0000000000
96906  -26.494  30.472  -20.941 0.0000000000
105580  -23.470  40.807  -29.411 0.0000000000
105562  -23.295  40.994  -28.636 0.0000000000
107236  -24.579  42.258  -28.084 0.0000000000
106382  -24.755  41.834  -27.529 0.0000000000
104776  -24.788  39.873  -27.974 0.0000000000
104778  -26.515  40.059  -28.621 0.0000000000
104777  -25.597  39.784  -28.545 0.0000000000
103859  -24.337  39.024  -27.960 0.0000000000
102056  -23.811  36.618  -27.677 0.0000000000
102088  -27.034  36.568  -30.599 0.0000000000
102087  -26.092  36.620  -30.376 0.0000000000
102085  -25.309  36.396  -30.112 0.0000000000
102069  -24.810  36.492  -29.467 0.0000000000
101205  -23.984  35.414  -27.543 0.0000000000
100389  -24.431  34.793  -26.766 0.0000000000
100380  -25.021  34.193  -25.941 0.0000000000
100381  -26.197  33.777  -25.693 0.0000000000
99611  -26.207  33.162  -26.927 0.0000000000
100391  -27.012  33.689  -26.291 0.0000000000
100392  -27.906  33.810  -26.254 0.0000000000
100415  -29.619  33.731  -27.288 0.0000000000
100416  -30.348  33.692  -27.250 0.0000000000
97885  -29.592  31.616  -28.195 0.0000000000
97870  -29.012  31.275  -27.704 0.0000000000
96011  -32.004  28.956  -8.959 0.0000000000
96012  -32.732  29.385  -8.317 0.0000000000
96013  -33.139  30.313  -7.969 0.0000000000
96781  -32.226  31.173  -8.961 0.0000000000
96772  -33.018  30.666  -7.908 0.0000000000
97595  -34.147  31.259  -6.594 0.0000000000
97596  -34.920  31.968  -6.159 0.0000000000
98532  -34.544  32.717  -7.175 0.0000000000
99411  -34.159  33.949  -8.114 0.0000000000
100203  -33.453  34.734  -9.218 0.0000000000
100196  -34.051  34.882  -8.533 0.0000000000
100976  -33.803  35.729  -9.340 0.0000000000
101811  -33.779  36.306  -10.363 0.0000000000
109601  -14.761  45.103  -27.471 0.0000000000
109620  -15.387  45.373  -27.813 0.0000000000
109619  -14.834  44.975  -28.302 0.0000000000
108827  -14.498  44.265  -28.887 0.0000000000
108019  -14.514  43.251  -29.382 0.0000000000
106411  -14.894  41.859  -30.156 0.0000000000
106426  -15.039  41.255  -30.237 0.0000000000
106428  -16.245  41.096  -30.820 0.0000000000
105610  -16.795  40.553  -31.055 0.0000000000
105611  -17.550  40.473  -31.172 0.0000000000
107266  -16.323  42.391  -31.601 0.0000000000
106443  -17.495  40.970  -31.658 0.0000000000
105612  -18.537  40.433  -31.270 0.0000000000
105613  -19.594  40.269  -31.281 0.0000000000
123540  -17.905  45.704  -30.460 0.0000000000
109656  -17.743  45.254  -31.257 0.0000000000
108055  -17.470  43.355  -32.607 0.0000000000
107284  -17.776  42.291  -33.271 0.0000000000
107297  -18.986  42.753  -34.169 0.0000000000
107285  -18.607  42.330  -33.750 0.0000000000
106458  -19.563  40.879  -32.787 0.0000000000
105615  -21.533  39.960  -31.516 0.0000000000
105599  -22.639  40.017  -30.483 0.0000000000
106429  -24.643  41.167  -29.862 0.0000000000
106430  -25.321  41.155  -29.755 0.0000000000
104816  -23.640  39.715  -30.958 0.0000000000
104808  -24.947  39.966  -30.639 0.0000000000
105582  -26.390  40.792  -29.593 0.0000000000
105604  -27.635  40.244  -30.219 0.0000000000
104811  -28.254  39.706  -30.530 0.0000000000
103894  -29.092  39.062  -31.100 0.0000000000
106494  -23.255  41.171  -34.674 0.0000000000
105648  -24.208  40.699  -33.818 0.0000000000
104848  -24.635  39.937  -33.275 0.0000000000
104820  -27.719  39.086  -31.681 0.0000000000
103892  -28.116  38.584  -31.744 0.0000000000
103893  -28.426  38.470  -31.494 0.0000000000
103022  -28.495  37.298  -32.154 0.0000000000
102118  -28.667  36.225  -32.457 0.0000000000
102129  -28.728  35.864  -33.329 0.0000000000
101279  -28.752  34.819  -33.522 0.0000000000
123176  -27.719  33.757  -34.219 0.0000000000
123170  -27.464  33.009  -34.504 0.0000000000
104914  -26.383  39.528  -36.153 0.0000000000
99467  -27.239  33.425  -12.618 0.0000000000
100264  -26.935  34.517  -13.208 0.0000000000
99468  -27.839  34.057  -12.407 0.0000000000
100226  -28.478  34.138  -11.966 0.0000000000
101002  -28.841  34.886  -12.103 0.0000000000
101003  -29.566  35.045  -11.728 0.0000000000
103650  -24.227  39.183  -14.639 0.0000000000
103628  -24.641  39.110  -14.402 0.0000000000
102739  -26.120  38.021  -13.962 0.0000000000
104551  -26.135  40.171  -14.255 0.0000000000
101848  -26.714  37.117  -13.432 0.0000000000
101831  -28.046  36.384  -12.615 0.0000000000
101832  -28.864  36.106  -12.639 0.0000000000
101004  -30.398  35.327  -11.618 0.0000000000
100987  -31.006  35.621  -11.322 0.0000000000
101823  -30.692  36.267  -11.917 0.0000000000
101824  -31.397  36.683  -11.437 0.0000000000
103604  -29.485  37.924  -12.359 0.0000000000
103584  -30.046  37.772  -11.933 0.0000000000
102700  -31.638  37.452  -11.691 0.0000000000
103586  -31.892  38.435  -12.122 0.0000000000
103587  -32.899  38.598  -11.655 0.0000000000
103750  -22.788  38.130  -21.417 0.0000000000
102847  -24.429  37.781  -21.109 0.0000000000
106395  -23.377  41.399  -27.913 0.0000000000
106368  -23.165  40.796  -27.079 0.0000000000
104761  -23.564  39.940  -26.922 0.0000000000
104751  -22.995  39.865  -26.348 0.0000000000
104750  -22.548  40.097  -25.993 0.0000000000
104740  -22.489  39.804  -25.328 0.0000000000
104731  -22.701  39.654  -24.278 0.0000000000
101169  -24.158  35.696  -24.799 0.0000000000
102019  -23.913  36.145  -24.160 0.0000000000
102018  -23.453  36.565  -24.345 0.0000000000
102003  -23.564  37.056  -23.849 0.0000000000
102928  -23.013  37.388  -23.894 0.0000000000
102904  -23.027  38.225  -23.657 0.0000000000
103804  -23.232  39.016  -23.713 0.0000000000
104716  -22.628  39.800  -23.415 0.0000000000
104684  -24.242  39.785  -21.876 0.0000000000
104685  -24.931  40.294  -21.646 0.0000000000
104670  -24.961  39.703  -21.321 0.0000000000
103734  -25.590  38.967  -20.922 0.0000000000
103721  -26.373  38.931  -20.557 0.0000000000
104651  -27.898  40.147  -19.602 0.0000000000
105463  -28.031  40.743  -18.894 0.0000000000
106314  -28.284  41.670  -20.716 0.0000000000
106306  -28.463  41.792  -19.588 0.0000000000
106297  -28.091  41.775  -18.666 0.0000000000
107124  -28.355  42.258  -18.443 0.0000000000
107106  -28.908  42.403  -17.404 0.0000000000
107107  -29.193  41.889  -17.087 0.0000000000
106335  -30.457  41.564  -22.339 0.0000000000
106325  -30.352  41.608  -21.382 0.0000000000
105485  -29.840  40.427  -20.783 0.0000000000
105495  -30.299  41.011  -21.090 0.0000000000
106315  -30.363  41.613  -20.370 0.0000000000
107127  -29.843  41.703  -19.203 0.0000000000
106284  -29.490  41.253  -17.554 0.0000000000
105438  -28.953  40.904  -17.053 0.0000000000
105452  -28.685  40.124  -17.112 0.0000000000
102773  -28.601  37.247  -15.585 0.0000000000
102791  -28.536  37.443  -16.858 0.0000000000
101876  -28.855  36.835  -15.912 0.0000000000
102745  -31.287  37.455  -13.754 0.0000000000
103634  -31.920  38.332  -13.237 0.0000000000
103588  -33.308  38.572  -12.208 0.0000000000
103608  -33.480  38.459  -12.968 0.0000000000
102722  -33.950  37.661  -13.245 0.0000000000
101851  -34.322  37.046  -14.027 0.0000000000
101893  -31.563  36.185  -16.817 0.0000000000
102777  -33.633  37.096  -15.833 0.0000000000
101867  -34.259  36.993  -15.088 0.0000000000
101055  -34.184  36.361  -15.296 0.0000000000
101054  -34.025  35.704  -14.866 0.0000000000
101146  -29.595  35.668  -21.353 0.0000000000
100344  -31.181  34.514  -21.282 0.0000000000
101109  -31.734  35.165  -19.561 0.0000000000
101931  -32.700  36.051  -18.814 0.0000000000
100296  -33.366  35.363  -16.871 0.0000000000
100286  -33.291  35.189  -15.775 0.0000000000
100285  -32.569  34.536  -15.555 0.0000000000
99526  -32.025  34.142  -16.204 0.0000000000
99549  -31.387  33.966  -18.596 0.0000000000
100417  -30.781  33.626  -27.160 0.0000000000
99637  -32.214  32.952  -27.787 0.0000000000
99638  -32.838  32.431  -27.706 0.0000000000
97887  -31.875  31.400  -28.201 0.0000000000
98792  -33.036  31.854  -27.821 0.0000000000
98778  -32.734  32.301  -26.781 0.0000000000
98764  -32.525  32.439  -25.427 0.0000000000
97807  -32.020  32.239  -24.103 0.0000000000
97803  -28.775  31.873  -24.800 0.0000000000
96952  -30.182  31.401  -24.065 0.0000000000
97805  -30.653  31.660  -24.276 0.0000000000
97806  -31.528  31.872  -24.232 0.0000000000
97791  -31.502  32.319  -23.399 0.0000000000
97778  -31.297  32.443  -22.784 0.0000000000
98709  -30.850  32.848  -21.622 0.0000000000
98700  -30.470  32.965  -20.750 0.0000000000
98691  -29.305  32.997  -19.285 0.0000000000
95479  -25.854  28.870  -31.161 0.0000000000
95504  -26.267  28.998  -33.289 0.0000000000
95515  -26.262  28.992  -33.979 0.0000000000
96006  -33.440  29.753  -7.391 0.0000000000
96038  -31.280  29.860  -9.968 0.0000000000
96217  -26.085  28.943  -31.196 0.0000000000
96224  -26.235  29.203  -31.529 0.0000000000
96234  -26.360  29.382  -32.509 0.0000000000
96250  -26.394  29.691  -33.311 0.0000000000
96264  -26.167  29.613  -34.189 0.0000000000
96265  -26.385  29.927  -33.836 0.0000000000
96763  -32.966  31.121  -7.848 0.0000000000
96923  -30.533  31.615  -23.188 0.0000000000
96937  -27.543  30.741  -22.840 0.0000000000
96938  -30.035  31.280  -23.700 0.0000000000
96939  -30.429  31.495  -23.600 0.0000000000
96980  -25.994  31.142  -26.982 0.0000000000
97060  -26.379  30.593  -33.545 0.0000000000
97073  -25.965  30.419  -34.281 0.0000000000
97074  -26.356  30.803  -34.057 0.0000000000
97597  -35.387  32.208  -5.222 0.0000000000
97604  -33.276  31.621  -8.014 0.0000000000
97606  -34.634  32.391  -6.712 0.0000000000
97632  -31.009  32.040  -10.552 0.0000000000
97792  -31.866  32.540  -23.740 0.0000000000
97888  -32.661  31.567  -28.171 0.0000000000
98699  -29.766  32.879  -20.290 0.0000000000
98719  -31.226  32.665  -22.376 0.0000000000
98732  -31.904  32.880  -23.360 0.0000000000
98808  -32.328  31.876  -28.434 0.0000000000
98809  -32.911  31.868  -28.335 0.0000000000
98854  -26.060  32.146  -32.425 0.0000000000
99450  -29.859  33.395  -11.667 0.0000000000
99487  -26.927  34.161  -13.241 0.0000000000
99583  -32.462  33.773  -22.158 0.0000000000
99590  -32.548  33.883  -23.053 0.0000000000
99614  -31.067  33.614  -27.122 0.0000000000
99632  -25.889  32.933  -27.463 0.0000000000
99636  -31.130  33.231  -27.688 0.0000000000
99652  -31.840  32.491  -28.287 0.0000000000
99654  -33.046  32.090  -28.156 0.0000000000
99665  -25.418  32.568  -30.216 0.0000000000
100204  -35.019  34.776  -9.638 0.0000000000
100205  -35.261  34.550  -9.222 0.0000000000
100213  -31.000  34.007  -11.482 0.0000000000
100231  -35.300  34.753  -11.951 0.0000000000
100244  -26.949  34.854  -13.145 0.0000000000
100245  -27.291  34.576  -13.027 0.0000000000
100246  -28.175  34.733  -12.646 0.0000000000
100263  -26.571  34.841  -13.382 0.0000000000
100266  -34.788  34.626  -13.198 0.0000000000
100303  -31.916  34.413  -17.725 0.0000000000
100305  -33.342  35.608  -17.641 0.0000000000
100359  -30.923  34.570  -21.533 0.0000000000
100367  -32.912  34.272  -22.327 0.0000000000
100371  -24.738  34.908  -25.103 0.0000000000
100374  -31.617  35.396  -24.708 0.0000000000
100377  -33.009  34.295  -22.499 0.0000000000
100414  -24.917  33.797  -27.384 0.0000000000
100455  -28.392  34.973  -32.360 0.0000000000
100977  -34.823  35.271  -9.699 0.0000000000
101020  -29.200  35.517  -12.328 0.0000000000
101021  -29.784  35.554  -12.127 0.0000000000
101024  -35.159  35.212  -12.669 0.0000000000
101042  -34.943  35.193  -13.080 0.0000000000
101043  -35.242  35.185  -12.921 0.0000000000
101063  -33.859  35.964  -16.024 0.0000000000
101064  -34.123  36.578  -15.797 0.0000000000
101072  -29.809  35.940  -17.012 0.0000000000
101073  -30.123  35.861  -17.018 0.0000000000
101083  -30.323  35.645  -17.622 0.0000000000
101085  -33.051  35.557  -18.243 0.0000000000
101086  -33.477  36.016  -18.008 0.0000000000
101094  -30.497  35.582  -18.473 0.0000000000
101096  -32.926  35.784  -18.669 0.0000000000
101097  -33.181  36.115  -18.473 0.0000000000
101110  -32.474  35.830  -18.876 0.0000000000
101125  -29.124  35.933  -20.410 0.0000000000
101145  -29.111  35.922  -20.719 0.0000000000
101147  -30.403  35.211  -21.865 0.0000000000
101161  -24.164  35.994  -24.052 0.0000000000
101168  -23.600  36.296  -24.986 0.0000000000
101176  -32.519  36.165  -25.224 0.0000000000
101185  -32.443  36.162  -25.772 0.0000000000
101195  -32.311  36.298  -26.135 0.0000000000
101206  -31.489  36.050  -26.635 0.0000000000
101207  -31.792  35.975  -26.539 0.0000000000
101245  -27.219  36.028  -30.647 0.0000000000
101290  -28.422  34.525  -34.296 0.0000000000
101822  -29.837  36.487  -12.427 0.0000000000
101825  -32.133  36.858  -11.215 0.0000000000
101826  -34.294  36.476  -12.009 0.0000000000
101833  -29.564  35.973  -12.615 0.0000000000
101834  -30.144  35.876  -12.282 0.0000000000
101835  -33.979  35.904  -13.243 0.0000000000
101850  -34.082  36.208  -13.899 0.0000000000
101863  -30.582  36.769  -15.137 0.0000000000
101864  -30.972  36.670  -15.121 0.0000000000
101866  -34.259  36.481  -14.641 0.0000000000
101873  -21.976  36.383  -14.866 0.0000000000
101877  -29.257  36.670  -15.847 0.0000000000
101879  -31.234  36.350  -15.790 0.0000000000
101882  -34.105  36.924  -16.061 0.0000000000
101895  -33.683  36.670  -17.051 0.0000000000
101904  -28.881  36.736  -17.284 0.0000000000
101905  -29.256  36.128  -17.718 0.0000000000
101908  -33.271  36.305  -18.206 0.0000000000
101920  -32.901  36.122  -18.659 0.0000000000
101921  -33.101  36.218  -18.505 0.0000000000
101928  -28.716  36.767  -19.360 0.0000000000
101930  -32.481  36.073  -18.933 0.0000000000
101947  -28.924  36.302  -20.312 0.0000000000
101948  -29.126  35.953  -20.054 0.0000000000
101963  -22.629  37.061  -21.170 0.0000000000
101988  -30.228  36.244  -23.333 0.0000000000
102025  -31.818  36.391  -24.666 0.0000000000
102026  -32.367  36.518  -24.915 0.0000000000
102045  -32.105  36.593  -26.227 0.0000000000
102046  -32.375  36.563  -25.896 0.0000000000
102051  -23.804  37.592  -27.647 0.0000000000
102052  -31.489  36.389  -26.615 0.0000000000
102053  -31.800  36.326  -26.513 0.0000000000
102058  -24.875  37.594  -28.488 0.0000000000
102696  -28.727  36.882  -12.241 0.0000000000
102699  -30.791  37.209  -11.915 0.0000000000
102701  -32.739  37.510  -11.298 0.0000000000
102720  -29.306  37.861  -12.879 0.0000000000
102721  -33.638  37.978  -12.528 0.0000000000
102743  -29.574  37.763  -13.494 0.0000000000
102746  -32.186  37.424  -13.765 0.0000000000
102748  -33.711  37.560  -14.174 0.0000000000
102759  -30.501  37.033  -14.746 0.0000000000
102761  -32.485  36.884  -14.822 0.0000000000
102763  -33.919  37.279  -15.395 0.0000000000
102774  -29.710  36.966  -15.239 0.0000000000
102776  -33.005  36.918  -15.812 0.0000000000
102778  -33.967  37.139  -16.027 0.0000000000
102792  -33.425  36.908  -16.396 0.0000000000
102793  -33.840  36.961  -16.304 0.0000000000
102794  -34.017  37.100  -16.221 0.0000000000
102819  -26.659  37.985  -19.256 0.0000000000
102832  -26.362  38.210  -20.165 0.0000000000
102846  -23.399  37.692  -21.296 0.0000000000
102849  -25.982  38.508  -20.597 0.0000000000
102851  -29.111  38.037  -20.708 0.0000000000
102866  -22.876  37.701  -21.327 0.0000000000
102886  -29.960  37.695  -23.198 0.0000000000
102933  -31.784  36.899  -24.755 0.0000000000
102934  -32.157  36.736  -24.816 0.0000000000
102948  -22.782  38.050  -24.938 0.0000000000
102952  -31.721  37.104  -25.277 0.0000000000
102953  -32.249  36.913  -25.086 0.0000000000
102959  -22.765  38.245  -25.217 0.0000000000
102961  -30.637  37.025  -26.402 0.0000000000
102964  -32.212  36.923  -25.679 0.0000000000
102968  -23.174  37.962  -26.468 0.0000000000
102970  -31.280  36.671  -26.589 0.0000000000
102971  -31.579  36.733  -26.484 0.0000000000
102979  -25.259  38.075  -28.745 0.0000000000
103004  -27.420  37.011  -30.864 0.0000000000
103583  -29.459  37.548  -12.146 0.0000000000
103609  -33.533  37.947  -13.483 0.0000000000
103630  -26.499  38.987  -14.178 0.0000000000
103633  -31.142  37.985  -13.156 0.0000000000
103636  -33.137  38.209  -13.475 0.0000000000
103637  -33.432  37.856  -13.692 0.0000000000
103649  -23.990  39.119  -14.872 0.0000000000
103670  -27.551  38.444  -14.861 0.0000000000
103702  -26.789  38.763  -18.636 0.0000000000
103703  -28.425  38.334  -17.520 0.0000000000
103722  -28.532  38.257  -19.297 0.0000000000
103732  -23.761  38.608  -21.258 0.0000000000
103765  -24.739  39.217  -22.616 0.0000000000
103781  -23.209  38.710  -23.684 0.0000000000
103823  -22.707  38.797  -24.985 0.0000000000
103860  -24.883  38.979  -28.636 0.0000000000
103869  -27.367  38.872  -29.694 0.0000000000
103870  -28.235  38.856  -29.822 0.0000000000
103876  -26.049  38.348  -29.850 0.0000000000
103879  -28.354  38.480  -30.635 0.0000000000
103880  -29.048  38.850  -30.669 0.0000000000
103890  -24.132  39.348  -31.579 0.0000000000
103891  -24.345  39.227  -31.617 0.0000000000
103914  -24.144  39.258  -31.809 0.0000000000
103915  -24.442  38.959  -31.951 0.0000000000
104513  -31.895  39.374  -12.606 0.0000000000
104514  -32.554  39.228  -12.174 0.0000000000
104515  -33.090  39.092  -11.969 0.0000000000
104529  -31.941  39.283  -13.294 0.0000000000
104530  -32.542  39.360  -12.895 0.0000000000
104531  -33.099  39.120  -12.537 0.0000000000
104550  -25.357  39.871  -14.464 0.0000000000
104553  -32.177  38.889  -13.548 0.0000000000
104554  -32.580  39.015  -13.448 0.0000000000
104555  -33.077  39.027  -13.159 0.0000000000
104578  -25.292  40.334  -14.578 0.0000000000
104605  -27.343  39.034  -14.754 0.0000000000
104622  -26.165  39.755  -16.675 0.0000000000
104624  -28.068  39.177  -16.229 0.0000000000
104641  -28.729  40.076  -17.425 0.0000000000
104660  -28.437  38.900  -18.929 0.0000000000
104686  -26.351  40.269  -21.362 0.0000000000
104687  -26.735  40.490  -21.453 0.0000000000
104703  -25.048  39.865  -22.589 0.0000000000
104718  -25.483  39.517  -22.706 0.0000000000
104732  -23.090  39.269  -23.921 0.0000000000
104780  -27.967  40.000  -29.055 0.0000000000
104793  -26.235  39.460  -29.096 0.0000000000
104794  -26.990  39.487  -29.171 0.0000000000
104797  -28.947  39.324  -30.267 0.0000000000
104804  -20.450  39.547  -30.096 0.0000000000
104807  -24.146  39.997  -30.588 0.0000000000
104812  -28.983  39.316  -30.766 0.0000000000
104822  -29.005  39.312  -31.023 0.0000000000
105395  -25.956  41.196  -14.262 0.0000000000
105397  -26.842  40.793  -13.781 0.0000000000
105406  -24.918  40.575  -15.061 0.0000000000
105408  -25.729  40.746  -14.305 0.0000000000
105409  -27.473  40.662  -14.306 0.0000000000
105410  -27.655  40.244  -14.575 0.0000000000
105419  -24.902  40.334  -15.082 0.0000000000
105464  -28.317  41.306  -19.323 0.0000000000
105466  -29.767  41.164  -18.803 0.0000000000
105472  -28.108  40.506  -20.104 0.0000000000
105482  -25.988  40.326  -21.366 0.0000000000
105483  -27.472  40.665  -21.097 0.0000000000
105484  -28.102  41.014  -20.640 0.0000000000
105486  -30.334  40.968  -20.077 0.0000000000
105493  -26.797  40.917  -21.592 0.0000000000
105502  -24.850  40.196  -22.389 0.0000000000
105503  -25.312  40.462  -22.396 0.0000000000
105528  -30.161  41.914  -24.843 0.0000000000
105535  -30.166  42.142  -25.009 0.0000000000
105536  -30.225  42.044  -25.120 0.0000000000
105537  -30.359  42.024  -24.432 0.0000000000
105538  -30.581  41.897  -23.907 0.0000000000
105554  -25.387  41.239  -27.698 0.0000000000
105555  -26.062  41.313  -27.902 0.0000000000
105563  -25.277  40.504  -27.899 0.0000000000
105565  -26.701  40.866  -28.366 0.0000000000
105566  -27.345  40.620  -28.946 0.0000000000
105567  -27.914  40.269  -29.368 0.0000000000
105578  -21.860  39.745  -29.748 0.0000000000
105581  -25.883  40.931  -29.690 0.0000000000
105584  -28.079  40.262  -29.920 0.0000000000
105597  -20.469  39.763  -30.765 0.0000000000
105601  -24.764  40.762  -30.389 0.0000000000
105602  -25.732  40.704  -29.977 0.0000000000
105603  -26.707  40.362  -30.124 0.0000000000
105605  -28.064  40.158  -30.263 0.0000000000
105644  -20.972  40.741  -33.904 0.0000000000
105661  -21.008  41.030  -34.231 0.0000000000
105664  -23.302  40.699  -34.245 0.0000000000
106223  -26.178  41.390  -14.284 0.0000000000
106224  -26.394  41.361  -14.061 0.0000000000
106225  -26.623  41.206  -13.842 0.0000000000
106235  -25.959  41.372  -14.583 0.0000000000
106249  -25.681  41.313  -14.977 0.0000000000
106250  -26.433  41.258  -15.288 0.0000000000
106252  -27.448  40.912  -15.296 0.0000000000
106267  -28.775  41.272  -16.842 0.0000000000
106298  -28.244  41.456  -19.070 0.0000000000
106299  -29.718  41.326  -18.428 0.0000000000
106300  -29.792  41.457  -18.990 0.0000000000
106305  -28.418  42.094  -19.160 0.0000000000
106307  -30.126  41.481  -19.583 0.0000000000
106321  -25.986  40.926  -21.950 0.0000000000
106331  -26.382  40.916  -22.245 0.0000000000
106333  -28.330  41.557  -22.830 0.0000000000
106334  -29.966  41.065  -23.030 0.0000000000
106336  -30.694  41.683  -23.288 0.0000000000
106344  -29.955  41.729  -23.598 0.0000000000
106351  -29.989  41.872  -24.728 0.0000000000
106352  -30.285  41.864  -24.144 0.0000000000
106353  -30.748  42.391  -23.523 0.0000000000
106354  -30.959  41.979  -23.660 0.0000000000
106359  -30.023  42.299  -25.044 0.0000000000
106360  -30.222  42.391  -24.525 0.0000000000
106361  -30.473  42.213  -23.986 0.0000000000
106362  -30.797  41.885  -23.822 0.0000000000
106383  -25.544  41.881  -27.845 0.0000000000
106396  -23.884  41.866  -28.339 0.0000000000
106397  -24.764  42.009  -28.597 0.0000000000
106398  -25.647  41.994  -28.491 0.0000000000
106399  -26.630  41.301  -28.784 0.0000000000
106400  -27.094  40.988  -29.102 0.0000000000
106414  -25.956  41.277  -29.411 0.0000000000
106416  -27.028  40.828  -29.264 0.0000000000
106431  -25.665  41.054  -29.668 0.0000000000
106457  -18.570  40.978  -32.411 0.0000000000
106460  -21.072  40.870  -33.211 0.0000000000
106473  -18.597  41.464  -33.230 0.0000000000
106476  -21.032  40.857  -33.446 0.0000000000
106477  -23.663  40.789  -34.162 0.0000000000
106492  -21.273  41.789  -34.466 0.0000000000
106495  -23.949  41.142  -35.015 0.0000000000
106507  -22.754  41.821  -35.126 0.0000000000
106526  -24.432  42.017  -36.060 0.0000000000
107085  -28.319  42.236  -16.905 0.0000000000
107140  -28.410  42.185  -18.917 0.0000000000
107143  -30.016  41.984  -19.617 0.0000000000
107155  -28.547  42.449  -20.542 0.0000000000
107156  -29.514  42.836  -20.354 0.0000000000
107157  -29.973  42.319  -20.672 0.0000000000
107167  -27.657  42.065  -21.794 0.0000000000
107168  -28.196  42.340  -21.468 0.0000000000
107169  -30.281  42.069  -21.955 0.0000000000
107170  -30.266  42.032  -21.763 0.0000000000
107178  -30.663  42.000  -22.163 0.0000000000
107179  -30.654  42.057  -22.442 0.0000000000
107180  -31.107  42.446  -22.980 0.0000000000
107187  -29.604  42.215  -23.771 0.0000000000
107189  -30.604  42.837  -23.300 0.0000000000
107194  -29.687  42.649  -24.417 0.0000000000
107195  -30.294  43.068  -23.565 0.0000000000
107196  -30.439  42.624  -23.722 0.0000000000
107201  -30.105  42.862  -24.546 0.0000000000
107202  -30.359  43.134  -23.893 0.0000000000
107203  -30.412  42.482  -23.818 0.0000000000
107224  -24.338  42.312  -27.663 0.0000000000
107225  -24.913  42.144  -27.845 0.0000000000
107226  -25.306  42.161  -27.993 0.0000000000
107237  -25.092  42.188  -28.167 0.0000000000
107246  -13.974  42.304  -29.485 0.0000000000
107247  -14.533  42.387  -29.711 0.0000000000
107248  -15.061  42.454  -29.947 0.0000000000
107286  -19.399  42.160  -34.012 0.0000000000
107298  -19.783  42.596  -34.238 0.0000000000
107317  -21.920  42.714  -35.441 0.0000000000
107906  -28.826  43.683  -20.012 0.0000000000
107922  -29.336  43.321  -20.254 0.0000000000
107936  -30.126  42.315  -22.162 0.0000000000
107943  -28.486  42.908  -22.018 0.0000000000
107944  -30.425  42.203  -22.288 0.0000000000
107945  -30.178  42.704  -22.552 0.0000000000
107946  -30.674  43.027  -23.019 0.0000000000
107951  -28.844  42.826  -22.570 0.0000000000
107952  -29.563  42.921  -23.364 0.0000000000
107953  -30.010  43.301  -23.180 0.0000000000
107954  -30.360  43.098  -22.974 0.0000000000
107960  -29.853  43.126  -24.186 0.0000000000
107961  -30.004  43.235  -23.798 0.0000000000
107968  -30.142  43.078  -24.277 0.0000000000
107969  -30.099  43.187  -24.071 0.0000000000
108009  -14.141  43.659  -28.967 0.0000000000
108044  -16.915  43.713  -32.052 0.0000000000
108054  -16.961  43.016  -32.263 0.0000000000
108056  -17.905  43.771  -32.993 0.0000000000
108066  -18.957  43.963  -33.975 0.0000000000
108692  -28.974  44.148  -20.201 0.0000000000
108693  -29.006  44.113  -19.874 0.0000000000
108706  -28.913  43.896  -20.517 0.0000000000
108707  -29.319  43.971  -20.329 0.0000000000
108708  -29.432  43.563  -20.522 0.0000000000
108725  -28.867  43.568  -21.209 0.0000000000
108727  -29.510  43.469  -20.984 0.0000000000
108735  -28.775  43.352  -21.912 0.0000000000
108736  -29.153  43.530  -21.901 0.0000000000
108737  -29.476  43.208  -21.805 0.0000000000
108746  -28.770  43.145  -22.292 0.0000000000
108748  -29.529  43.115  -22.584 0.0000000000
108814  -14.115  44.783  -27.843 0.0000000000
108847  -16.408  44.781  -30.830 0.0000000000
108869  -18.154  44.414  -32.868 0.0000000000
109603  -16.226  45.591  -26.195 0.0000000000
109630  -14.971  44.778  -28.787 0.0000000000
109641  -17.827  46.000  -29.486 0.0000000000
109667  -18.002  45.019  -32.179 0.0000000000
110444  -17.701  46.498  -28.882 0.0000000000
123162  -27.123  32.643  -34.525 0.0000000000
123168  -27.228  32.322  -34.146 0.0000000000
123169  -27.316  32.571  -34.354 0.0000000000
123174  -26.789  32.142  -33.635 0.0000000000
123180  -25.081  33.117  -30.262 0.0000000000
123185  -26.546  32.316  -32.939 0.0000000000
123186  -27.186  32.530  -33.508 0.0000000000
123187  -27.588  32.962  -33.710 0.0000000000
123190  -24.736  34.404  -31.310 0.0000000000
123198  -26.238  32.523  -32.256 0.0000000000
123294  -33.040  33.967  -21.739 0.0000000000
123295  -32.675  34.346  -22.000 0.0000000000
123298  -33.438  33.996  -22.045 0.0000000000
123299  -31.616  34.299  -22.662 0.0000000000
123300  -32.955  34.244  -21.817 0.0000000000
123551  -18.281  46.468  -28.193 0.0000000000
