#!ascii label  , from subject sub-NDARAG610XL4 vox2ras=TkReg
776
41655  -20.318  -17.834  -36.911 0.5555555820
41666  -20.987  -17.351  -37.466 0.6666666865
41677  -21.194  -16.694  -37.888 0.7777777910
42776  -21.950  -16.672  -38.539 0.7777777910
43929  -20.888  -15.294  -39.165 0.8888888955
43932  -23.321  -15.712  -39.139 0.8888888955
41654  -19.484  -17.747  -36.583 0.5555555820
41665  -19.810  -17.302  -37.381 0.5555555820
42764  -20.053  -16.932  -37.734 0.6666666865
42774  -20.450  -16.406  -37.982 0.8888888955
42788  -22.408  -16.413  -38.799 0.8888888955
43930  -21.649  -15.301  -39.309 0.8888888955
43943  -22.333  -14.917  -40.126 1.0000000000
45158  -22.873  -15.117  -39.866 0.8888888955
45175  -22.687  -14.384  -40.460 1.0000000000
41675  -18.965  -17.155  -38.029 0.7777777910
42785  -19.654  -16.038  -38.676 1.0000000000
43927  -18.659  -15.606  -39.260 1.0000000000
43928  -19.966  -15.440  -39.347 1.0000000000
43948  -21.170  -14.802  -40.885 1.0000000000
43940  -19.347  -14.891  -39.981 1.0000000000
45173  -20.662  -14.284  -41.048 1.0000000000
45186  -21.299  -14.262  -41.292 1.0000000000
45188  -22.397  -13.711  -40.822 1.0000000000
46435  -20.829  -13.727  -41.651 1.0000000000
46450  -21.439  -13.551  -41.439 1.0000000000
47739  -22.242  -12.672  -40.933 1.0000000000
47738  -21.661  -12.676  -41.342 1.0000000000
49034  -22.449  -11.814  -41.142 0.7777777910
45157  -17.906  -14.921  -39.826 0.8888888955
46434  -20.276  -13.639  -41.342 1.0000000000
45171  -18.529  -14.360  -40.563 1.0000000000
47737  -20.862  -13.000  -41.939 1.0000000000
49033  -21.183  -11.671  -41.646 1.0000000000
50292  -23.040  -10.845  -40.905 0.8888888955
50291  -22.119  -10.818  -41.365 1.0000000000
51576  -23.585  -9.985  -40.839 0.7777777910
46432  -17.806  -13.645  -40.933 0.5555555820
47735  -18.984  -12.695  -42.308 0.7777777910
46433  -18.573  -13.684  -41.229 0.8888888955
47736  -20.030  -13.017  -42.541 1.0000000000
47718  -20.459  -13.462  -41.962 1.0000000000
49032  -20.172  -12.170  -42.112 1.0000000000
50290  -21.575  -10.787  -41.896 1.0000000000
51600  -21.411  -10.303  -42.130 1.0000000000
51601  -21.772  -10.047  -41.559 0.8888888955
52942  -21.980  -9.060  -41.537 0.7777777910
52917  -23.591  -9.011  -40.739 0.6666666865
52943  -22.779  -8.453  -41.189 0.6666666865
47717  -16.633  -12.508  -41.151 0.4444444478
46446  -17.402  -12.933  -41.360 0.7777777910
47734  -17.893  -12.470  -42.252 0.6666666865
47747  -18.702  -12.391  -42.996 0.7777777910
47748  -19.627  -12.400  -43.066 0.8888888955
47749  -19.887  -12.028  -43.303 0.8888888955
49050  -20.536  -11.548  -42.203 1.0000000000
49055  -19.694  -11.620  -43.329 1.0000000000
50309  -20.563  -10.636  -42.905 1.0000000000
51620  -21.110  -10.087  -42.609 1.0000000000
52941  -21.424  -9.553  -42.054 0.8888888955
54289  -23.631  -7.684  -40.702 0.5555555820
54314  -21.895  -7.908  -41.578 0.7777777910
54315  -22.830  -7.354  -41.537 0.6666666865
49047  -17.424  -11.775  -42.610 0.6666666865
49030  -17.350  -12.018  -42.059 0.6666666865
47751  -18.615  -11.888  -43.292 0.7777777910
47750  -18.249  -11.693  -43.267 0.7777777910
49054  -19.039  -11.448  -43.392 0.8888888955
50324  -20.066  -10.998  -43.189 0.8888888955
50323  -19.514  -10.798  -43.392 1.0000000000
51619  -20.719  -9.855  -42.990 1.0000000000
52962  -20.901  -9.120  -42.571 0.8888888955
54313  -21.442  -8.668  -42.031 0.8888888955
54330  -20.565  -8.591  -43.071 0.8888888955
54331  -21.198  -7.793  -42.607 0.7777777910
49029  -16.715  -11.608  -41.870 0.5555555820
49052  -17.834  -11.281  -43.358 0.7777777910
50322  -18.680  -10.717  -43.513 0.8888888955
51636  -19.370  -9.856  -43.673 1.0000000000
52981  -20.073  -9.012  -43.661 1.0000000000
52961  -20.520  -9.334  -43.155 0.8888888955
55686  -21.595  -6.492  -42.792 0.7777777910
54333  -23.005  -6.779  -42.134 0.6666666865
55688  -23.140  -6.262  -42.108 0.5555555820
55671  -23.428  -6.609  -41.481 0.5555555820
49046  -16.765  -11.020  -43.028 0.7777777910
49051  -17.380  -10.714  -43.499 0.8888888955
51635  -18.615  -9.881  -43.816 1.0000000000
51649  -19.013  -9.415  -44.022 1.0000000000
54349  -19.496  -8.315  -43.959 0.8888888955
54350  -20.130  -7.732  -43.355 0.8888888955
57084  -21.196  -5.634  -42.917 0.7777777910
57064  -22.816  -5.662  -42.145 0.5555555820
55705  -19.858  -6.319  -43.683 0.7777777910
57063  -21.998  -5.464  -42.568 0.5555555820
57044  -23.075  -5.213  -41.620 0.5555555820
50288  -15.471  -10.151  -41.918 0.4444444478
49045  -16.280  -10.526  -42.737 0.5555555820
51646  -17.169  -9.489  -44.231 0.7777777910
51634  -18.216  -9.776  -43.998 1.0000000000
50330  -17.569  -9.928  -43.892 0.8888888955
52995  -18.283  -8.704  -44.537 1.0000000000
52996  -19.002  -8.826  -44.313 0.8888888955
54366  -18.910  -7.886  -44.495 0.8888888955
55704  -19.486  -7.359  -44.015 0.8888888955
54351  -20.804  -6.905  -43.244 0.8888888955
58423  -21.820  -4.584  -42.428 0.5555555820
52978  -15.019  -7.963  -43.623 0.6666666865
52979  -15.947  -8.681  -43.774 0.6666666865
52993  -16.656  -8.780  -44.619 0.7777777910
53008  -17.845  -8.322  -44.889 0.8888888955
53007  -17.296  -8.318  -45.236 0.7777777910
55721  -18.545  -7.393  -45.054 0.7777777910
54365  -18.291  -7.992  -44.821 0.8888888955
55722  -19.190  -6.641  -44.743 0.7777777910
55743  -18.846  -5.765  -45.188 0.6666666865
57099  -19.924  -5.343  -44.591 0.6666666865
57083  -20.615  -5.317  -43.605 0.6666666865
58480  -19.894  -4.791  -44.944 0.6666666865
58464  -20.099  -4.635  -44.001 0.5555555820
58444  -20.573  -4.438  -43.381 0.5555555820
59715  -19.979  -3.788  -43.524 0.5555555820
54362  -12.983  -7.448  -44.115 0.3333333433
54363  -14.035  -7.538  -44.309 0.3333333433
54364  -14.889  -7.554  -44.586 0.5555555820
52992  -15.711  -8.102  -44.803 0.6666666865
54378  -15.451  -7.108  -45.467 0.5555555820
53006  -16.487  -8.045  -45.409 0.7777777910
54380  -17.184  -7.395  -45.497 0.7777777910
55741  -16.914  -6.455  -45.811 0.6666666865
55742  -18.077  -6.547  -45.500 0.6666666865
57119  -19.342  -5.105  -45.392 0.6666666865
58479  -19.397  -4.408  -45.268 0.6666666865
61042  -20.420  -2.376  -43.466 0.5555555820
59738  -19.818  -2.853  -44.050 0.6666666865
55720  -13.062  -6.599  -44.504 0.4444444478
55719  -12.360  -6.540  -43.971 0.4444444478
54376  -13.670  -6.872  -44.800 0.4444444478
55738  -14.065  -6.292  -45.521 0.5555555820
55739  -14.757  -6.606  -45.686 0.5555555820
54386  -15.713  -6.567  -45.907 0.6666666865
55740  -16.366  -6.569  -45.774 0.6666666865
55755  -16.147  -6.341  -46.373 0.6666666865
57117  -17.459  -5.743  -46.114 0.6666666865
57118  -18.182  -5.100  -45.911 0.6666666865
58478  -18.762  -4.196  -45.872 0.6666666865
59758  -19.074  -3.296  -45.486 0.6666666865
61054  -19.466  -1.889  -44.456 0.5555555820
57115  -13.535  -5.387  -45.744 0.4444444478
57134  -16.422  -5.536  -47.066 0.6666666865
55756  -16.852  -5.809  -46.496 0.6666666865
42786  -20.636  -15.748  -38.605 0.8888888955
43941  -20.629  -14.992  -40.171 1.0000000000
45174  -22.054  -14.638  -40.600 1.0000000000
47733  -17.191  -12.312  -41.704 0.5555555820
51617  -15.124  -9.416  -42.427 0.5555555820
51648  -18.511  -9.384  -44.197 1.0000000000
51596  -14.686  -9.525  -41.664 0.2222222239
58445  -21.269  -4.760  -42.943 0.6666666865
54381  -17.902  -7.701  -45.236 0.7777777910
59699  -21.520  -4.175  -42.627 0.4444444478
55754  -15.257  -6.259  -46.136 0.6666666865
57133  -15.546  -5.534  -46.891 0.6666666865
62341  -21.017  -1.851  -43.691 0.5555555820
57097  -12.386  -5.662  -44.408 0.2222222239
55737  -13.393  -6.038  -44.999 0.3333333433
40589  -21.197  -18.831  -36.710 0.5555555820
40601  -21.685  -18.540  -37.285 0.5555555820
41667  -22.169  -17.868  -37.809 0.5555555820
41668  -22.698  -18.211  -38.132 0.5555555820
42789  -23.122  -16.580  -38.846 0.7777777910
40588  -20.348  -18.611  -36.215 0.5555555820
41679  -22.572  -17.639  -38.569 0.6666666865
41686  -23.197  -17.486  -38.908 0.6666666865
45159  -23.505  -14.756  -39.744 0.7777777910
45176  -23.267  -13.931  -40.165 0.8888888955
40587  -19.598  -18.206  -35.949 0.4444444478
41653  -18.467  -17.158  -36.417 0.5555555820
46436  -22.809  -13.469  -40.462 1.0000000000
42762  -17.970  -16.650  -37.265 0.2222222239
42772  -18.405  -16.672  -38.176 0.6666666865
47720  -22.852  -12.460  -40.495 0.8888888955
49010  -22.906  -11.785  -40.688 0.6666666865
50267  -23.825  -10.569  -40.421 0.6666666865
43926  -17.462  -15.378  -39.195 0.5555555820
45156  -17.090  -14.750  -39.557 0.4444444478
54290  -24.896  -7.533  -40.413 0.5555555820
46431  -16.901  -13.408  -40.488 0.2222222239
49009  -16.307  -11.659  -40.960 0.3333333433
55652  -24.156  -6.547  -40.485 0.5555555820
50307  -15.862  -10.097  -42.570 0.4444444478
57045  -23.540  -5.734  -41.180 0.4444444478
50262  -15.452  -9.945  -41.352 0.3333333433
58403  -22.909  -4.491  -41.552 0.5555555820
54346  -12.589  -7.684  -43.525 0.3333333433
52990  -13.545  -7.823  -43.787 0.3333333433
52977  -13.940  -8.221  -43.489 0.4444444478
59716  -21.189  -3.625  -43.168 0.4444444478
61043  -21.360  -2.474  -43.360 0.4444444478
57114  -12.747  -5.271  -45.172 0.3333333433
57132  -14.594  -5.350  -46.424 0.6666666865
57136  -17.822  -4.610  -46.580 0.6666666865
58496  -18.135  -4.295  -46.390 0.6666666865
59779  -18.283  -3.440  -46.596 0.6666666865
59780  -18.725  -3.006  -46.149 0.6666666865
61075  -19.144  -2.133  -45.324 0.6666666865
62355  -21.201  -1.312  -43.920 0.3333333433
58493  -14.985  -4.677  -46.988 0.5555555820
40600  -20.868  -18.297  -37.001 0.5555555820
41678  -21.747  -17.078  -38.120 0.7777777910
42775  -21.321  -16.313  -38.250 0.8888888955
42787  -21.563  -15.807  -38.657 0.8888888955
43931  -22.474  -15.470  -39.371 1.0000000000
41642  -19.019  -17.910  -35.812 0.4444444478
41664  -18.845  -17.288  -37.442 0.6666666865
42773  -19.419  -16.794  -38.188 0.8888888955
41676  -19.326  -17.174  -37.811 0.5555555820
43942  -21.687  -14.964  -40.222 1.0000000000
43916  -18.483  -16.066  -38.597 0.8888888955
42784  -18.908  -16.306  -38.649 1.0000000000
43939  -18.591  -14.921  -39.885 1.0000000000
43949  -21.629  -14.589  -40.863 1.0000000000
45172  -19.758  -14.161  -40.734 1.0000000000
45187  -22.005  -14.152  -41.117 1.0000000000
46451  -22.012  -13.330  -41.082 1.0000000000
49035  -22.950  -11.459  -40.771 0.7777777910
45184  -19.141  -13.866  -41.159 1.0000000000
46449  -19.936  -13.466  -41.829 1.0000000000
51602  -22.703  -9.752  -41.150 0.7777777910
45169  -16.760  -14.135  -39.820 0.5555555820
45170  -17.404  -14.270  -40.266 0.5555555820
46447  -18.308  -13.088  -41.597 0.7777777910
46448  -19.253  -13.241  -41.634 1.0000000000
49048  -20.061  -12.441  -42.903 0.8888888955
49031  -20.165  -12.378  -42.671 1.0000000000
50310  -21.046  -11.012  -42.425 1.0000000000
52918  -24.513  -8.532  -40.367 0.5555555820
47704  -16.538  -12.565  -40.238 0.3333333433
47746  -18.075  -12.008  -43.044 0.6666666865
47753  -19.619  -12.065  -43.327 0.8888888955
49049  -20.324  -11.787  -42.936 1.0000000000
49053  -18.478  -11.441  -43.370 0.8888888955
51637  -20.164  -10.085  -43.338 1.0000000000
54332  -22.250  -7.107  -42.248 0.7777777910
55687  -22.568  -6.311  -42.460 0.6666666865
57065  -23.255  -6.046  -41.961 0.5555555820
49028  -16.110  -10.763  -42.262 0.5555555820
50320  -17.112  -10.142  -43.718 0.6666666865
50321  -17.900  -10.259  -43.749 0.8888888955
52980  -19.451  -9.105  -44.015 1.0000000000
55706  -20.766  -6.121  -43.161 0.8888888955
58424  -22.486  -4.746  -42.066 0.5555555820
50308  -16.337  -10.172  -43.211 0.5555555820
51647  -17.826  -9.559  -44.206 1.0000000000
51633  -16.547  -9.446  -43.760 0.7777777910
52994  -17.521  -8.906  -44.680 0.7777777910
59680  -22.527  -4.174  -41.708 0.5555555820
52958  -15.308  -8.851  -43.136 0.5555555820
51618  -15.954  -9.383  -43.034 0.7777777910
57098  -19.437  -5.732  -44.899 0.6666666865
55723  -19.574  -5.945  -44.468 0.6666666865
57120  -19.766  -4.921  -45.134 0.6666666865
52991  -13.945  -7.815  -43.837 0.4444444478
54377  -14.401  -7.179  -45.236 0.5555555820
53005  -15.994  -7.635  -45.341 0.6666666865
54379  -16.358  -7.088  -45.431 0.7777777910
59737  -19.191  -3.233  -44.825 0.6666666865
55753  -14.604  -6.021  -45.907 0.6666666865
59757  -18.760  -3.517  -46.052 0.6666666865
62342  -21.560  -1.596  -43.306 0.3333333433
62354  -20.381  -1.333  -44.227 0.3333333433
42777  -23.739  -16.700  -38.695 0.6666666865
40574  -20.175  -19.084  -35.589 0.5555555820
46437  -23.348  -13.147  -40.076 0.7777777910
40572  -18.752  -18.240  -35.350 0.3333333433
43915  -17.859  -15.891  -38.577 0.7777777910
46420  -16.577  -13.475  -39.482 0.1111111119
50289  -15.978  -10.807  -41.505 0.3333333433
52957  -14.463  -8.814  -42.970 0.3333333433
62371  -19.626  -1.271  -45.268 0.4444444478
41657  -24.185  -17.784  -36.602 0.4444444478
42719  -25.588  -16.771  -35.400 0.2222222239
39540  -22.214  -19.485  -36.505 0.4444444478
39541  -22.834  -19.136  -36.378 0.4444444478
39548  -22.185  -19.175  -37.162 0.4444444478
40602  -22.715  -18.647  -37.579 0.4444444478
40592  -24.141  -18.343  -37.353 0.4444444478
41669  -24.719  -17.979  -37.316 0.4444444478
41659  -25.480  -17.010  -37.450 0.2222222239
40610  -23.135  -18.503  -38.386 0.4444444478
40611  -23.956  -18.529  -38.590 0.4444444478
40604  -24.759  -18.520  -37.922 0.4444444478
42755  -26.057  -16.342  -37.021 0.1111111119
43897  -26.743  -15.894  -36.665 0.1111111119
40612  -24.773  -18.097  -38.730 0.4444444478
41683  -26.148  -17.258  -38.194 0.3333333433
40605  -25.662  -18.116  -38.119 0.3333333433
42780  -25.802  -16.701  -38.194 0.3333333433
43907  -26.308  -15.758  -37.250 0.2222222239
41688  -24.451  -17.667  -38.957 0.4444444478
41682  -25.721  -17.259  -38.468 0.3333333433
40617  -23.305  -18.212  -38.920 0.5555555820
40618  -23.900  -18.075  -39.092 0.4444444478
43905  -24.932  -15.453  -37.794 0.2222222239
45138  -25.289  -14.937  -37.746 0.1111111119
46402  -26.334  -13.864  -37.453 0.1111111119
43918  -24.437  -15.792  -38.330 0.3333333433
45148  -24.765  -14.860  -38.125 0.3333333433
43933  -23.972  -15.458  -39.123 0.4444444478
45160  -24.394  -14.628  -39.123 0.5555555820
46421  -23.749  -13.796  -39.627 0.6666666865
47695  -24.824  -12.992  -38.517 0.4444444478
48997  -25.206  -11.724  -38.885 0.3333333433
47705  -23.862  -12.878  -39.597 0.6666666865
49012  -24.119  -11.870  -39.979 0.5555555820
47721  -23.650  -12.385  -40.123 0.6666666865
48996  -24.554  -11.401  -39.528 0.5555555820
50244  -24.448  -10.549  -39.709 0.3333333433
49011  -23.450  -11.550  -40.475 0.5555555820
51577  -24.333  -9.662  -40.277 0.4444444478
50268  -24.220  -10.268  -40.112 0.4444444478
57135  -17.309  -4.987  -46.999 0.5555555820
57147  -16.939  -4.525  -47.607 0.5555555820
58495  -17.515  -4.008  -46.926 0.5555555820
59778  -17.823  -3.512  -47.119 0.5555555820
61102  -18.424  -2.399  -46.508 0.5555555820
41656  -23.637  -18.096  -35.975 0.4444444478
42740  -25.429  -16.841  -36.266 0.2222222239
42765  -25.858  -16.724  -37.691 0.2222222239
43906  -25.566  -15.629  -37.578 0.2222222239
45139  -26.001  -14.885  -37.385 0.1111111119
45149  -25.141  -14.301  -37.963 0.3333333433
47706  -24.517  -12.385  -39.301 0.4444444478
51552  -24.508  -10.044  -39.896 0.3333333433
51578  -25.037  -9.032  -39.959 0.4444444478
59795  -17.498  -3.438  -47.627 0.5555555820
61131  -16.517  -3.344  -48.169 0.5555555820
47696  -25.565  -12.420  -38.112 0.2222222239
61074  -18.836  -2.291  -46.004 0.5555555820
39514  -22.764  -19.544  -34.998 0.4444444478
41622  -23.502  -18.319  -34.916 0.4444444478
41643  -23.644  -18.074  -35.281 0.4444444478
41624  -25.117  -17.356  -34.738 0.2222222239
41625  -25.768  -16.868  -34.651 0.2222222239
39539  -21.305  -19.426  -36.194 0.4444444478
39528  -22.619  -19.391  -35.849 0.4444444478
42741  -26.252  -16.414  -36.105 0.1111111119
43876  -26.941  -15.805  -36.053 0.1111111119
42720  -26.340  -16.409  -34.804 0.1111111119
43898  -27.420  -15.560  -36.376 0.1111111119
45140  -26.935  -14.765  -37.099 0.1111111119
46415  -26.079  -13.031  -37.792 0.1111111119
50221  -25.466  -11.035  -38.602 0.1111111119
48979  -25.634  -11.507  -38.161 0.2222222239
51553  -25.184  -9.817  -39.474 0.2222222239
55653  -25.199  -6.801  -40.053 0.3333333433
59717  -21.884  -2.987  -43.097 0.3333333433
57131  -13.848  -5.124  -46.294 0.4444444478
58507  -15.696  -4.379  -47.587 0.5555555820
58517  -16.582  -4.050  -48.354 0.5555555820
59796  -17.939  -3.104  -47.199 0.5555555820
61101  -18.169  -2.644  -46.995 0.5555555820
62395  -19.087  -1.452  -46.909 0.5555555820
61130  -16.300  -3.474  -48.167 0.5555555820
39547  -21.684  -19.208  -36.855 0.4444444478
41687  -23.847  -17.475  -38.930 0.5555555820
43917  -23.866  -16.050  -38.611 0.6666666865
42778  -24.401  -16.714  -38.554 0.3333333433
41680  -24.286  -17.263  -38.807 0.3333333433
40591  -23.326  -18.548  -36.823 0.4444444478
41645  -24.895  -17.244  -35.915 0.4444444478
41644  -24.190  -17.639  -35.490 0.4444444478
40590  -22.713  -19.178  -36.979 0.4444444478
40575  -23.227  -18.759  -35.592 0.4444444478
40603  -23.704  -18.775  -37.817 0.4444444478
41658  -24.876  -17.135  -37.008 0.4444444478
41670  -25.417  -17.847  -37.533 0.4444444478
41671  -26.028  -17.405  -37.739 0.4444444478
43919  -24.860  -16.266  -37.923 0.3333333433
42779  -25.092  -16.763  -38.315 0.3333333433
43920  -25.724  -16.310  -37.630 0.2222222239
45137  -24.974  -15.084  -37.850 0.2222222239
46401  -25.652  -14.312  -37.718 0.1111111119
46414  -25.460  -13.548  -37.980 0.1111111119
46422  -24.352  -13.440  -39.119 0.4444444478
47707  -25.054  -12.389  -38.742 0.3333333433
46413  -24.883  -13.976  -38.546 0.4444444478
47722  -24.080  -12.395  -39.812 0.5555555820
48995  -23.919  -11.056  -39.918 0.5555555820
50245  -25.118  -10.837  -39.226 0.3333333433
52919  -25.565  -8.273  -40.039 0.4444444478
58509  -17.369  -4.309  -47.992 0.5555555820
58508  -16.596  -4.367  -48.073 0.5555555820
61119  -16.671  -2.839  -47.727 0.5555555820
40562  -23.364  -18.727  -34.391 0.4444444478
41623  -24.133  -18.012  -34.465 0.4444444478
39527  -22.066  -19.930  -35.679 0.4444444478
43908  -27.273  -15.387  -36.862 0.1111111119
37512  -25.540  -21.321  -29.272 0.1111111119
37549  -22.756  -21.302  -31.631 0.3333333433
37551  -24.138  -20.995  -30.615 0.2222222239
37536  -25.183  -21.162  -29.800 0.2222222239
38468  -25.488  -20.848  -29.194 0.1111111119
38493  -25.265  -20.496  -29.769 0.1111111119
37571  -20.955  -21.081  -33.327 0.3333333433
37564  -22.170  -21.290  -32.427 0.3333333433
37548  -22.000  -21.732  -32.094 0.3333333433
38530  -23.309  -20.397  -32.344 0.3333333433
39461  -23.695  -20.153  -32.080 0.3333333433
38510  -24.423  -20.583  -30.898 0.2222222239
39462  -24.184  -19.979  -31.702 0.2222222239
38511  -24.876  -20.254  -30.427 0.2222222239
38538  -20.379  -20.580  -33.615 0.2222222239
38528  -21.964  -20.954  -32.923 0.3333333433
38529  -22.637  -20.761  -32.528 0.3333333433
39463  -25.198  -19.763  -31.025 0.1111111119
39511  -19.925  -19.759  -34.292 0.2222222239
38550  -21.184  -20.438  -34.289 0.3333333433
38558  -20.960  -20.285  -34.831 0.3333333433
39512  -21.303  -20.241  -34.781 0.3333333433
39513  -21.912  -20.080  -34.595 0.3333333433
38551  -21.769  -20.345  -33.918 0.3333333433
39500  -22.192  -20.144  -33.916 0.3333333433
39480  -23.738  -19.726  -32.651 0.3333333433
39501  -22.777  -19.629  -33.734 0.3333333433
40521  -24.297  -18.976  -32.707 0.3333333433
40543  -23.754  -18.944  -33.391 0.3333333433
39481  -24.681  -19.356  -32.069 0.1111111119
40522  -24.946  -18.653  -32.419 0.2222222239
39524  -19.554  -19.288  -34.741 0.2222222239
39525  -20.231  -19.617  -35.102 0.2222222239
39526  -21.119  -20.013  -35.319 0.3333333433
40561  -19.118  -19.022  -34.774 0.3333333433
40573  -19.461  -18.731  -35.351 0.3333333433
40563  -24.014  -18.417  -33.815 0.3333333433
57025  -23.963  -5.446  -40.640 0.3333333433
57026  -25.255  -6.141  -40.096 0.2222222239
37550  -23.708  -21.091  -31.033 0.3333333433
38509  -23.548  -20.555  -31.634 0.3333333433
38492  -24.755  -20.590  -30.289 0.2222222239
39442  -24.939  -19.929  -30.267 0.1111111119
38539  -21.400  -20.762  -33.463 0.3333333433
38541  -23.020  -20.280  -33.010 0.3333333433
41601  -24.414  -18.134  -33.719 0.3333333433
37511  -25.024  -21.587  -29.671 0.1111111119
36542  -26.013  -21.983  -29.048 0.1111111119
36568  -22.181  -21.946  -31.589 0.3333333433
37533  -23.221  -21.495  -30.769 0.3333333433
37534  -23.854  -21.299  -30.452 0.3333333433
37535  -24.589  -21.147  -30.183 0.3333333433
37513  -26.156  -21.469  -28.696 0.1111111119
37563  -21.325  -21.444  -32.727 0.3333333433
39443  -25.097  -19.324  -29.968 0.1111111119
39499  -19.535  -19.903  -33.752 0.2222222239
39482  -25.456  -18.888  -31.697 0.1111111119
40523  -25.642  -18.291  -32.230 0.1111111119
40545  -25.061  -18.128  -32.735 0.1111111119
41602  -25.060  -17.799  -33.475 0.1111111119
40560  -18.617  -18.582  -34.687 0.1111111119
54291  -25.897  -7.391  -39.853 0.2222222239
58383  -23.778  -4.904  -40.890 0.2222222239
58384  -24.052  -4.970  -40.804 0.2222222239
39538  -20.624  -19.388  -35.715 0.4444444478
38508  -23.065  -20.766  -32.037 0.3333333433
37570  -20.694  -21.182  -33.136 0.2222222239
38549  -20.543  -20.187  -34.549 0.3333333433
38557  -20.690  -20.094  -34.997 0.3333333433
38540  -22.243  -20.398  -33.351 0.3333333433
40544  -24.444  -18.349  -33.125 0.3333333433
36541  -25.348  -22.229  -29.348 0.1111111119
36557  -24.069  -21.542  -30.118 0.2222222239
36567  -21.367  -22.247  -31.739 0.2222222239
36555  -22.449  -22.255  -30.728 0.3333333433
36556  -23.540  -21.840  -30.241 0.3333333433
37562  -20.454  -21.509  -32.725 0.2222222239
54292  -26.316  -7.763  -39.655 0.1111111119
54266  -26.799  -7.346  -39.462 0.1111111119
55654  -26.025  -6.458  -39.743 0.1111111119
55655  -26.885  -6.020  -39.869 0.1111111119
57027  -26.141  -5.376  -40.160 0.1111111119
59681  -23.159  -3.792  -41.413 0.2222222239
59701  -22.275  -2.817  -42.152 0.1111111119
59700  -22.026  -3.695  -42.279 0.2222222239
61036  -22.146  -2.460  -42.643 0.1111111119
61023  -23.131  -2.326  -41.337 0.1111111119
57145  -15.925  -5.170  -47.452 0.4444444478
61044  -21.875  -2.288  -43.162 0.1111111119
58505  -13.836  -3.434  -47.318 0.4444444478
58506  -14.636  -3.730  -47.194 0.4444444478
62329  -21.896  -1.234  -42.969 0.1111111119
61120  -17.525  -2.402  -47.325 0.4444444478
63642  -20.399  -0.703  -45.215 0.3333333433
63643  -21.175  -0.849  -44.607 0.2222222239
63618  -21.631  -1.083  -43.032 0.1111111119
63631  -22.324  -0.340  -43.216 0.1111111119
62410  -17.669  -1.356  -47.559 0.4444444478
62411  -18.556  -1.315  -47.695 0.4444444478
62394  -18.194  -1.846  -47.050 0.4444444478
63672  -19.568  -0.573  -46.658 0.4444444478
63656  -19.773  -0.517  -45.862 0.2222222239
64823  -20.921  -0.024  -45.287 0.2222222239
64824  -21.551  -0.039  -44.554 0.2222222239
68544  -21.300  3.319  -47.023 0.1111111119
67216  -21.862  2.081  -46.257 0.1111111119
65978  -22.507  1.348  -44.745 0.1111111119
61117  -14.672  -2.518  -47.823 0.4444444478
121936  -15.098  -2.245  -47.670 0.4444444478
62408  -15.685  -1.968  -47.587 0.3333333433
62409  -16.668  -1.631  -47.627 0.4444444478
63688  -18.063  -0.532  -47.934 0.4444444478
63689  -19.126  -0.704  -48.015 0.4444444478
63671  -19.425  -0.559  -47.330 0.4444444478
64868  -18.477  0.434  -47.859 0.3333333433
64850  -19.491  0.129  -47.040 0.3333333433
66004  -19.957  0.638  -46.113 0.1111111119
65990  -20.404  1.003  -45.792 0.1111111119
67202  -21.165  1.327  -45.316 0.1111111119
61116  -13.637  -2.160  -48.033 0.2222222239
63687  -16.904  -0.635  -48.091 0.3333333433
64869  -19.208  -0.022  -47.591 0.4444444478
66024  -19.196  0.645  -47.411 0.2222222239
66003  -19.618  1.180  -46.600 0.2222222239
65989  -19.881  1.354  -46.031 0.1111111119
66023  -18.708  1.433  -47.375 0.1111111119
67227  -19.635  2.326  -46.223 0.1111111119
67215  -21.036  1.656  -46.340 0.1111111119
67226  -19.148  1.877  -46.486 0.1111111119
68527  -20.446  2.041  -46.563 0.1111111119
63686  -15.530  -0.615  -47.292 0.3333333433
121937  -14.195  -0.230  -47.487 0.3333333433
64878  -17.943  0.840  -48.144 0.2222222239
67240  -19.191  2.890  -46.661 0.1111111119
68543  -20.904  3.009  -46.651 0.1111111119
68557  -20.518  3.803  -47.551 0.1111111119
121938  -13.301  0.497  -47.990 0.1111111119
64865  -14.427  0.661  -47.810 0.2222222239
66021  -15.455  1.358  -48.054 0.2222222239
64866  -16.051  0.346  -48.001 0.3333333433
66022  -16.526  1.043  -47.836 0.2222222239
64867  -17.396  0.489  -48.040 0.3333333433
66039  -17.220  1.481  -47.842 0.2222222239
67255  -18.185  2.390  -47.889 0.1111111119
67239  -18.676  2.421  -46.878 0.1111111119
68556  -19.804  3.449  -47.043 0.1111111119
68542  -20.426  2.603  -46.412 0.1111111119
67242  -21.864  3.350  -47.317 0.1111111119
67241  -21.725  3.165  -47.200 0.1111111119
66036  -12.819  1.341  -48.509 0.1111111119
68551  -13.468  3.041  -47.843 0.1111111119
66037  -13.627  1.212  -48.407 0.1111111119
68552  -14.146  3.048  -48.102 0.1111111119
68554  -16.151  3.018  -47.676 0.1111111119
67238  -15.725  2.268  -47.855 0.1111111119
66038  -16.343  1.701  -47.873 0.2222222239
67253  -16.655  2.348  -47.870 0.1111111119
68568  -17.683  3.317  -48.325 0.1111111119
68569  -18.504  3.393  -47.974 0.1111111119
69869  -14.148  3.922  -46.947 0.1111111119
69855  -14.890  3.627  -46.533 0.1111111119
69870  -15.234  3.940  -46.882 0.1111111119
69887  -16.770  3.674  -47.540 0.1111111119
69901  -17.213  3.835  -48.178 0.1111111119
69871  -16.439  3.663  -46.773 0.1111111119
54265  -26.340  -6.971  -39.680 0.1111111119
55631  -26.669  -6.674  -39.648 0.1111111119
55632  -27.358  -6.579  -39.489 0.1111111119
58385  -25.365  -4.462  -40.616 0.1111111119
58405  -23.878  -4.060  -41.115 0.1111111119
62331  -23.121  -1.261  -41.964 0.1111111119
59793  -15.216  -3.340  -47.652 0.4444444478
62370  -19.063  -1.562  -45.882 0.4444444478
63619  -22.096  -0.800  -42.969 0.1111111119
65976  -21.102  0.647  -45.004 0.2222222239
67203  -21.864  1.572  -45.438 0.1111111119
68528  -20.816  2.216  -46.808 0.1111111119
67254  -17.468  2.370  -48.052 0.1111111119
69885  -14.692  3.576  -47.401 0.1111111119
68567  -16.957  3.142  -48.010 0.1111111119
69872  -17.585  3.805  -46.910 0.1111111119
55633  -28.226  -6.555  -39.285 0.1111111119
58404  -23.541  -4.613  -41.171 0.2222222239
62330  -22.214  -1.450  -42.518 0.1111111119
61118  -15.792  -2.950  -47.902 0.4444444478
68536  -13.592  3.132  -47.261 0.1111111119
68522  -14.657  3.427  -46.439 0.1111111119
69886  -15.700  3.536  -47.291 0.1111111119
54267  -27.925  -7.220  -39.189 0.1111111119
52892  -26.450  -8.359  -39.385 0.1111111119
55634  -29.309  -6.698  -39.576 0.1111111119
54268  -28.959  -7.245  -38.698 0.1111111119
55657  -28.683  -6.014  -40.190 0.1111111119
55656  -27.772  -5.618  -40.168 0.1111111119
57028  -27.203  -5.103  -40.120 0.1111111119
58406  -24.390  -4.000  -40.744 0.1111111119
58386  -26.815  -4.248  -40.020 0.1111111119
59668  -24.740  -3.115  -40.491 0.1111111119
61024  -24.424  -2.180  -41.171 0.1111111119
62316  -23.807  -1.362  -41.449 0.1111111119
63608  -23.444  -0.683  -42.047 0.1111111119
64812  -22.774  0.088  -43.410 0.1111111119
64799  -23.478  0.002  -42.813 0.1111111119
59791  -13.073  -2.993  -47.584 0.4444444478
59792  -14.136  -3.027  -47.696 0.4444444478
65967  -23.632  1.537  -43.848 0.1111111119
61115  -13.230  -2.072  -47.262 0.2222222239
121933  -14.406  -1.435  -47.480 0.3333333433
67217  -22.447  2.593  -46.261 0.1111111119
121934  -13.852  -0.021  -47.408 0.1111111119
67230  -22.313  3.055  -47.104 0.1111111119
68545  -22.665  3.602  -47.086 0.1111111119
66000  -13.807  1.231  -47.065 0.1111111119
68538  -14.387  2.670  -46.340 0.1111111119
68559  -22.027  3.701  -47.383 0.1111111119
68523  -15.365  2.962  -46.101 0.1111111119
68511  -17.001  3.000  -45.363 0.1111111119
68579  -18.434  3.577  -49.492 0.1111111119
68570  -19.485  3.811  -48.632 0.1111111119
68571  -20.105  4.092  -48.319 0.1111111119
69905  -20.615  4.577  -48.354 0.1111111119
69856  -15.717  3.538  -46.443 0.1111111119
68524  -16.855  3.222  -45.988 0.1111111119
68578  -17.871  3.719  -49.070 0.1111111119
69888  -17.747  4.154  -47.649 0.1111111119
63630  -21.595  -0.682  -43.601 0.1111111119
62396  -19.354  -1.023  -46.111 0.4444444478
59682  -24.101  -3.227  -41.099 0.1111111119
63620  -22.802  -0.662  -42.725 0.1111111119
64811  -22.062  0.107  -43.826 0.1111111119
64851  -19.759  0.171  -46.353 0.2222222239
64837  -20.172  0.118  -45.731 0.2222222239
65977  -21.973  0.769  -44.615 0.2222222239
67229  -21.707  2.712  -46.867 0.1111111119
67228  -21.274  2.266  -46.757 0.1111111119
67193  -23.031  1.571  -44.461 0.1111111119
67214  -20.174  1.792  -46.001 0.1111111119
66040  -18.046  1.434  -48.195 0.1111111119
68558  -21.404  3.674  -47.309 0.1111111119
65986  -14.225  -0.300  -47.074 0.1111111119
66020  -14.389  1.411  -48.197 0.1111111119
64877  -17.705  1.042  -48.056 0.2222222239
68555  -18.955  3.115  -47.077 0.1111111119
67251  -13.618  2.084  -48.493 0.1111111119
66035  -12.392  1.888  -47.975 0.1111111119
69884  -13.996  3.551  -47.596 0.1111111119
67223  -13.403  2.481  -47.091 0.1111111119
67237  -14.576  2.197  -48.227 0.1111111119
68553  -15.126  2.933  -47.628 0.1111111119
69854  -14.424  3.612  -46.560 0.1111111119
52893  -27.533  -7.892  -38.888 0.1111111119
65965  -22.425  0.475  -43.900 0.1111111119
67204  -22.788  1.906  -45.361 0.1111111119
61008  -24.607  -2.664  -40.695 0.1111111119
65966  -22.871  0.870  -43.827 0.1111111119
68588  -17.829  3.944  -50.095 0.1111111119
45146  -16.926  -14.711  -38.052 0.2222222239
45155  -16.578  -14.513  -38.961 0.2222222239
42753  -17.856  -16.370  -36.561 0.3333333433
43925  -16.920  -15.067  -39.072 0.4444444478
58492  -13.623  -4.196  -46.815 0.3333333433
58476  -12.947  -4.631  -46.092 0.2222222239
59790  -12.673  -2.494  -47.263 0.1111111119
52956  -13.546  -8.721  -42.772 0.2222222239
51616  -14.034  -9.256  -42.252 0.1111111119
42771  -17.351  -16.269  -37.923 0.2222222239
51615  -13.354  -8.830  -42.114 0.1111111119
55718  -11.728  -6.434  -43.305 0.1111111119
58475  -12.216  -4.199  -45.644 0.1111111119
62390  -11.812  -2.314  -46.015 0.1111111119
61114  -12.707  -2.344  -46.908 0.1111111119
58477  -13.452  -4.857  -46.280 0.2222222239
57096  -11.856  -5.673  -43.928 0.1111111119
42761  -17.108  -16.028  -36.999 0.2222222239
57113  -11.995  -5.140  -44.769 0.1111111119
48991  -16.732  -11.714  -40.256 0.3333333433
58491  -12.488  -3.830  -46.616 0.3333333433
59774  -12.694  -3.514  -47.145 0.3333333433
59773  -12.054  -2.964  -47.055 0.1111111119
42770  -16.825  -15.844  -37.696 0.2222222239
59772  -12.122  -3.193  -46.131 0.1111111119
57076  -11.555  -5.608  -42.879 0.1111111119
58490  -12.148  -3.503  -46.407 0.1111111119
58458  -11.861  -4.604  -44.230 0.1111111119
59730  -12.246  -4.101  -44.472 0.1111111119
59750  -12.280  -3.592  -45.434 0.1111111119
47697  -26.114  -12.603  -37.718 0.1111111119
36539  -23.309  -22.509  -29.712 0.1111111119
36540  -24.362  -22.041  -29.710 0.1111111119
35593  -21.918  -23.234  -30.333 0.1111111119
36554  -21.554  -22.893  -30.916 0.1111111119
36577  -20.891  -21.898  -32.406 0.1111111119
42739  -18.073  -16.402  -35.832 0.1111111119
46412  -17.262  -13.904  -37.940 0.1111111119
45147  -17.234  -14.220  -37.881 0.1111111119
43914  -16.907  -15.463  -38.443 0.1111111119
46411  -16.911  -13.695  -38.196 0.1111111119
36538  -22.527  -23.072  -29.844 0.1111111119
35592  -21.053  -23.672  -30.525 0.1111111119
35602  -21.001  -22.852  -31.085 0.1111111119
36576  -20.433  -22.093  -32.172 0.1111111119
38527  -20.375  -21.045  -33.078 0.1111111119
42718  -18.464  -16.590  -35.104 0.1111111119
42760  -16.827  -15.692  -37.368 0.1111111119
46396  -17.246  -13.939  -37.552 0.1111111119
50263  -16.221  -10.466  -40.861 0.2222222239
51571  -14.649  -9.111  -40.854 0.1111111119
38537  -19.393  -20.298  -33.216 0.1111111119
39498  -18.904  -19.756  -33.576 0.1111111119
39510  -19.094  -19.393  -34.268 0.1111111119
41641  -18.468  -17.503  -35.368 0.1111111119
43903  -16.868  -15.287  -37.678 0.1111111119
43904  -17.025  -15.403  -37.147 0.1111111119
36566  -20.469  -22.448  -31.418 0.1111111119
36575  -19.920  -22.133  -31.862 0.1111111119
52955  -12.902  -8.539  -42.443 0.1111111119
50237  -16.910  -11.101  -39.987 0.1111111119
52975  -12.223  -8.166  -42.402 0.1111111119
54361  -12.402  -7.304  -43.588 0.1111111119
40606  -26.110  -17.731  -38.250 0.3333333433
40613  -25.633  -17.731  -38.494 0.3333333433
40614  -26.016  -17.552  -38.412 0.3333333433
40619  -24.273  -17.883  -39.076 0.4444444478
41681  -24.970  -17.385  -38.712 0.3333333433
42754  -25.546  -16.664  -36.835 0.2222222239
42763  -19.635  -17.072  -37.803 0.6666666865
45133  -16.935  -14.933  -37.694 0.1111111119
45185  -19.683  -13.558  -41.267 1.0000000000
46452  -22.391  -13.131  -40.696 1.0000000000
47679  -26.134  -12.255  -37.675 0.2222222239
47719  -20.725  -13.432  -41.904 1.0000000000
47752  -19.219  -12.035  -43.346 0.8888888955
50243  -24.039  -10.581  -40.044 0.5555555820
50329  -17.415  -9.768  -43.999 0.8888888955
51594  -12.852  -8.451  -41.728 0.1111111119
52920  -26.089  -7.952  -39.804 0.1111111119
52976  -12.882  -8.196  -43.303 0.3333333433
54345  -12.127  -7.701  -43.160 0.1111111119
54347  -14.313  -7.758  -43.805 0.4444444478
54348  -14.601  -7.558  -44.016 0.4444444478
54387  -16.002  -6.633  -45.694 0.6666666865
55702  -11.932  -7.079  -43.328 0.1111111119
55736  -12.848  -5.988  -44.552 0.3333333433
57116  -14.167  -5.612  -45.936 0.6666666865
57146  -16.510  -4.817  -47.470 0.4444444478
58463  -19.349  -3.947  -44.697 0.6666666865
58494  -15.515  -4.998  -47.317 0.4444444478
58518  -16.861  -4.101  -48.412 0.5555555820
59667  -24.516  -2.923  -40.721 0.1111111119
59683  -24.295  -3.551  -40.935 0.1111111119
59759  -19.212  -2.524  -45.102 0.5555555820
59794  -16.129  -3.772  -48.094 0.5555555820
59803  -16.591  -3.757  -48.359 0.5555555820
59804  -17.059  -3.608  -48.308 0.5555555820
61037  -22.282  -2.201  -42.086 0.1111111119
61094  -11.778  -2.611  -45.996 0.1111111119
61095  -12.274  -2.552  -46.226 0.1111111119
62343  -22.029  -1.817  -42.993 0.1111111119
62367  -11.491  -2.337  -46.008 0.1111111119
62368  -11.681  -2.636  -45.871 0.1111111119
62391  -11.642  -2.467  -45.916 0.1111111119
63632  -22.766  -0.307  -43.124 0.1111111119
64813  -23.015  -0.286  -43.092 0.1111111119
64875  -13.216  0.878  -48.472 0.1111111119
64876  -13.513  0.835  -48.242 0.1111111119
65999  -13.328  1.940  -46.967 0.1111111119
66002  -18.969  1.694  -46.774 0.1111111119
66018  -12.834  1.860  -47.309 0.1111111119
66019  -12.697  1.205  -47.745 0.1111111119
67224  -13.805  2.276  -46.628 0.1111111119
67235  -12.917  2.524  -47.645 0.1111111119
67236  -14.028  2.508  -48.335 0.1111111119
67250  -12.919  2.336  -48.310 0.1111111119
67252  -14.015  1.717  -48.381 0.1111111119
68537  -14.073  3.198  -46.497 0.1111111119
68565  -13.533  2.673  -48.279 0.1111111119
68566  -13.793  2.608  -48.327 0.1111111119
69868  -13.761  3.458  -47.431 0.1111111119
