#!ascii label  , from subject sub-NDARAG610XL4 vox2ras=TkReg
307
50310  -21.046  -11.012  -42.425 0.0000000000
43940  -19.347  -14.891  -39.981 0.0000000000
47705  -23.862  -12.878  -39.597 0.0000000000
40617  -23.305  -18.212  -38.920 0.0000000000
61120  -17.525  -2.402  -47.325 0.0000000000
58479  -19.397  -4.408  -45.268 0.0000000000
51647  -17.826  -9.559  -44.206 0.0000000000
39528  -22.619  -19.391  -35.849 0.0000000000
43929  -20.888  -15.294  -39.165 0.0000000000
42764  -20.053  -16.932  -37.734 0.0000000000
59779  -18.283  -3.440  -46.596 0.0000000000
55755  -16.147  -6.341  -46.373 0.0000000000
47747  -18.702  -12.391  -42.996 0.0000000000
49047  -17.424  -11.775  -42.610 0.0000000000
51636  -19.370  -9.856  -43.673 0.0000000000
54350  -20.130  -7.732  -43.355 0.0000000000
54313  -21.442  -8.668  -42.031 0.0000000000
51602  -22.703  -9.752  -41.150 0.0000000000
46432  -17.806  -13.645  -40.933 0.0000000000
47718  -20.459  -13.462  -41.962 0.0000000000
49034  -22.449  -11.814  -41.142 0.0000000000
43949  -21.629  -14.589  -40.863 0.0000000000
43932  -23.321  -15.712  -39.139 0.0000000000
42780  -25.802  -16.701  -38.194 0.0000000000
52978  -15.019  -7.963  -43.623 0.0000000000
55721  -18.545  -7.393  -45.054 0.0000000000
57083  -20.615  -5.317  -43.605 0.0000000000
40588  -20.348  -18.611  -36.215 0.0000000000
40602  -22.715  -18.647  -37.579 0.0000000000
42773  -19.419  -16.794  -38.188 0.0000000000
41664  -18.845  -17.288  -37.442 0.0000000000
57134  -16.422  -5.536  -47.066 0.0000000000
55739  -14.757  -6.606  -45.686 0.0000000000
47749  -19.887  -12.028  -43.303 0.0000000000
49054  -19.039  -11.448  -43.392 0.0000000000
50324  -20.066  -10.998  -43.189 0.0000000000
52961  -20.520  -9.334  -43.155 0.0000000000
52941  -21.424  -9.553  -42.054 0.0000000000
52942  -21.980  -9.060  -41.537 0.0000000000
51601  -21.772  -10.047  -41.559 0.0000000000
45171  -18.529  -14.360  -40.563 0.0000000000
46433  -18.573  -13.684  -41.229 0.0000000000
45172  -19.758  -14.161  -40.734 0.0000000000
46435  -20.829  -13.727  -41.651 0.0000000000
43948  -21.170  -14.802  -40.885 0.0000000000
42788  -22.408  -16.413  -38.799 0.0000000000
43931  -22.474  -15.470  -39.371 0.0000000000
42789  -23.122  -16.580  -38.846 0.0000000000
42778  -24.401  -16.714  -38.554 0.0000000000
41688  -24.451  -17.667  -38.957 0.0000000000
61118  -15.792  -2.950  -47.902 0.0000000000
121936  -15.098  -2.245  -47.670 0.0000000000
62409  -16.668  -1.631  -47.627 0.0000000000
63687  -16.904  -0.635  -48.091 0.0000000000
62394  -18.194  -1.846  -47.050 0.0000000000
58478  -18.762  -4.196  -45.872 0.0000000000
49051  -17.380  -10.714  -43.499 0.0000000000
50308  -16.337  -10.172  -43.211 0.0000000000
52993  -16.656  -8.780  -44.619 0.0000000000
53006  -16.487  -8.045  -45.409 0.0000000000
53008  -17.845  -8.322  -44.889 0.0000000000
55686  -21.595  -6.492  -42.792 0.0000000000
55705  -19.858  -6.319  -43.683 0.0000000000
57084  -21.196  -5.634  -42.917 0.0000000000
47720  -22.852  -12.460  -40.495 0.0000000000
49035  -22.950  -11.459  -40.771 0.0000000000
39527  -22.066  -19.930  -35.679 0.0000000000
39539  -21.305  -19.426  -36.194 0.0000000000
40601  -21.685  -18.540  -37.285 0.0000000000
39541  -22.834  -19.136  -36.378 0.0000000000
43927  -18.659  -15.606  -39.260 0.0000000000
43928  -19.966  -15.440  -39.347 0.0000000000
42785  -19.654  -16.038  -38.676 0.0000000000
42775  -21.321  -16.313  -38.250 0.0000000000
41678  -21.747  -17.078  -38.120 0.0000000000
58517  -16.582  -4.050  -48.354 0.0000000000
59796  -17.939  -3.104  -47.199 0.0000000000
57147  -16.939  -4.525  -47.607 0.0000000000
57136  -17.822  -4.610  -46.580 0.0000000000
57118  -18.182  -5.100  -45.911 0.0000000000
46446  -17.402  -12.933  -41.360 0.0000000000
47746  -18.075  -12.008  -43.044 0.0000000000
49052  -17.834  -11.281  -43.358 0.0000000000
51635  -18.615  -9.881  -43.816 0.0000000000
52996  -19.002  -8.826  -44.313 0.0000000000
52981  -20.073  -9.012  -43.661 0.0000000000
54331  -21.198  -7.793  -42.607 0.0000000000
54332  -22.250  -7.107  -42.248 0.0000000000
54315  -22.830  -7.354  -41.537 0.0000000000
40562  -23.364  -18.727  -34.391 0.0000000000
41622  -23.502  -18.319  -34.916 0.0000000000
46447  -18.308  -13.088  -41.597 0.0000000000
47736  -20.030  -13.017  -42.541 0.0000000000
49032  -20.172  -12.170  -42.112 0.0000000000
49033  -21.183  -11.671  -41.646 0.0000000000
47737  -20.862  -13.000  -41.939 0.0000000000
46451  -22.012  -13.330  -41.082 0.0000000000
46436  -22.809  -13.469  -40.462 0.0000000000
43942  -21.687  -14.964  -40.222 0.0000000000
43943  -22.333  -14.917  -40.126 0.0000000000
45159  -23.505  -14.756  -39.744 0.0000000000
45160  -24.394  -14.628  -39.123 0.0000000000
43905  -24.932  -15.453  -37.794 0.0000000000
61102  -18.424  -2.399  -46.508 0.0000000000
53005  -15.994  -7.635  -45.341 0.0000000000
55742  -18.077  -6.547  -45.500 0.0000000000
55743  -18.846  -5.765  -45.188 0.0000000000
55704  -19.486  -7.359  -44.015 0.0000000000
55723  -19.574  -5.945  -44.468 0.0000000000
58464  -20.099  -4.635  -44.001 0.0000000000
50291  -22.119  -10.818  -41.365 0.0000000000
51576  -23.585  -9.985  -40.839 0.0000000000
41654  -19.484  -17.747  -36.583 0.0000000000
41655  -20.318  -17.834  -36.911 0.0000000000
41667  -22.169  -17.868  -37.809 0.0000000000
40610  -23.135  -18.503  -38.386 0.0000000000
41656  -23.637  -18.096  -35.975 0.0000000000
40592  -24.141  -18.343  -37.353 0.0000000000
40604  -24.759  -18.520  -37.922 0.0000000000
54376  -13.670  -6.872  -44.800 0.0000000000
49049  -20.324  -11.787  -42.936 0.0000000000
49055  -19.694  -11.620  -43.329 0.0000000000
50309  -20.563  -10.636  -42.905 0.0000000000
51620  -21.110  -10.087  -42.609 0.0000000000
51600  -21.411  -10.303  -42.130 0.0000000000
43939  -18.591  -14.921  -39.885 0.0000000000
45157  -17.906  -14.921  -39.826 0.0000000000
45173  -20.662  -14.284  -41.048 0.0000000000
41686  -23.197  -17.486  -38.908 0.0000000000
41687  -23.847  -17.475  -38.930 0.0000000000
40618  -23.900  -18.075  -39.092 0.0000000000
61119  -16.671  -2.839  -47.727 0.0000000000
62410  -17.669  -1.356  -47.559 0.0000000000
62411  -18.556  -1.315  -47.695 0.0000000000
59758  -19.074  -3.296  -45.486 0.0000000000
59737  -19.191  -3.233  -44.825 0.0000000000
59738  -19.818  -2.853  -44.050 0.0000000000
50330  -17.569  -9.928  -43.892 0.0000000000
50320  -17.112  -10.142  -43.718 0.0000000000
51646  -17.169  -9.489  -44.231 0.0000000000
51633  -16.547  -9.446  -43.760 0.0000000000
52994  -17.521  -8.906  -44.680 0.0000000000
47721  -23.650  -12.385  -40.123 0.0000000000
49011  -23.450  -11.550  -40.475 0.0000000000
47722  -24.080  -12.395  -39.812 0.0000000000
39514  -22.764  -19.544  -34.998 0.0000000000
39540  -22.214  -19.485  -36.505 0.0000000000
43916  -18.483  -16.066  -38.597 0.0000000000
42784  -18.908  -16.306  -38.649 0.0000000000
42774  -20.450  -16.406  -37.982 0.0000000000
41677  -21.194  -16.694  -37.888 0.0000000000
58507  -15.696  -4.379  -47.587 0.0000000000
58508  -16.596  -4.367  -48.073 0.0000000000
57145  -15.925  -5.170  -47.452 0.0000000000
55756  -16.852  -5.809  -46.496 0.0000000000
57117  -17.459  -5.743  -46.114 0.0000000000
47734  -17.893  -12.470  -42.252 0.0000000000
50323  -19.514  -10.798  -43.392 0.0000000000
49053  -18.478  -11.441  -43.370 0.0000000000
50322  -18.680  -10.717  -43.513 0.0000000000
51649  -19.013  -9.415  -44.022 0.0000000000
52962  -20.901  -9.120  -42.571 0.0000000000
54330  -20.565  -8.591  -43.071 0.0000000000
54314  -21.895  -7.908  -41.578 0.0000000000
52943  -22.779  -8.453  -41.189 0.0000000000
52917  -23.591  -9.011  -40.739 0.0000000000
40543  -23.754  -18.944  -33.391 0.0000000000
46431  -16.901  -13.408  -40.488 0.0000000000
46449  -19.936  -13.466  -41.829 0.0000000000
46448  -19.253  -13.241  -41.634 0.0000000000
45186  -21.299  -14.262  -41.292 0.0000000000
46450  -21.439  -13.551  -41.439 0.0000000000
45187  -22.005  -14.152  -41.117 0.0000000000
45188  -22.397  -13.711  -40.822 0.0000000000
43941  -20.629  -14.992  -40.171 0.0000000000
43930  -21.649  -15.301  -39.309 0.0000000000
45158  -22.873  -15.117  -39.866 0.0000000000
43933  -23.972  -15.458  -39.123 0.0000000000
42779  -25.092  -16.763  -38.315 0.0000000000
43918  -24.437  -15.792  -38.330 0.0000000000
43919  -24.860  -16.266  -37.923 0.0000000000
43906  -25.566  -15.629  -37.578 0.0000000000
59778  -17.823  -3.512  -47.119 0.0000000000
49029  -16.715  -11.608  -41.870 0.0000000000
54364  -14.889  -7.554  -44.586 0.0000000000
52992  -15.711  -8.102  -44.803 0.0000000000
54381  -17.902  -7.701  -45.236 0.0000000000
54380  -17.184  -7.395  -45.497 0.0000000000
57098  -19.437  -5.732  -44.899 0.0000000000
54349  -19.496  -8.315  -43.959 0.0000000000
54366  -18.910  -7.886  -44.495 0.0000000000
57099  -19.924  -5.343  -44.591 0.0000000000
58444  -20.573  -4.438  -43.381 0.0000000000
50292  -23.040  -10.845  -40.905 0.0000000000
50267  -23.825  -10.569  -40.421 0.0000000000
40587  -19.598  -18.206  -35.949 0.0000000000
40600  -20.868  -18.297  -37.001 0.0000000000
39548  -22.185  -19.175  -37.162 0.0000000000
41668  -22.698  -18.211  -38.132 0.0000000000
42772  -18.405  -16.672  -38.176 0.0000000000
41675  -18.965  -17.155  -38.029 0.0000000000
41676  -19.326  -17.174  -37.811 0.0000000000
41665  -19.810  -17.302  -37.381 0.0000000000
57133  -15.546  -5.534  -46.891 0.0000000000
55753  -14.604  -6.021  -45.907 0.0000000000
55754  -15.257  -6.259  -46.136 0.0000000000
54386  -15.713  -6.567  -45.907 0.0000000000
47748  -19.627  -12.400  -43.066 0.0000000000
47753  -19.619  -12.065  -43.327 0.0000000000
51637  -20.164  -10.085  -43.338 0.0000000000
51619  -20.719  -9.855  -42.990 0.0000000000
45156  -17.090  -14.750  -39.557 0.0000000000
45170  -17.404  -14.270  -40.266 0.0000000000
45184  -19.141  -13.866  -41.159 0.0000000000
46434  -20.276  -13.639  -41.342 0.0000000000
42787  -21.563  -15.807  -38.657 0.0000000000
43917  -23.866  -16.050  -38.611 0.0000000000
42777  -23.739  -16.700  -38.695 0.0000000000
41680  -24.286  -17.263  -38.807 0.0000000000
41682  -25.721  -17.259  -38.468 0.0000000000
59792  -14.136  -3.027  -47.696 0.0000000000
62408  -15.685  -1.968  -47.587 0.0000000000
63671  -19.425  -0.559  -47.330 0.0000000000
59757  -18.760  -3.517  -46.052 0.0000000000
59780  -18.725  -3.006  -46.149 0.0000000000
50307  -15.862  -10.097  -42.570 0.0000000000
51618  -15.954  -9.383  -43.034 0.0000000000
52979  -15.947  -8.681  -43.774 0.0000000000
53007  -17.296  -8.318  -45.236 0.0000000000
54351  -20.804  -6.905  -43.244 0.0000000000
55706  -20.766  -6.121  -43.161 0.0000000000
58445  -21.269  -4.760  -42.943 0.0000000000
49010  -22.906  -11.785  -40.688 0.0000000000
39538  -20.624  -19.388  -35.715 0.0000000000
40589  -21.197  -18.831  -36.710 0.0000000000
39547  -21.684  -19.208  -36.855 0.0000000000
40590  -22.713  -19.178  -36.979 0.0000000000
42786  -20.636  -15.748  -38.605 0.0000000000
42776  -21.950  -16.672  -38.539 0.0000000000
41679  -22.572  -17.639  -38.569 0.0000000000
58505  -13.836  -3.434  -47.318 0.0000000000
59793  -15.216  -3.340  -47.652 0.0000000000
61130  -16.300  -3.474  -48.167 0.0000000000
61131  -16.517  -3.344  -48.169 0.0000000000
59795  -17.498  -3.438  -47.627 0.0000000000
58509  -17.369  -4.309  -47.992 0.0000000000
58495  -17.515  -4.008  -46.926 0.0000000000
57135  -17.309  -4.987  -46.999 0.0000000000
58496  -18.135  -4.295  -46.390 0.0000000000
47751  -18.615  -11.888  -43.292 0.0000000000
47750  -18.249  -11.693  -43.267 0.0000000000
50321  -17.900  -10.259  -43.749 0.0000000000
51634  -18.216  -9.776  -43.998 0.0000000000
52995  -18.283  -8.704  -44.537 0.0000000000
51648  -18.511  -9.384  -44.197 0.0000000000
52980  -19.451  -9.105  -44.015 0.0000000000
55687  -22.568  -6.311  -42.460 0.0000000000
54333  -23.005  -6.779  -42.134 0.0000000000
40575  -23.227  -18.759  -35.592 0.0000000000
47735  -18.984  -12.695  -42.308 0.0000000000
49048  -20.061  -12.441  -42.903 0.0000000000
49031  -20.165  -12.378  -42.671 0.0000000000
49050  -20.536  -11.548  -42.203 0.0000000000
50290  -21.575  -10.787  -41.896 0.0000000000
47738  -21.661  -12.676  -41.342 0.0000000000
47739  -22.242  -12.672  -40.933 0.0000000000
46437  -23.348  -13.147  -40.076 0.0000000000
45174  -22.054  -14.638  -40.600 0.0000000000
45175  -22.687  -14.384  -40.460 0.0000000000
45176  -23.267  -13.931  -40.165 0.0000000000
46421  -23.749  -13.796  -39.627 0.0000000000
45148  -24.765  -14.860  -38.125 0.0000000000
61101  -18.169  -2.644  -46.995 0.0000000000
62395  -19.087  -1.452  -46.909 0.0000000000
61074  -18.836  -2.291  -46.004 0.0000000000
54377  -14.401  -7.179  -45.236 0.0000000000
54378  -15.451  -7.108  -45.467 0.0000000000
55740  -16.366  -6.569  -45.774 0.0000000000
54379  -16.358  -7.088  -45.431 0.0000000000
55741  -16.914  -6.455  -45.811 0.0000000000
57119  -19.342  -5.105  -45.392 0.0000000000
57120  -19.766  -4.921  -45.134 0.0000000000
54365  -18.291  -7.992  -44.821 0.0000000000
55722  -19.190  -6.641  -44.743 0.0000000000
58480  -19.894  -4.791  -44.944 0.0000000000
59715  -19.979  -3.788  -43.524 0.0000000000
41666  -20.987  -17.351  -37.466 0.0000000000
40591  -23.326  -18.548  -36.823 0.0000000000
40603  -23.704  -18.775  -37.817 0.0000000000
40611  -23.956  -18.529  -38.590 0.0000000000
40612  -24.773  -18.097  -38.730 0.0000000000
40619  -24.273  -17.883  -39.076 0.0000000000
41681  -24.970  -17.385  -38.712 0.0000000000
42763  -19.635  -17.072  -37.803 0.0000000000
45185  -19.683  -13.558  -41.267 0.0000000000
46452  -22.391  -13.131  -40.696 0.0000000000
47719  -20.725  -13.432  -41.904 0.0000000000
47752  -19.219  -12.035  -43.346 0.0000000000
50329  -17.415  -9.768  -43.999 0.0000000000
54387  -16.002  -6.633  -45.694 0.0000000000
57146  -16.510  -4.817  -47.470 0.0000000000
58463  -19.349  -3.947  -44.697 0.0000000000
58494  -15.515  -4.998  -47.317 0.0000000000
58518  -16.861  -4.101  -48.412 0.0000000000
59794  -16.129  -3.772  -48.094 0.0000000000
59803  -16.591  -3.757  -48.359 0.0000000000
59804  -17.059  -3.608  -48.308 0.0000000000
