#!ascii label  , from subject sub-NDARAG610XL4 vox2ras=TkReg
1812
7308  -53.697  -61.065  -15.486 0.1000000015
7323  -52.949  -60.901  -15.712 0.1000000015
6310  -52.518  -62.676  -16.232 0.1000000015
6802  -52.487  -61.952  -16.517 0.1000000015
6309  -52.191  -62.331  -17.149 0.1000000015
8343  -52.524  -60.206  -17.174 0.1000000015
6834  -52.293  -62.686  -18.424 0.1000000015
7870  -52.439  -60.611  -18.864 0.1000000015
7362  -52.288  -61.556  -19.335 0.1000000015
8368  -52.548  -59.597  -19.431 0.1000000015
7882  -52.376  -60.659  -19.840 0.1000000015
8378  -52.302  -59.752  -20.183 0.1000000015
8842  -52.061  -58.658  -19.518 0.1000000015
8387  -51.876  -60.157  -20.426 0.1000000015
7893  -52.142  -60.672  -20.309 0.1000000015
8808  -54.271  -57.936  -15.483 0.1000000015
7846  -53.516  -60.209  -16.034 0.1000000015
8345  -53.755  -59.010  -15.709 0.1000000015
7845  -52.787  -60.475  -16.406 0.1000000015
9345  -53.814  -57.320  -16.804 0.1000000015
8806  -53.469  -58.181  -16.623 0.1000000015
8344  -52.944  -59.300  -16.824 0.1000000015
9344  -53.507  -57.690  -17.168 0.1000000015
8356  -52.509  -59.537  -18.144 0.1000000015
8831  -53.331  -57.879  -18.630 0.1000000015
8830  -52.754  -58.581  -19.058 0.1000000015
8843  -52.870  -58.420  -19.857 0.1000000015
12891  -52.516  -51.157  -18.266 0.1000000015
12339  -52.101  -52.582  -18.272 0.1000000015
11741  -52.471  -53.575  -18.619 0.1000000015
11181  -52.809  -54.644  -19.063 0.1000000015
10621  -52.567  -55.685  -19.338 0.1000000015
9993  -52.352  -56.703  -19.511 0.1000000015
10006  -52.940  -57.002  -19.960 0.1000000015
9397  -53.196  -57.525  -20.132 0.1000000015
9385  -52.593  -57.689  -19.874 0.1000000015
8784  -55.148  -57.494  -15.060 0.1000000015
10563  -56.083  -55.581  -15.990 0.2000000030
9922  -55.767  -56.311  -15.455 0.2000000030
8793  -54.974  -58.117  -15.424 0.1000000015
10564  -56.466  -54.702  -15.802 0.1000000015
10580  -55.834  -55.685  -16.602 0.1000000015
9329  -55.022  -56.960  -15.968 0.1000000015
10581  -56.122  -55.077  -16.770 0.1000000015
9347  -55.076  -56.271  -16.629 0.1000000015
17011  -56.197  -45.840  -19.502 0.1000000015
16335  -54.775  -46.211  -18.329 0.1000000015
9985  -55.190  -55.860  -17.758 0.1000000015
9376  -54.653  -56.449  -17.737 0.1000000015
9359  -53.775  -57.356  -17.784 0.1000000015
15595  -55.131  -47.395  -17.826 0.1000000015
14833  -54.490  -48.450  -18.046 0.1000000015
14834  -55.361  -48.596  -17.984 0.1000000015
14134  -54.811  -49.556  -18.254 0.1000000015
10611  -55.153  -55.699  -18.571 0.1000000015
9995  -54.405  -56.405  -18.902 0.1000000015
8844  -53.355  -58.001  -19.545 0.1000000015
14832  -53.641  -48.375  -17.905 0.1000000015
13475  -53.591  -50.601  -18.572 0.1000000015
13476  -54.400  -50.518  -18.595 0.1000000015
12914  -54.745  -52.192  -18.929 0.1000000015
12352  -54.347  -52.810  -18.998 0.1000000015
9399  -53.914  -57.009  -19.497 0.1000000015
9398  -53.544  -57.358  -19.785 0.1000000015
14120  -53.319  -48.999  -17.955 0.1000000015
13466  -52.905  -50.529  -18.366 0.1000000015
12901  -53.158  -51.517  -18.613 0.1000000015
12351  -53.699  -53.045  -18.886 0.1000000015
11182  -53.745  -54.575  -19.347 0.1000000015
10622  -53.432  -55.593  -19.529 0.1000000015
12340  -52.944  -52.640  -18.752 0.1000000015
11752  -53.322  -53.720  -18.908 0.1000000015
10007  -53.511  -56.636  -19.788 0.1000000015
10547  -56.780  -54.239  -15.141 0.1000000015
10546  -56.137  -55.136  -15.213 0.2000000030
9897  -56.115  -56.992  -15.044 0.1000000015
9317  -55.320  -56.837  -14.908 0.2000000030
11143  -56.342  -54.172  -16.447 0.1000000015
17023  -56.203  -45.170  -20.558 0.1000000015
16360  -55.843  -45.403  -20.674 0.1000000015
10596  -56.122  -55.223  -17.634 0.1000000015
10613  -56.255  -55.179  -18.154 0.1000000015
11172  -56.325  -55.108  -18.399 0.1000000015
16336  -55.904  -46.268  -18.155 0.1000000015
15596  -55.950  -47.678  -17.967 0.1000000015
10624  -55.319  -55.511  -19.052 0.1000000015
13477  -55.195  -50.533  -18.480 0.1000000015
12904  -55.518  -51.372  -18.699 0.1000000015
12353  -55.006  -52.931  -19.314 0.1000000015
11194  -54.973  -54.431  -20.012 0.1000000015
10009  -54.896  -55.582  -19.451 0.1000000015
10623  -54.116  -55.163  -19.660 0.1000000015
11093  -57.376  -52.737  -14.108 0.1000000015
11080  -56.818  -52.564  -14.039 0.1000000015
118951  -58.539  -52.429  -13.814 0.1000000015
11092  -56.908  -53.370  -14.542 0.1000000015
11091  -56.344  -53.615  -14.355 0.2000000030
11108  -56.008  -54.365  -14.745 0.2000000030
10523  -56.555  -54.108  -14.809 0.2000000030
10545  -55.597  -55.303  -14.923 0.2000000030
9920  -55.052  -55.960  -14.937 0.2000000030
11124  -57.011  -53.710  -15.404 0.1000000015
11670  -58.657  -52.552  -14.593 0.1000000015
11706  -57.418  -52.983  -15.614 0.1000000015
11705  -56.789  -53.170  -16.093 0.1000000015
17012  -56.572  -45.650  -18.669 0.1000000015
16337  -56.556  -46.180  -17.981 0.1000000015
16997  -57.063  -46.221  -17.840 0.1000000015
11726  -56.172  -53.683  -17.290 0.1000000015
119337  -56.542  -44.816  -21.525 0.1000000015
15574  -56.554  -47.756  -17.592 0.1000000015
14121  -56.772  -49.297  -17.131 0.1000000015
13467  -56.740  -50.480  -17.224 0.1000000015
12892  -56.299  -51.545  -17.839 0.1000000015
12328  -56.240  -52.444  -17.587 0.1000000015
11757  -55.870  -54.326  -18.774 0.1000000015
119338  -56.803  -44.054  -22.102 0.1000000015
14135  -55.603  -49.689  -18.069 0.1000000015
13478  -55.854  -50.646  -18.347 0.1000000015
12917  -56.001  -51.842  -18.992 0.1000000015
12343  -55.961  -52.437  -18.426 0.1000000015
11195  -55.357  -54.342  -19.690 0.1000000015
18557  -57.303  -43.310  -23.618 0.1000000015
18596  -57.383  -43.791  -23.901 0.1000000015
17832  -57.244  -44.161  -24.294 0.1000000015
19404  -57.755  -42.879  -25.132 0.1000000015
118960  -58.618  -50.338  -14.077 0.1000000015
118952  -58.506  -51.557  -13.648 0.1000000015
14059  -59.452  -49.225  -13.744 0.1000000015
13421  -59.396  -50.423  -14.427 0.1000000015
118948  -57.343  -51.872  -13.782 0.1000000015
11077  -56.296  -53.050  -13.880 0.1000000015
11090  -55.879  -53.748  -14.304 0.2000000030
13438  -60.127  -49.914  -14.680 0.1000000015
118957  -59.187  -51.046  -14.532 0.1000000015
12280  -59.113  -51.899  -14.495 0.1000000015
11107  -55.480  -54.454  -14.728 0.2000000030
14793  -59.787  -48.423  -15.197 0.1000000015
13437  -59.626  -50.529  -14.980 0.1000000015
119339  -55.619  -44.148  -20.390 0.1000000015
17739  -55.996  -44.799  -19.219 0.1000000015
17013  -57.151  -45.344  -18.708 0.1000000015
14802  -59.749  -48.068  -15.875 0.1000000015
14124  -59.554  -48.593  -15.978 0.1000000015
12862  -59.141  -51.212  -15.200 0.1000000015
12310  -57.593  -52.368  -15.733 0.1000000015
16317  -57.606  -46.770  -17.309 0.1000000015
15575  -57.258  -47.652  -17.239 0.1000000015
13450  -57.831  -50.284  -16.193 0.1000000015
12874  -57.274  -51.389  -16.157 0.1000000015
12309  -56.718  -52.262  -16.395 0.1000000015
19335  -55.712  -43.557  -21.644 0.1000000015
16316  -56.777  -46.864  -17.717 0.1000000015
15576  -58.082  -47.556  -16.764 0.1000000015
14799  -58.061  -48.994  -16.543 0.1000000015
14104  -58.143  -49.496  -16.419 0.1000000015
13449  -57.056  -50.764  -16.585 0.1000000015
119341  -56.486  -43.390  -22.393 0.1000000015
19393  -56.566  -42.905  -23.506 0.1000000015
19413  -57.472  -43.019  -25.886 0.1000000015
17830  -56.129  -44.391  -25.704 0.1000000015
14784  -59.987  -48.517  -14.497 0.1000000015
14743  -59.504  -48.544  -13.474 0.1000000015
118949  -58.262  -49.105  -13.736 0.1000000015
14785  -59.726  -47.960  -15.026 0.1000000015
16269  -59.960  -46.607  -14.447 0.1000000015
118942  -55.817  -53.490  -14.049 0.1000000015
16301  -61.260  -46.492  -16.013 0.1000000015
15549  -60.186  -47.198  -15.284 0.1000000015
11669  -55.469  -53.796  -14.528 0.2000000030
16320  -60.575  -47.069  -17.031 0.1000000015
14123  -59.440  -48.518  -16.200 0.1000000015
12293  -55.302  -53.284  -14.799 0.1000000015
11686  -55.181  -53.747  -14.834 0.2000000030
119336  -54.958  -44.452  -19.737 0.1000000015
16998  -57.702  -45.723  -17.670 0.1000000015
16318  -58.596  -46.699  -16.799 0.1000000015
15577  -59.051  -47.554  -16.636 0.1000000015
14800  -58.624  -48.979  -16.435 0.1000000015
18540  -54.603  -43.316  -21.122 0.1000000015
119344  -55.481  -43.029  -23.108 0.1000000015
19382  -54.632  -42.843  -23.461 0.1000000015
19403  -57.152  -42.501  -25.118 0.1000000015
19402  -56.033  -42.446  -25.200 0.1000000015
19412  -56.540  -42.664  -26.180 0.1000000015
16291  -59.865  -46.897  -14.599 0.1000000015
15548  -59.204  -47.530  -14.503 0.1000000015
15523  -59.238  -47.780  -14.016 0.1000000015
17670  -59.267  -46.366  -15.563 0.1000000015
15524  -59.568  -47.670  -14.282 0.1000000015
14760  -58.311  -48.555  -13.856 0.1000000015
118946  -56.748  -49.822  -13.932 0.1000000015
16944  -61.044  -46.371  -14.051 0.1000000015
118933  -55.704  -52.020  -14.545 0.1000000015
17000  -59.393  -46.581  -16.519 0.1000000015
17684  -60.265  -46.270  -15.069 0.1000000015
119340  -55.080  -43.933  -20.135 0.1000000015
18503  -57.024  -44.282  -18.147 0.1000000015
17723  -58.368  -44.823  -17.464 0.1000000015
16999  -58.694  -45.795  -16.716 0.1000000015
16990  -60.483  -46.364  -16.343 0.1000000015
119334  -54.296  -43.436  -20.187 0.1000000015
17740  -57.566  -44.944  -18.431 0.1000000015
16319  -59.605  -47.161  -17.038 0.1000000015
12292  -54.604  -52.854  -15.304 0.1000000015
18539  -53.761  -43.239  -20.828 0.1000000015
19334  -54.788  -43.243  -21.903 0.1000000015
19368  -54.220  -43.014  -22.516 0.1000000015
19381  -53.673  -42.734  -23.615 0.1000000015
19391  -54.204  -42.446  -24.524 0.1000000015
19390  -53.206  -42.546  -24.661 0.1000000015
16966  -57.987  -45.704  -14.943 0.1000000015
16289  -58.230  -46.847  -15.008 0.1000000015
15546  -57.907  -47.470  -14.394 0.1000000015
17669  -58.676  -45.110  -15.132 0.1000000015
17682  -58.965  -45.678  -15.657 0.1000000015
18435  -58.322  -44.034  -14.968 0.1000000015
15521  -57.486  -48.442  -13.918 0.1000000015
16987  -58.994  -45.621  -16.267 0.1000000015
17681  -58.698  -44.754  -15.646 0.1000000015
118947  -56.830  -48.877  -13.820 0.1000000015
17724  -58.740  -45.118  -16.576 0.1000000015
17701  -58.573  -44.485  -16.425 0.1000000015
18522  -53.480  -43.465  -20.023 0.1000000015
17738  -54.180  -44.223  -19.270 0.1000000015
17719  -54.847  -44.588  -18.056 0.1000000015
17721  -56.458  -44.507  -17.860 0.1000000015
18504  -57.591  -44.264  -18.214 0.1000000015
118928  -54.901  -50.161  -14.827 0.1000000015
18554  -53.117  -43.361  -21.561 0.1000000015
18538  -52.889  -43.404  -20.709 0.1000000015
19350  -53.853  -43.133  -22.179 0.1000000015
18575  -52.924  -43.311  -22.298 0.1000000015
19367  -53.309  -43.074  -22.754 0.1000000015
18452  -56.846  -43.752  -15.548 0.1000000015
18434  -57.298  -43.831  -14.835 0.1000000015
17668  -57.791  -44.603  -14.535 0.1000000015
16288  -57.449  -46.474  -14.608 0.1000000015
18471  -56.471  -44.045  -16.275 0.1000000015
15545  -56.919  -47.335  -14.195 0.1000000015
17720  -55.732  -44.712  -17.810 0.1000000015
17698  -56.081  -44.508  -16.974 0.1000000015
18472  -57.464  -43.996  -16.648 0.1000000015
18453  -57.830  -43.861  -15.610 0.1000000015
17753  -53.017  -43.811  -19.509 0.1000000015
17722  -57.076  -44.238  -17.906 0.1000000015
17700  -57.321  -44.081  -17.398 0.1000000015
14783  -55.518  -49.046  -14.250 0.1000000015
18521  -52.556  -43.481  -19.997 0.1000000015
118927  -54.239  -51.666  -15.254 0.1000000015
18537  -51.988  -43.504  -20.639 0.1000000015
18553  -52.203  -43.499  -21.364 0.1000000015
18552  -51.254  -43.474  -21.290 0.1000000015
18574  -52.223  -43.437  -22.123 0.1000000015
18573  -51.557  -43.362  -21.862 0.1000000015
19364  -50.492  -42.821  -21.974 0.1000000015
19366  -52.262  -43.136  -22.781 0.1000000015
16965  -57.115  -45.363  -14.436 0.1000000015
16964  -56.033  -45.191  -14.441 0.1000000015
16287  -56.479  -46.262  -14.514 0.1000000015
17737  -52.694  -44.277  -18.890 0.1000000015
17718  -53.927  -44.365  -17.924 0.1000000015
17696  -54.246  -44.222  -17.096 0.1000000015
18470  -55.531  -43.926  -16.227 0.1000000015
18520  -51.683  -43.560  -19.981 0.1000000015
17752  -52.163  -43.779  -19.377 0.1000000015
15520  -56.237  -48.347  -13.890 0.1000000015
18536  -51.190  -43.663  -20.618 0.1000000015
18535  -50.366  -43.663  -20.599 0.1000000015
18551  -50.747  -43.527  -21.035 0.1000000015
19333  -49.656  -43.110  -20.887 0.1000000015
19347  -50.175  -43.004  -21.433 0.1000000015
19346  -49.226  -42.487  -21.233 0.1000000015
18451  -55.836  -43.620  -15.490 0.1000000015
18433  -55.947  -43.657  -14.794 0.1000000015
17667  -56.653  -44.389  -14.462 0.1000000015
17666  -55.513  -44.249  -14.399 0.1000000015
18469  -54.642  -43.698  -16.338 0.1000000015
17697  -55.141  -44.464  -16.987 0.1000000015
18519  -50.965  -43.841  -20.105 0.1000000015
17751  -51.296  -43.960  -19.453 0.1000000015
18518  -50.626  -43.927  -20.192 0.1000000015
19332  -49.048  -42.812  -20.674 0.1000000015
20209  -48.777  -41.621  -21.300 0.1000000015
20210  -49.150  -42.049  -21.743 0.1000000015
19288  -55.277  -43.019  -14.930 0.1000000015
18432  -54.976  -43.457  -14.291 0.1000000015
17735  -50.737  -44.381  -18.835 0.1000000015
17736  -51.693  -44.256  -18.739 0.1000000015
17717  -53.111  -44.261  -18.063 0.1000000015
17761  -50.052  -44.007  -20.244 0.1000000015
18534  -49.493  -43.533  -20.320 0.1000000015
19345  -48.783  -42.151  -20.887 0.1000000015
21024  -48.632  -40.796  -21.682 0.1000000015
18449  -54.111  -43.114  -15.673 0.1000000015
18487  -53.364  -44.040  -17.169 0.1000000015
18468  -53.732  -43.573  -16.422 0.1000000015
17734  -49.783  -44.278  -19.105 0.1000000015
17716  -52.106  -44.221  -17.965 0.1000000015
18486  -52.476  -43.888  -17.248 0.1000000015
17749  -49.699  -44.073  -19.856 0.1000000015
20198  -48.417  -41.519  -20.755 0.1000000015
21012  -48.338  -40.872  -21.203 0.1000000015
21837  -48.297  -39.728  -21.091 0.1000000015
18466  -51.903  -43.444  -16.586 0.1000000015
17715  -51.060  -44.320  -17.764 0.1000000015
18485  -51.590  -43.942  -17.221 0.1000000015
18517  -48.991  -43.693  -19.518 0.1000000015
19331  -48.449  -42.374  -20.291 0.1000000015
21004  -48.021  -40.694  -20.631 0.1000000015
21836  -48.137  -39.255  -20.355 0.1000000015
18533  -48.824  -43.131  -20.156 0.1000000015
20193  -47.965  -41.526  -20.101 0.1000000015
21828  -47.972  -39.943  -20.307 0.1000000015
22646  -48.035  -38.555  -20.164 0.1000000015
21827  -47.447  -39.509  -19.635 0.1000000015
19325  -47.817  -42.430  -19.534 0.1000000015
21003  -47.672  -40.627  -19.892 0.1000000015
7321  -52.431  -61.561  -16.826 0.1000000015
7332  -52.290  -61.497  -17.446 0.1000000015
7345  -52.245  -61.486  -18.336 0.1000000015
6833  -52.256  -62.283  -18.727 0.1000000015
8807  -53.859  -57.838  -15.940 0.1000000015
9346  -54.515  -57.029  -16.355 0.1000000015
9360  -54.321  -56.768  -17.348 0.1000000015
8357  -52.748  -58.862  -17.659 0.1000000015
9375  -54.367  -56.687  -18.285 0.1000000015
9386  -53.678  -57.382  -19.265 0.1000000015
12900  -52.499  -51.865  -18.381 0.1000000015
11170  -52.050  -54.297  -18.678 0.1000000015
11180  -52.063  -54.988  -19.040 0.1000000015
9318  -55.551  -57.207  -15.248 0.1000000015
9937  -55.565  -56.115  -16.199 0.1000000015
9968  -55.230  -55.907  -17.275 0.1000000015
14133  -53.792  -49.514  -18.216 0.1000000015
12902  -54.108  -51.597  -18.872 0.1000000015
12341  -53.650  -52.311  -18.854 0.1000000015
12915  -55.247  -52.128  -18.925 0.1000000015
11753  -53.877  -53.911  -19.120 0.1000000015
11754  -54.721  -53.695  -19.532 0.1000000015
10008  -54.222  -56.331  -19.530 0.1000000015
11183  -54.436  -54.481  -19.674 0.1000000015
10634  -54.041  -55.837  -19.788 0.1000000015
11109  -57.272  -53.668  -14.924 0.1000000015
9921  -55.743  -56.295  -14.941 0.2000000030
11110  -57.886  -53.154  -14.563 0.1000000015
11157  -56.316  -54.671  -17.622 0.1000000015
10637  -55.800  -55.015  -19.397 0.1000000015
16315  -56.269  -47.130  -17.761 0.1000000015
14835  -56.136  -48.772  -17.586 0.1000000015
14136  -56.267  -49.948  -17.786 0.1000000015
13479  -56.241  -50.837  -17.995 0.1000000015
12363  -55.089  -53.076  -19.225 0.1000000015
10636  -55.419  -55.085  -19.685 0.1000000015
12295  -58.981  -51.856  -15.043 0.1000000015
11725  -56.157  -53.097  -17.534 0.1000000015
14815  -56.827  -48.397  -17.211 0.1000000015
14816  -57.530  -48.534  -16.764 0.1000000015
13468  -57.267  -50.284  -16.675 0.1000000015
11742  -55.649  -53.338  -18.494 0.1000000015
17819  -56.491  -44.303  -23.517 0.1000000015
118956  -59.033  -48.793  -13.611 0.1000000015
118966  -59.114  -50.819  -14.188 0.1000000015
14107  -59.918  -49.263  -15.501 0.1000000015
11106  -54.986  -54.350  -14.857 0.2000000030
12876  -59.072  -50.893  -15.803 0.1000000015
14820  -60.430  -47.780  -16.205 0.1000000015
14105  -58.671  -49.596  -16.356 0.1000000015
13451  -58.891  -50.369  -16.196 0.1000000015
12875  -58.318  -51.209  -15.553 0.1000000015
14817  -58.458  -48.322  -16.546 0.1000000015
14818  -59.215  -48.373  -16.386 0.1000000015
19401  -54.781  -42.278  -25.508 0.1000000015
17703  -59.279  -45.937  -15.927 0.1000000015
18555  -53.936  -43.159  -21.614 0.1000000015
18473  -58.165  -44.031  -16.303 0.1000000015
14699  -50.783  -48.649  -9.504 0.5000000000
11053  -50.044  -54.862  -10.848 0.5000000000
11067  -51.054  -54.839  -11.344 0.5000000000
15460  -50.330  -47.862  -9.097 0.5000000000
14007  -50.173  -49.452  -9.690 0.5000000000
16196  -49.429  -46.218  -8.379 0.5000000000
15436  -49.893  -47.085  -8.657 0.5000000000
14698  -49.730  -48.631  -9.424 0.5000000000
11630  -49.432  -53.953  -10.415 0.5000000000
15459  -49.315  -47.849  -9.029 0.5000000000
15435  -48.889  -47.063  -8.643 0.5000000000
14697  -48.726  -48.556  -9.423 0.5000000000
15458  -48.337  -47.776  -9.065 0.4000000060
10469  -47.835  -55.634  -11.191 0.5000000000
9881  -47.526  -56.632  -12.119 0.5000000000
11066  -47.328  -54.975  -11.631 0.5000000000
10507  -47.317  -55.712  -12.361 0.5000000000
118889  -47.781  -54.195  -13.952 0.5000000000
118888  -47.325  -54.185  -13.247 0.5000000000
118893  -47.969  -53.189  -14.168 0.4000000060
118900  -48.373  -52.062  -14.431 0.4000000060
11070  -53.364  -53.727  -10.614 0.1000000015
13358  -50.513  -50.122  -10.107 0.4000000060
11631  -50.530  -53.882  -10.863 0.5000000000
16197  -50.447  -46.213  -8.453 0.5000000000
16882  -49.937  -45.291  -8.301 0.5000000000
18367  -49.821  -43.378  -8.400 0.5000000000
17596  -49.348  -44.358  -8.322 0.5000000000
16881  -48.946  -45.328  -7.971 0.3000000119
14021  -48.439  -49.831  -9.951 0.6999999881
13365  -48.690  -50.581  -10.121 0.5000000000
17595  -48.231  -44.337  -7.963 0.3000000119
16195  -48.453  -46.299  -8.117 0.3000000119
14005  -48.114  -49.219  -9.756 0.5000000000
118907  -48.963  -51.801  -10.518 0.6000000238
118911  -49.826  -52.900  -10.469 0.6000000238
11052  -49.080  -54.909  -10.535 0.5000000000
10470  -48.068  -55.662  -11.014 0.3000000119
16880  -47.920  -45.407  -7.727 0.3000000119
15434  -47.915  -47.141  -8.466 0.3000000119
14722  -47.307  -49.029  -9.879 0.4000000060
14020  -47.507  -49.785  -10.533 0.5000000000
118902  -47.707  -52.236  -10.809 0.6000000238
118901  -47.559  -53.363  -10.936 0.6000000238
11628  -47.650  -54.433  -11.010 0.5000000000
15433  -46.961  -46.981  -8.662 0.4000000060
14695  -46.870  -48.343  -9.640 0.4000000060
14029  -47.153  -50.364  -10.989 0.5000000000
118895  -47.013  -52.685  -11.617 0.5000000000
118958  -47.232  -53.280  -11.394 0.5000000000
16193  -46.535  -46.317  -8.141 0.4000000060
15456  -46.432  -47.578  -9.243 0.4000000060
14721  -46.506  -48.979  -10.458 0.5000000000
13374  -46.940  -50.775  -11.282 0.5000000000
12241  -46.694  -51.661  -11.886 0.4000000060
118890  -47.026  -53.344  -12.701 0.5000000000
14694  -45.945  -48.124  -9.902 0.4000000060
14732  -46.416  -49.361  -11.037 0.5000000000
12817  -46.642  -50.931  -11.920 0.5000000000
12818  -46.706  -51.157  -12.294 0.4000000060
14039  -46.283  -49.623  -11.957 0.5000000000
13387  -46.820  -50.489  -12.653 0.4000000060
12268  -47.131  -51.770  -13.221 0.4000000060
118897  -47.420  -52.467  -13.510 0.4000000060
14040  -46.496  -49.803  -12.334 0.3000000119
13400  -47.271  -50.470  -13.250 0.4000000060
13401  -47.850  -50.308  -13.769 0.3000000119
12845  -48.322  -50.828  -14.194 0.3000000119
11632  -54.039  -53.230  -10.129 0.1000000015
12232  -54.499  -52.331  -10.255 0.1000000015
11646  -53.693  -52.932  -10.757 0.4000000060
11645  -53.147  -53.469  -11.236 0.4000000060
11644  -52.477  -53.792  -11.488 0.4000000060
11643  -51.539  -53.836  -11.396 0.5000000000
15461  -51.354  -47.814  -9.243 0.5000000000
118923  -51.647  -52.405  -11.020 0.5000000000
118917  -51.027  -52.811  -10.934 0.5000000000
15437  -50.906  -47.044  -8.834 0.5000000000
17597  -50.429  -44.323  -8.352 0.5000000000
118912  -50.252  -52.038  -10.518 0.6000000238
19200  -49.206  -42.478  -8.416 0.2000000030
20071  -49.555  -41.530  -8.545 0.2000000030
18366  -48.795  -43.424  -8.348 0.3000000119
17583  -47.728  -44.744  -7.689 0.3000000119
16864  -47.347  -44.994  -7.688 0.4000000060
19199  -48.295  -42.573  -8.247 0.3000000119
17594  -47.731  -43.844  -7.889 0.3000000119
20069  -47.855  -41.957  -7.918 0.3000000119
18353  -46.752  -43.640  -7.558 0.4000000060
16863  -46.706  -44.923  -7.670 0.4000000060
17581  -46.395  -44.236  -7.507 0.3000000119
16878  -46.164  -45.576  -7.755 0.4000000060
15455  -45.457  -47.411  -9.371 0.4000000060
15485  -45.029  -47.646  -10.353 0.4000000060
16862  -45.925  -44.833  -7.617 0.3000000119
16191  -44.918  -45.931  -8.554 0.3000000119
14731  -45.963  -48.958  -11.448 0.4000000060
15492  -44.725  -47.150  -11.047 0.3000000119
15501  -45.858  -48.251  -12.467 0.3000000119
14041  -46.879  -49.798  -13.029 0.4000000060
16240  -44.806  -46.907  -11.660 0.2000000030
15502  -46.444  -48.276  -13.171 0.3000000119
14056  -47.402  -49.700  -13.560 0.3000000119
16248  -44.638  -46.300  -11.934 0.1000000015
16250  -46.233  -47.411  -13.201 0.2000000030
14755  -46.761  -48.716  -13.501 0.4000000060
18409  -44.189  -43.672  -12.653 0.1000000015
12245  -53.859  -52.151  -10.629 0.2000000030
12244  -53.045  -52.531  -11.149 0.5000000000
12242  -52.086  -52.939  -11.332 0.4000000060
14700  -51.843  -48.588  -9.580 0.4000000060
14009  -52.409  -49.296  -9.826 0.4000000060
13367  -51.456  -50.567  -10.438 0.4000000060
118918  -51.274  -51.746  -10.715 0.5000000000
118924  -52.193  -52.132  -10.977 0.5000000000
16883  -50.998  -45.285  -8.350 0.5000000000
16198  -51.493  -46.218  -8.569 0.5000000000
15438  -51.937  -47.035  -8.938 0.4000000060
19202  -51.309  -42.274  -8.664 0.4000000060
18368  -50.926  -43.300  -8.404 0.4000000060
19201  -50.223  -42.393  -8.594 0.4000000060
20072  -50.571  -41.401  -8.740 0.3000000119
20884  -49.885  -40.528  -8.374 0.2000000030
20070  -48.552  -41.595  -8.207 0.2000000030
20883  -49.055  -40.884  -8.196 0.3000000119
20877  -49.096  -40.254  -7.820 0.1000000015
20062  -47.766  -41.275  -7.820 0.3000000119
20061  -47.053  -41.698  -7.419 0.3000000119
20876  -48.231  -40.548  -7.769 0.2000000030
20060  -45.857  -41.811  -7.514 0.2000000030
18363  -44.996  -44.038  -7.873 0.2000000030
16876  -44.381  -45.334  -8.658 0.2000000030
20059  -44.995  -41.959  -7.750 0.2000000030
18382  -43.952  -43.700  -8.642 0.2000000030
16897  -43.698  -45.413  -9.454 0.2000000030
19197  -44.434  -42.153  -7.939 0.2000000030
19214  -43.382  -43.102  -8.989 0.1000000015
16239  -44.393  -46.364  -11.142 0.2000000030
20084  -42.854  -42.015  -9.221 0.1000000015
18394  -43.015  -44.013  -9.936 0.1000000015
16921  -44.295  -45.556  -11.683 0.1000000015
16922  -44.816  -45.685  -12.379 0.1000000015
19228  -42.823  -42.834  -10.168 0.1000000015
18402  -43.231  -43.695  -11.120 0.1000000015
17633  -44.365  -44.711  -12.242 0.1000000015
19238  -42.985  -42.361  -11.534 0.1000000015
18408  -43.512  -43.281  -12.081 0.1000000015
20117  -43.083  -41.314  -12.441 0.1000000015
20940  -43.388  -40.324  -13.001 0.1000000015
118937  -54.750  -51.103  -10.488 0.3000000119
118935  -53.525  -51.767  -10.705 0.3000000119
118944  -55.007  -49.259  -10.180 0.3000000119
118939  -54.613  -49.967  -10.366 0.3000000119
118932  -53.271  -51.103  -10.603 0.3000000119
118930  -52.850  -51.785  -10.842 0.4000000060
14011  -54.255  -49.078  -9.869 0.3000000119
118940  -53.899  -49.667  -10.128 0.3000000119
15439  -52.948  -47.126  -8.833 0.4000000060
14701  -52.894  -48.474  -9.582 0.5000000000
14023  -53.014  -49.824  -10.206 0.4000000060
14022  -52.155  -49.962  -10.162 0.4000000060
118925  -52.275  -51.331  -10.651 0.5000000000
18369  -52.169  -43.200  -8.577 0.4000000060
17598  -51.551  -44.295  -8.466 0.4000000060
20899  -53.433  -40.726  -9.075 0.4000000060
20074  -52.746  -41.141  -8.933 0.4000000060
20073  -51.637  -41.289  -8.770 0.4000000060
20888  -53.743  -40.258  -8.898 0.4000000060
21693  -53.263  -39.739  -8.363 0.3000000119
20886  -51.967  -40.410  -8.694 0.3000000119
21692  -52.304  -39.703  -8.371 0.3000000119
20885  -50.958  -40.496  -8.658 0.3000000119
21691  -51.344  -39.739  -8.369 0.2000000030
21679  -50.746  -39.312  -7.698 0.1000000015
21678  -49.688  -39.566  -7.626 0.1000000015
21677  -48.499  -39.512  -7.522 0.1000000015
20875  -47.133  -40.601  -7.603 0.2000000030
21676  -47.396  -39.606  -7.518 0.1000000015
20874  -46.050  -40.800  -7.443 0.2000000030
20068  -44.480  -41.500  -7.895 0.1000000015
20872  -44.392  -40.734  -7.902 0.1000000015
20880  -43.356  -41.347  -8.531 0.1000000015
21688  -43.540  -40.268  -8.394 0.1000000015
20898  -42.855  -40.731  -9.416 0.1000000015
20897  -42.642  -40.356  -9.969 0.1000000015
20916  -42.705  -40.701  -10.391 0.1000000015
20938  -42.696  -40.094  -11.924 0.1000000015
21754  -42.398  -39.093  -12.038 0.1000000015
22566  -42.586  -38.397  -12.437 0.1000000015
22577  -43.252  -38.430  -13.045 0.1000000015
23381  -43.528  -37.510  -13.191 0.1000000015
24182  -43.731  -36.576  -13.299 0.1000000015
14723  -56.101  -49.477  -9.979 0.3000000119
118965  -57.348  -49.808  -9.503 0.2000000030
14724  -56.016  -48.502  -9.878 0.3000000119
15464  -54.481  -47.724  -9.472 0.4000000060
16217  -54.315  -47.041  -9.263 0.3000000119
18370  -53.142  -43.485  -9.009 0.3000000119
17599  -52.662  -44.319  -8.665 0.3000000119
16199  -52.574  -46.293  -8.643 0.4000000060
20085  -53.662  -41.243  -9.310 0.3000000119
18383  -52.911  -42.725  -9.058 0.3000000119
16885  -53.236  -45.398  -8.546 0.4000000060
16200  -53.737  -46.537  -8.822 0.4000000060
118728  -54.912  -46.471  -9.059 0.3000000119
21684  -55.876  -39.632  -8.438 0.3000000119
20900  -54.107  -40.718  -9.343 0.3000000119
21694  -54.225  -39.829  -8.561 0.3000000119
21683  -54.897  -39.472  -8.004 0.3000000119
21682  -53.739  -39.358  -7.600 0.3000000119
21681  -52.699  -39.286  -7.744 0.3000000119
21680  -51.736  -39.216  -7.768 0.2000000030
22535  -51.169  -38.674  -7.099 0.1000000015
22522  -51.685  -38.456  -6.258 0.1000000015
22534  -50.083  -38.650  -7.088 0.1000000015
22521  -50.592  -38.065  -6.251 0.1000000015
22533  -48.852  -38.492  -7.050 0.1000000015
22532  -47.697  -38.625  -7.267 0.1000000015
21675  -46.260  -39.741  -7.429 0.2000000030
22531  -46.519  -38.684  -7.286 0.2000000030
22530  -45.317  -38.818  -7.515 0.2000000030
22529  -44.138  -39.170  -7.797 0.1000000015
21705  -43.167  -39.712  -9.190 0.1000000015
22543  -43.682  -38.347  -8.224 0.1000000015
22541  -43.229  -38.888  -9.177 0.1000000015
21724  -42.589  -39.410  -10.305 0.1000000015
23352  -42.643  -38.121  -9.526 0.1000000015
22555  -42.501  -38.654  -10.264 0.1000000015
22560  -42.293  -38.415  -10.991 0.1000000015
23372  -42.759  -37.567  -12.713 0.1000000015
24175  -42.421  -36.790  -12.198 0.1000000015
24176  -42.994  -36.683  -12.798 0.1000000015
25029  -42.597  -35.959  -12.245 0.1000000015
25036  -43.820  -35.597  -13.451 0.1000000015
24183  -44.681  -36.483  -13.448 0.1000000015
14707  -58.433  -48.773  -8.980 0.2000000030
118971  -58.209  -49.781  -9.390 0.2000000030
14677  -57.972  -47.912  -8.475 0.2000000030
14725  -56.655  -48.283  -9.575 0.3000000119
15441  -57.797  -46.698  -8.566 0.2000000030
15468  -57.365  -47.493  -9.265 0.3000000119
14704  -56.072  -47.848  -9.618 0.3000000119
118750  -54.092  -41.728  -9.508 0.3000000119
18384  -53.697  -42.766  -9.279 0.3000000119
118729  -53.704  -44.174  -8.648 0.3000000119
21685  -56.668  -39.964  -8.911 0.3000000119
21706  -55.627  -39.977  -9.873 0.3000000119
118720  -54.606  -45.723  -8.261 0.3000000119
118768  -55.754  -46.136  -9.160 0.2000000030
118759  -56.821  -40.735  -6.247 0.2000000030
21669  -56.518  -40.074  -7.694 0.2000000030
21668  -55.724  -39.607  -7.154 0.3000000119
21667  -54.482  -39.428  -6.719 0.3000000119
22538  -53.503  -39.284  -7.025 0.2000000030
22536  -52.175  -38.814  -7.100 0.1000000015
22524  -53.587  -39.112  -6.447 0.2000000030
22523  -52.691  -38.681  -6.320 0.1000000015
22514  -52.278  -38.457  -5.391 0.1000000015
22497  -52.126  -37.864  -4.816 0.1000000015
23307  -53.786  -37.409  -4.481 0.1000000015
24099  -54.534  -36.618  -4.109 0.1000000015
22513  -51.368  -37.858  -5.457 0.1000000015
22496  -51.757  -37.545  -5.052 0.1000000015
23325  -52.254  -36.868  -5.029 0.1000000015
24940  -53.057  -36.020  -4.780 0.1000000015
24917  -54.280  -35.725  -4.428 0.1000000015
25771  -55.041  -34.871  -4.424 0.1000000015
23334  -49.860  -37.577  -5.893 0.1000000015
24116  -51.226  -36.347  -5.433 0.1000000015
24939  -52.589  -35.743  -5.079 0.1000000015
25769  -53.167  -35.019  -4.714 0.1000000015
25788  -53.426  -34.396  -5.245 0.1000000015
23342  -48.545  -37.968  -6.572 0.1000000015
23333  -48.634  -37.309  -6.086 0.1000000015
23341  -47.992  -37.873  -6.760 0.1000000015
23340  -46.892  -37.813  -6.895 0.2000000030
23339  -45.544  -37.503  -7.201 0.1000000015
23338  -44.333  -37.896  -7.822 0.1000000015
24158  -43.900  -37.223  -8.155 0.1000000015
23346  -43.121  -37.996  -8.735 0.1000000015
23353  -42.784  -37.354  -9.196 0.1000000015
23359  -42.272  -37.859  -10.370 0.1000000015
23365  -42.197  -37.681  -11.178 0.1000000015
25021  -42.102  -35.986  -10.693 0.1000000015
24170  -42.179  -36.862  -11.392 0.1000000015
25907  -42.781  -35.185  -12.234 0.1000000015
25030  -43.187  -35.759  -12.808 0.1000000015
118706  -54.864  -46.582  -7.203 0.2000000030
16201  -57.291  -45.898  -8.703 0.2000000030
16218  -56.562  -46.749  -9.422 0.3000000119
15465  -55.536  -47.038  -9.393 0.3000000119
118702  -55.786  -46.512  -7.104 0.2000000030
118714  -56.770  -45.526  -8.648 0.2000000030
118731  -56.740  -45.728  -9.150 0.3000000119
118767  -55.997  -46.492  -9.369 0.3000000119
118737  -54.618  -42.419  -9.390 0.3000000119
118724  -54.428  -43.730  -8.591 0.3000000119
118785  -56.677  -40.933  -9.541 0.3000000119
118782  -55.741  -41.690  -8.772 0.3000000119
118741  -56.273  -41.173  -5.564 0.2000000030
118763  -56.657  -41.085  -7.220 0.3000000119
118732  -56.137  -45.445  -8.584 0.2000000030
118760  -56.905  -40.765  -5.852 0.2000000030
21663  -56.443  -40.300  -6.193 0.2000000030
21653  -56.603  -40.647  -5.458 0.2000000030
21662  -55.493  -39.636  -5.798 0.3000000119
22525  -54.111  -39.225  -6.134 0.2000000030
21652  -56.145  -39.965  -4.482 0.2000000030
21651  -55.205  -39.392  -4.631 0.2000000030
22499  -54.073  -38.319  -4.422 0.1000000015
24114  -49.317  -35.976  -5.491 0.1000000015
24937  -50.928  -35.529  -5.517 0.1000000015
25786  -51.536  -34.852  -5.562 0.1000000015
24137  -48.486  -36.182  -5.707 0.1000000015
24963  -48.706  -35.420  -5.629 0.1000000015
25784  -49.836  -34.674  -5.725 0.1000000015
23332  -47.363  -37.078  -6.494 0.1000000015
24136  -47.664  -36.257  -6.111 0.1000000015
24961  -47.045  -35.268  -6.505 0.1000000015
25806  -47.775  -34.699  -6.532 0.1000000015
25807  -48.703  -34.621  -6.044 0.1000000015
23331  -46.312  -36.978  -6.639 0.1000000015
24134  -45.873  -36.229  -6.640 0.1000000015
24984  -46.232  -35.034  -6.889 0.1000000015
25833  -45.724  -34.499  -7.207 0.1000000015
24150  -45.189  -36.338  -7.158 0.1000000015
24982  -44.378  -35.473  -7.570 0.1000000015
25000  -43.968  -34.949  -7.973 0.1000000015
24148  -43.591  -36.206  -7.983 0.1000000015
24157  -43.268  -36.761  -8.546 0.1000000015
24164  -42.591  -36.703  -9.379 0.1000000015
25013  -42.216  -36.512  -9.949 0.1000000015
25025  -42.289  -36.167  -11.616 0.1000000015
16171  -52.466  -46.384  -6.219 0.3000000119
16855  -53.124  -45.491  -7.095 0.3000000119
16181  -53.862  -45.820  -7.595 0.3000000119
118715  -54.298  -45.932  -7.706 0.2000000030
118713  -55.324  -45.716  -8.133 0.2000000030
118722  -53.925  -45.235  -7.793 0.3000000119
118700  -54.226  -45.537  -7.863 0.3000000119
118716  -54.341  -45.440  -8.212 0.3000000119
118734  -54.333  -43.142  -7.748 0.3000000119
118723  -54.100  -44.122  -8.176 0.3000000119
118761  -54.876  -41.387  -5.320 0.2000000030
118770  -55.363  -41.654  -7.474 0.3000000119
118748  -54.521  -41.848  -7.373 0.3000000119
118743  -55.505  -41.091  -4.901 0.2000000030
118744  -55.954  -40.544  -4.482 0.2000000030
26667  -45.143  -33.978  -7.618 0.1000000015
25857  -43.878  -34.413  -8.396 0.1000000015
25877  -43.220  -34.560  -9.204 0.1000000015
25014  -42.584  -35.706  -9.532 0.1000000015
16847  -51.034  -45.925  -6.087 0.1000000015
16848  -51.836  -46.101  -6.312 0.3000000119
16854  -52.399  -45.655  -6.670 0.3000000119
17578  -52.610  -45.058  -7.014 0.3000000119
118747  -53.434  -43.014  -7.321 0.3000000119
20063  -54.348  -41.571  -6.579 0.3000000119
19191  -53.606  -41.824  -7.045 0.3000000119
20051  -54.166  -41.606  -5.154 0.2000000030
20037  -54.736  -41.357  -4.258 0.2000000030
20018  -54.784  -41.733  -2.849 0.1000000015
118762  -55.611  -40.940  -3.356 0.2000000030
118725  -56.209  -41.086  -2.718 0.2000000030
118764  -56.540  -40.560  -2.737 0.3000000119
17577  -52.039  -44.630  -7.020 0.3000000119
18354  -52.067  -43.980  -7.361 0.3000000119
18355  -52.494  -43.620  -7.344 0.3000000119
20056  -52.615  -41.454  -6.064 0.3000000119
19185  -52.894  -41.877  -6.773 0.3000000119
18347  -52.622  -42.749  -7.034 0.3000000119
20050  -53.265  -41.699  -5.177 0.2000000030
19167  -53.194  -42.549  -3.718 0.1000000015
20017  -54.307  -42.628  -2.912 0.1000000015
19998  -54.480  -42.451  -2.126 0.1000000015
118776  -55.010  -41.757  -1.570 0.1000000015
118780  -56.133  -41.487  -1.968 0.1000000015
18345  -50.469  -43.551  -6.655 0.3000000119
18346  -51.631  -43.451  -7.112 0.3000000119
20049  -52.298  -41.558  -5.134 0.2000000030
20055  -51.825  -41.734  -5.942 0.3000000119
19184  -52.107  -42.257  -6.571 0.3000000119
20034  -51.937  -41.833  -4.072 0.2000000030
20048  -51.223  -41.697  -5.229 0.2000000030
19152  -50.637  -42.322  -3.085 0.1000000015
20016  -51.302  -42.109  -3.536 0.1000000015
20014  -50.072  -41.999  -3.301 0.1000000015
19153  -51.065  -42.820  -3.064 0.1000000015
18312  -52.532  -43.474  -2.415 0.1000000015
18314  -53.812  -43.464  -2.384 0.1000000015
19141  -51.260  -42.966  -1.974 0.1000000015
18301  -52.901  -43.415  -1.772 0.1000000015
19133  -54.214  -43.067  -1.701 0.1000000015
19981  -54.072  -41.928  -1.403 0.1000000015
19182  -50.062  -42.731  -6.287 0.2000000030
19183  -51.064  -42.392  -6.374 0.2000000030
20032  -50.055  -41.861  -4.226 0.1000000015
20047  -50.298  -41.795  -5.031 0.2000000030
19140  -50.777  -42.316  -2.645 0.1000000015
19996  -51.205  -41.984  -2.004 0.1000000015
19142  -51.804  -42.833  -1.613 0.1000000015
19979  -52.498  -41.834  -1.181 0.1000000015
19980  -53.260  -42.095  -0.949 0.1000000015
19994  -49.607  -41.350  -2.691 0.1000000015
19995  -50.447  -41.633  -2.374 0.1000000015
20826  -51.065  -41.059  -1.747 0.1000000015
19978  -51.814  -41.474  -1.535 0.1000000015
20824  -49.461  -40.513  -2.539 0.1000000015
20825  -50.302  -40.717  -2.186 0.1000000015
13357  -49.592  -50.183  -9.803 0.4000000060
14006  -49.087  -49.441  -9.631 0.5000000000
13356  -48.919  -50.052  -9.788 0.6000000238
10472  -49.531  -55.500  -11.022 0.5000000000
13366  -50.095  -50.980  -10.380 0.4000000060
10471  -48.775  -55.612  -10.930 0.3000000119
10490  -47.718  -55.966  -11.482 0.5000000000
10493  -50.357  -55.833  -11.258 0.5000000000
14696  -47.787  -48.432  -9.502 0.4000000060
11051  -48.215  -55.036  -10.693 0.4000000060
11076  -47.158  -54.568  -12.506 0.5000000000
118891  -47.453  -53.483  -13.541 0.4000000060
12831  -47.626  -51.306  -13.614 0.4000000060
14008  -51.317  -49.510  -9.953 0.5000000000
16194  -47.468  -46.346  -8.064 0.4000000060
15457  -47.392  -47.674  -9.153 0.4000000060
13364  -47.687  -51.015  -10.774 0.6000000238
118906  -48.583  -53.032  -10.431 0.6000000238
11629  -48.340  -54.119  -10.451 0.5000000000
12809  -47.100  -51.580  -11.338 0.5000000000
16879  -47.029  -45.610  -7.806 0.4000000060
14019  -46.711  -49.551  -10.829 0.5000000000
118894  -47.212  -53.809  -11.659 0.5000000000
15432  -45.988  -46.941  -8.666 0.4000000060
16192  -45.621  -46.172  -8.238 0.3000000119
14720  -45.728  -48.298  -10.733 0.5000000000
14028  -46.610  -49.890  -11.452 0.5000000000
118896  -46.796  -52.072  -12.643 0.4000000060
14027  -46.177  -49.443  -11.778 0.5000000000
12830  -47.012  -51.215  -12.959 0.4000000060
14740  -46.103  -49.223  -12.187 0.4000000060
18365  -47.950  -43.385  -8.146 0.3000000119
17582  -47.302  -44.264  -7.681 0.4000000060
19198  -47.536  -42.636  -7.849 0.3000000119
19190  -46.615  -42.768  -7.504 0.3000000119
18352  -46.004  -43.497  -7.389 0.3000000119
16877  -45.264  -45.206  -8.051 0.3000000119
15454  -44.647  -46.908  -9.679 0.3000000119
16215  -45.079  -46.685  -8.835 0.3000000119
16214  -44.401  -46.119  -9.183 0.3000000119
17592  -44.569  -44.446  -8.264 0.2000000030
15484  -44.522  -46.873  -10.479 0.3000000119
15493  -45.269  -47.759  -11.483 0.3000000119
16234  -44.045  -46.165  -10.152 0.2000000030
14741  -46.534  -49.025  -12.842 0.4000000060
14742  -46.928  -49.257  -13.427 0.4000000060
16249  -45.371  -46.805  -12.440 0.2000000030
15462  -52.401  -47.758  -9.282 0.4000000060
118931  -52.704  -50.548  -10.465 0.4000000060
21690  -50.503  -39.884  -8.207 0.2000000030
19189  -45.536  -42.671  -7.470 0.2000000030
18362  -44.527  -43.595  -8.071 0.2000000030
18351  -45.055  -43.425  -7.530 0.2000000030
17607  -43.303  -44.796  -9.516 0.2000000030
20873  -44.855  -41.010  -7.753 0.2000000030
19196  -44.086  -42.846  -8.310 0.1000000015
16912  -43.568  -45.400  -10.214 0.2000000030
20067  -43.980  -41.842  -8.188 0.1000000015
20066  -43.504  -42.331  -8.611 0.1000000015
17621  -43.277  -44.832  -10.154 0.2000000030
17622  -43.573  -44.987  -10.663 0.2000000030
17629  -43.772  -44.713  -11.330 0.1000000015
17634  -44.986  -45.000  -12.738 0.1000000015
20100  -42.732  -41.618  -10.325 0.1000000015
18403  -43.751  -44.042  -11.933 0.1000000015
20113  -42.887  -41.060  -11.271 0.1000000015
21766  -42.958  -39.301  -12.692 0.1000000015
14012  -54.708  -49.063  -10.027 0.3000000119
118943  -54.489  -49.418  -10.130 0.3000000119
118963  -54.346  -50.497  -10.467 0.3000000119
118936  -53.709  -50.428  -10.418 0.3000000119
14010  -53.384  -49.169  -9.807 0.3000000119
14703  -55.121  -48.488  -9.822 0.3000000119
14702  -53.933  -48.438  -9.610 0.3000000119
15440  -53.475  -47.064  -9.054 0.4000000060
15463  -53.515  -47.590  -9.280 0.4000000060
19203  -52.350  -42.097  -8.823 0.4000000060
16884  -52.086  -45.307  -8.556 0.4000000060
19216  -53.265  -41.960  -9.171 0.4000000060
20887  -52.896  -40.297  -8.758 0.3000000119
21674  -45.109  -39.968  -7.545 0.1000000015
21689  -43.927  -40.491  -8.101 0.1000000015
22528  -43.771  -39.774  -8.157 0.1000000015
22542  -43.442  -39.097  -8.775 0.1000000015
22549  -42.986  -39.062  -9.501 0.1000000015
20915  -42.581  -40.077  -10.400 0.1000000015
20930  -42.674  -40.337  -11.008 0.1000000015
20929  -42.520  -39.737  -11.022 0.1000000015
22565  -42.322  -38.342  -11.704 0.1000000015
23371  -42.343  -37.604  -11.980 0.1000000015
14706  -57.535  -48.771  -9.407 0.2000000030
118967  -57.427  -51.152  -9.527 0.2000000030
17609  -53.671  -43.485  -9.102 0.3000000119
20901  -55.037  -40.731  -9.716 0.3000000119
21695  -55.120  -39.853  -9.139 0.3000000119
22537  -53.040  -39.105  -7.055 0.1000000015
22520  -49.457  -38.076  -6.434 0.1000000015
22512  -50.737  -37.710  -5.759 0.1000000015
22519  -48.836  -38.040  -6.468 0.1000000015
14664  -58.003  -47.200  -7.479 0.2000000030
16219  -57.138  -46.464  -9.283 0.2000000030
118784  -55.579  -40.274  -9.993 0.3000000119
118736  -54.081  -43.381  -9.140 0.3000000119
20869  -56.731  -40.739  -7.080 0.3000000119
20878  -57.033  -40.557  -8.278 0.3000000119
118742  -56.825  -40.915  -6.488 0.3000000119
21661  -54.489  -39.330  -5.549 0.2000000030
21660  -53.849  -39.211  -5.185 0.1000000015
22515  -53.283  -38.779  -5.494 0.1000000015
22498  -53.040  -38.240  -4.656 0.1000000015
23306  -52.815  -37.158  -4.776 0.1000000015
24098  -53.517  -36.438  -4.602 0.1000000015
23323  -50.612  -37.200  -5.505 0.1000000015
23324  -51.620  -37.078  -5.243 0.1000000015
24118  -52.698  -36.440  -4.933 0.1000000015
24117  -52.058  -36.363  -5.257 0.1000000015
24916  -53.498  -35.606  -4.625 0.1000000015
25768  -52.775  -35.277  -4.851 0.1000000015
25770  -53.978  -34.951  -4.724 0.1000000015
23322  -49.579  -36.875  -5.539 0.1000000015
24938  -51.828  -35.632  -5.407 0.1000000015
24115  -50.278  -36.228  -5.481 0.1000000015
25787  -52.515  -34.894  -5.229 0.1000000015
25789  -54.426  -34.228  -5.162 0.1000000015
23321  -48.963  -36.626  -5.603 0.1000000015
24149  -44.252  -36.656  -7.783 0.1000000015
24163  -42.369  -37.255  -9.802 0.1000000015
16166  -54.426  -46.795  -6.232 0.2000000030
118708  -55.174  -46.077  -7.655 0.2000000030
118705  -56.691  -45.636  -8.239 0.2000000030
16173  -53.816  -46.248  -7.229 0.3000000119
118704  -56.098  -45.824  -7.821 0.2000000030
118783  -56.435  -41.303  -8.167 0.3000000119
118749  -55.063  -42.361  -7.887 0.3000000119
118735  -54.721  -43.023  -8.277 0.3000000119
118717  -56.220  -41.355  -6.202 0.3000000119
118769  -55.450  -41.489  -6.337 0.3000000119
21650  -54.333  -39.103  -4.628 0.1000000015
21649  -53.620  -38.879  -4.738 0.1000000015
24936  -50.044  -35.364  -5.511 0.1000000015
25811  -52.160  -34.302  -5.927 0.1000000015
24962  -47.999  -35.376  -5.984 0.1000000015
24935  -49.291  -35.073  -5.551 0.1000000015
24135  -46.709  -36.246  -6.362 0.1000000015
24960  -46.246  -35.618  -6.623 0.1000000015
24983  -45.487  -35.392  -7.027 0.1000000015
25832  -44.920  -34.655  -7.419 0.1000000015
24999  -43.455  -35.453  -8.267 0.1000000015
16172  -53.197  -46.312  -6.562 0.3000000119
16865  -53.431  -45.006  -7.484 0.3000000119
118733  -53.677  -44.172  -7.685 0.3000000119
118779  -54.511  -41.604  -5.908 0.3000000119
118711  -55.104  -41.506  -7.095 0.3000000119
16163  -50.901  -46.433  -5.145 0.1000000015
17570  -50.345  -45.525  -6.185 0.2000000030
16853  -51.608  -45.437  -6.554 0.3000000119
17585  -52.878  -44.418  -7.369 0.3000000119
20057  -53.622  -41.480  -6.140 0.3000000119
20036  -53.990  -42.279  -4.053 0.2000000030
17576  -50.805  -44.775  -6.649 0.3000000119
20035  -52.872  -42.108  -4.378 0.2000000030
19156  -53.674  -43.092  -3.088 0.1000000015
19154  -51.928  -42.672  -3.534 0.1000000015
19165  -52.130  -42.251  -3.755 0.1000000015
20033  -50.774  -41.466  -3.988 0.1000000015
20857  -50.424  -41.866  -3.793 0.1000000015
19132  -53.463  -42.926  -1.339 0.1000000015
19181  -49.239  -42.653  -6.302 0.2000000030
19176  -50.466  -42.044  -5.825 0.2000000030
20031  -49.288  -41.686  -4.188 0.1000000015
9865  -48.067  -56.758  -11.448 0.3000000119
8743  -48.345  -58.576  -11.610 0.3000000119
9271  -48.279  -57.421  -11.654 0.3000000119
7213  -49.088  -60.995  -9.396 0.2000000030
7193  -49.511  -62.172  -8.366 0.2000000030
8283  -48.893  -59.154  -11.269 0.4000000060
8273  -48.558  -59.544  -10.759 0.3000000119
9270  -47.778  -57.150  -11.830 0.4000000060
8282  -48.277  -59.331  -11.499 0.3000000119
7774  -48.544  -60.320  -10.496 0.3000000119
8751  -47.726  -58.483  -12.341 0.4000000060
7248  -48.654  -60.979  -10.893 0.3000000119
7233  -49.006  -61.503  -10.221 0.2000000030
9281  -47.606  -57.519  -12.426 0.4000000060
7788  -48.427  -60.133  -12.602 0.4000000060
7264  -48.633  -61.069  -11.916 0.3000000119
6709  -49.428  -62.179  -10.429 0.3000000119
9293  -47.616  -57.753  -13.029 0.4000000060
8299  -47.970  -59.319  -12.975 0.4000000060
7249  -49.105  -61.688  -11.189 0.4000000060
10521  -47.543  -55.279  -13.409 0.4000000060
8760  -47.885  -58.440  -13.287 0.4000000060
7789  -49.110  -60.892  -12.854 0.3000000119
9294  -47.988  -57.532  -13.646 0.4000000060
8300  -48.686  -59.131  -13.661 0.4000000060
8317  -48.969  -58.625  -13.975 0.4000000060
7802  -49.798  -60.401  -13.429 0.3000000119
9295  -48.811  -57.448  -14.099 0.4000000060
8761  -48.537  -58.266  -13.896 0.4000000060
8301  -49.640  -59.574  -14.051 0.4000000060
9894  -48.198  -56.391  -14.073 0.4000000060
9895  -49.220  -56.695  -14.310 0.4000000060
8777  -49.213  -58.259  -14.318 0.4000000060
8302  -50.495  -59.862  -13.745 0.3000000119
10522  -48.330  -55.066  -14.302 0.4000000060
9311  -49.710  -57.494  -14.549 0.4000000060
8778  -50.173  -58.644  -14.539 0.3000000119
9914  -49.172  -55.750  -14.481 0.4000000060
9915  -50.206  -56.356  -14.624 0.4000000060
9312  -50.787  -57.467  -14.758 0.4000000060
8763  -51.002  -59.209  -14.049 0.2000000030
8291  -52.109  -60.270  -13.422 0.3000000119
118892  -48.694  -53.876  -14.544 0.3000000119
10538  -49.227  -54.769  -14.598 0.3000000119
8779  -51.397  -58.326  -14.436 0.2000000030
8764  -51.962  -58.913  -13.721 0.2000000030
8292  -52.589  -60.421  -13.551 0.2000000030
118898  -48.557  -53.001  -14.559 0.3000000119
9313  -51.882  -57.359  -14.735 0.1000000015
11101  -49.984  -53.961  -14.861 0.3000000119
11102  -50.816  -54.554  -14.993 0.2000000030
9916  -51.363  -56.465  -15.001 0.2000000030
8780  -52.423  -58.132  -14.361 0.1000000015
8305  -53.353  -59.922  -14.032 0.2000000030
11666  -51.366  -53.540  -15.307 0.2000000030
10541  -51.989  -55.558  -15.202 0.1000000015
8781  -53.367  -58.020  -14.534 0.1000000015
8765  -52.960  -58.910  -14.127 0.1000000015
118899  -49.328  -52.848  -14.900 0.3000000119
118904  -50.369  -52.986  -15.213 0.3000000119
13416  -48.315  -50.082  -14.133 0.2000000030
12846  -49.061  -51.056  -14.648 0.1000000015
118903  -49.339  -51.850  -14.957 0.3000000119
11103  -51.639  -54.652  -15.244 0.1000000015
9917  -52.397  -56.455  -15.044 0.1000000015
13417  -48.772  -50.192  -14.469 0.2000000030
118905  -50.183  -52.118  -15.234 0.2000000030
11104  -52.676  -54.650  -15.391 0.1000000015
11105  -53.293  -55.056  -15.346 0.1000000015
9918  -53.354  -56.374  -15.042 0.1000000015
8782  -54.054  -57.832  -14.767 0.1000000015
8306  -54.311  -59.453  -14.279 0.1000000015
118908  -49.917  -51.161  -15.148 0.1000000015
118909  -51.074  -52.383  -15.369 0.2000000030
118913  -51.756  -52.570  -15.447 0.1000000015
11683  -52.628  -53.532  -15.478 0.1000000015
11122  -53.755  -54.550  -15.425 0.1000000015
9919  -54.253  -56.243  -15.022 0.1000000015
9316  -54.409  -57.079  -14.765 0.1000000015
9296  -54.609  -57.908  -14.607 0.1000000015
7806  -54.381  -60.185  -14.338 0.1000000015
118919  -52.494  -52.557  -15.462 0.1000000015
11685  -54.670  -53.894  -15.149 0.1000000015
10562  -54.308  -55.076  -15.251 0.1000000015
9896  -55.623  -57.017  -14.719 0.1000000015
8783  -55.158  -58.189  -14.936 0.1000000015
10544  -54.781  -55.223  -15.046 0.1000000015
14057  -48.043  -49.492  -14.017 0.2000000030
14076  -48.519  -49.645  -14.299 0.1000000015
13418  -49.464  -50.222  -14.929 0.1000000015
118915  -52.101  -51.837  -15.432 0.1000000015
13419  -50.411  -50.254  -15.369 0.1000000015
118926  -53.459  -52.649  -15.466 0.1000000015
8767  -54.985  -58.423  -14.342 0.1000000015
8752  -47.968  -58.230  -11.844 0.4000000060
7232  -48.811  -60.857  -10.082 0.3000000119
7780  -48.333  -60.156  -11.476 0.3000000119
8290  -48.026  -59.432  -12.132 0.3000000119
8759  -47.661  -58.185  -12.858 0.4000000060
9893  -47.455  -56.718  -13.083 0.4000000060
7800  -48.428  -59.718  -13.232 0.4000000060
7801  -48.896  -60.101  -13.472 0.3000000119
8303  -51.476  -60.003  -13.452 0.2000000030
10539  -50.066  -55.146  -14.734 0.3000000119
8304  -52.463  -59.721  -13.640 0.2000000030
10540  -50.996  -55.465  -15.017 0.4000000060
10542  -52.921  -55.599  -15.271 0.1000000015
9314  -52.877  -57.250  -14.711 0.1000000015
11667  -52.071  -54.097  -15.355 0.1000000015
9315  -53.781  -57.121  -14.648 0.1000000015
8766  -53.973  -58.725  -14.612 0.1000000015
118910  -51.160  -51.441  -15.293 0.1000000015
11682  -52.055  -53.053  -15.460 0.1000000015
11121  -53.198  -54.089  -15.520 0.1000000015
10543  -53.852  -55.405  -15.277 0.1000000015
11684  -53.745  -53.597  -15.515 0.1000000015
8320  -54.250  -58.983  -14.781 0.1000000015
10473  -51.406  -55.949  -10.086 0.3000000119
9846  -50.661  -56.776  -10.021 0.2000000030
11068  -52.115  -54.696  -11.335 0.4000000060
10494  -51.625  -55.617  -10.919 0.2000000030
9868  -50.692  -56.378  -10.702 0.3000000119
9259  -50.523  -57.246  -9.728 0.2000000030
9845  -50.340  -56.940  -10.563 0.2000000030
9258  -50.238  -57.597  -10.298 0.2000000030
9231  -50.689  -57.235  -8.539 0.1000000015
9244  -50.505  -57.628  -9.313 0.2000000030
8710  -50.332  -58.208  -8.446 0.1000000015
9867  -49.847  -56.984  -11.135 0.3000000119
9221  -50.603  -57.292  -7.583 0.1000000015
8735  -49.592  -58.580  -10.531 0.2000000030
8245  -49.917  -58.938  -7.966 0.1000000015
8251  -49.894  -58.815  -8.484 0.1000000015
8250  -49.557  -59.454  -8.728 0.1000000015
8236  -49.070  -59.288  -7.079 0.1000000015
8244  -49.454  -59.710  -7.714 0.1000000015
7739  -48.597  -60.834  -7.449 0.1000000015
7740  -49.159  -60.466  -7.654 0.1000000015
9273  -49.706  -57.960  -11.090 0.2000000030
8734  -49.172  -59.058  -10.398 0.2000000030
8722  -50.028  -58.312  -9.546 0.2000000030
8721  -49.330  -58.937  -9.650 0.2000000030
7181  -49.169  -61.081  -7.871 0.1000000015
8235  -48.128  -59.911  -6.904 0.1000000015
10492  -49.317  -56.192  -11.302 0.2000000030
8284  -49.462  -59.059  -11.070 0.2000000030
8263  -49.089  -59.697  -9.589 0.2000000030
7749  -49.380  -60.522  -8.414 0.1000000015
118001  -47.504  -61.519  -7.630 0.1000000015
9272  -48.977  -57.796  -11.564 0.3000000119
8274  -49.096  -59.222  -10.808 0.3000000119
7212  -48.928  -60.773  -9.748 0.2000000030
117998  -48.745  -61.684  -7.974 0.1000000015
6691  -49.404  -61.920  -9.396 0.1000000015
117997  -48.451  -62.734  -8.082 0.1000000015
9866  -48.840  -56.891  -11.544 0.2000000030
10491  -48.444  -56.209  -11.245 0.2000000030
6692  -49.828  -62.439  -9.705 0.1000000015
7195  -50.419  -62.232  -8.800 0.1000000015
6710  -49.861  -62.737  -10.604 0.1000000015
118025  -48.728  -64.161  -7.123 0.1000000015
6165  -49.816  -62.758  -7.305 0.1000000015
118004  -50.072  -62.167  -7.964 0.1000000015
7196  -51.164  -62.132  -9.038 0.1000000015
7265  -49.426  -61.832  -12.194 0.3000000119
6176  -50.734  -63.221  -7.846 0.1000000015
8744  -49.272  -58.581  -11.328 0.3000000119
7194  -49.309  -61.437  -8.538 0.1000000015
8720  -48.821  -59.326  -10.123 0.2000000030
7764  -49.255  -60.237  -9.177 0.1000000015
7172  -51.453  -61.792  -7.711 0.1000000015
5169  -47.141  -63.235  -8.130 0.1000000015
6175  -50.564  -63.160  -6.952 0.1000000015
6726  -49.577  -62.357  -11.438 0.2000000030
6694  -51.084  -63.269  -10.073 0.1000000015
6206  -51.336  -63.920  -10.292 0.1000000015
6711  -51.456  -63.539  -11.372 0.2000000030
5748  -51.524  -64.447  -10.961 0.1000000015
6728  -50.616  -62.780  -11.913 0.2000000030
7236  -51.112  -63.279  -11.254 0.2000000030
6223  -51.731  -63.905  -11.445 0.2000000030
7252  -51.361  -62.832  -12.292 0.1000000015
6712  -51.792  -63.223  -12.247 0.2000000030
7253  -51.888  -62.719  -12.697 0.1000000015
6743  -49.829  -62.428  -12.068 0.2000000030
7267  -51.015  -62.220  -12.549 0.1000000015
6729  -51.925  -63.531  -12.136 0.1000000015
7790  -50.030  -61.154  -12.856 0.2000000030
7266  -50.201  -62.043  -12.670 0.2000000030
7268  -51.934  -61.949  -12.897 0.1000000015
7804  -51.208  -60.752  -13.320 0.2000000030
7793  -52.596  -61.104  -13.395 0.1000000015
7792  -51.752  -60.998  -13.210 0.1000000015
7803  -50.657  -60.601  -13.334 0.2000000030
7269  -52.778  -61.947  -13.368 0.1000000015
7234  -50.381  -62.995  -10.665 0.1000000015
7235  -50.766  -63.159  -10.850 0.1000000015
10495  -52.601  -55.185  -10.827 0.2000000030
118941  -55.608  -51.976  -9.840 0.1000000015
14665  -58.430  -47.797  -7.002 0.1000000015
14708  -58.471  -49.121  -8.476 0.1000000015
15420  -57.048  -46.270  -7.553 0.1000000015
14678  -58.140  -48.394  -7.985 0.1000000015
118707  -55.376  -46.818  -6.486 0.1000000015
14650  -58.583  -47.740  -6.234 0.1000000015
15410  -57.482  -47.030  -6.497 0.1000000015
14649  -58.169  -47.333  -6.402 0.1000000015
11069  -53.039  -54.457  -11.022 0.2000000030
13974  -58.098  -47.919  -7.749 0.1000000015
16165  -53.174  -46.755  -5.709 0.2000000030
14666  -58.665  -47.691  -6.268 0.1000000015
15421  -58.956  -47.414  -6.582 0.1000000015
16156  -56.370  -47.046  -5.332 0.1000000015
11054  -53.201  -55.200  -10.513 0.1000000015
10474  -52.800  -55.838  -10.268 0.1000000015
18344  -49.453  -43.783  -6.269 0.1000000015
18339  -49.069  -44.509  -5.960 0.1000000015
17569  -49.628  -45.056  -6.057 0.1000000015
16845  -48.916  -46.151  -5.117 0.1000000015
17575  -50.057  -44.295  -6.467 0.1000000015
17567  -47.692  -44.479  -5.908 0.1000000015
16843  -47.161  -44.948  -5.497 0.1000000015
16844  -47.773  -45.425  -5.304 0.1000000015
16837  -47.836  -46.024  -4.159 0.1000000015
18338  -48.585  -44.161  -5.968 0.1000000015
16150  -49.222  -46.407  -3.983 0.1000000015
18343  -48.582  -43.372  -6.273 0.1000000015
16823  -46.029  -45.218  -4.107 0.1000000015
17573  -47.034  -43.908  -6.232 0.1000000015
17566  -46.540  -44.396  -5.739 0.1000000015
16836  -46.771  -45.256  -4.811 0.1000000015
18342  -47.664  -43.497  -6.257 0.1000000015
19174  -49.057  -41.960  -5.839 0.1000000015
17560  -45.558  -44.651  -4.778 0.1000000015
17561  -46.227  -44.855  -5.026 0.1000000015
16835  -46.130  -45.009  -4.687 0.1000000015
18336  -46.028  -43.394  -6.010 0.1000000015
18341  -46.839  -43.409  -6.204 0.1000000015
19180  -48.424  -42.250  -6.232 0.1000000015
19175  -49.779  -42.105  -5.782 0.1000000015
21630  -56.368  -39.522  -2.770 0.1000000015
19179  -47.379  -42.430  -6.246 0.1000000015
22501  -55.796  -39.036  -3.653 0.1000000015
118740  -57.222  -40.380  -0.157 0.1000000015
22480  -56.308  -38.529  -2.706 0.1000000015
17565  -45.450  -43.977  -5.558 0.1000000015
17552  -45.293  -44.778  -3.550 0.1000000015
22500  -55.013  -38.495  -4.039 0.1000000015
16846  -50.040  -46.139  -5.739 0.1000000015
17568  -48.569  -45.052  -5.825 0.1000000015
16162  -49.974  -46.502  -4.806 0.1000000015
16838  -48.601  -46.286  -4.283 0.1000000015
14756  -47.360  -48.912  -13.965 0.1000000015
15516  -47.626  -48.196  -14.349 0.1000000015
15515  -46.806  -48.016  -13.920 0.1000000015
11620  -51.928  -53.788  -9.419 0.1000000015
11044  -51.620  -54.696  -9.345 0.1000000015
10458  -50.998  -55.535  -9.358 0.1000000015
12224  -52.194  -52.838  -9.519 0.1000000015
11043  -50.581  -54.665  -9.168 0.1000000015
11045  -52.668  -54.746  -9.538 0.1000000015
11621  -52.789  -53.736  -9.731 0.1000000015
12798  -51.583  -52.007  -9.365 0.1000000015
12225  -53.081  -52.704  -9.525 0.1000000015
12784  -51.909  -51.166  -8.995 0.1000000015
12799  -52.514  -51.960  -9.318 0.1000000015
118644  -52.739  -54.390  -2.139 0.1000000015
118661  -52.682  -53.095  -1.712 0.1000000015
12157  -51.348  -52.791  -4.142 0.1000000015
11562  -50.752  -53.796  -4.227 0.1000000015
12156  -50.329  -52.717  -4.066 0.1000000015
12735  -50.157  -51.495  -3.949 0.1000000015
10459  -52.444  -55.482  -9.673 0.1000000015
12728  -49.669  -51.973  -3.748 0.1000000015
13302  -50.050  -50.437  -4.222 0.1000000015
12783  -50.943  -51.419  -8.752 0.1000000015
13343  -51.290  -50.399  -8.232 0.1000000015
9828  -50.828  -56.314  -9.392 0.1000000015
12726  -48.039  -51.480  -3.647 0.1000000015
13934  -48.430  -49.642  -5.023 0.1000000015
13952  -48.858  -49.122  -6.164 0.1000000015
13342  -50.147  -50.742  -8.249 0.1000000015
13324  -51.128  -49.856  -7.765 0.1000000015
12785  -52.891  -51.264  -8.896 0.1000000015
9245  -50.725  -56.982  -9.280 0.1000000015
12145  -47.286  -52.181  -3.517 0.1000000015
13312  -47.235  -50.604  -5.511 0.1000000015
13968  -50.046  -49.469  -7.175 0.1000000015
13988  -51.398  -49.803  -7.848 0.1000000015
118620  -51.866  -53.876  -3.044 0.1000000015
12149  -51.653  -52.686  -3.908 0.1000000015
11622  -53.558  -53.428  -9.889 0.1000000015
11046  -53.412  -54.809  -9.728 0.1000000015
10460  -53.694  -55.559  -9.244 0.1000000015
12736  -51.096  -51.675  -4.426 0.1000000015
13945  -49.477  -49.192  -5.198 0.1000000015
14644  -49.816  -48.676  -6.175 0.1000000015
13954  -50.343  -48.891  -6.753 0.1000000015
13344  -52.334  -50.473  -8.523 0.1000000015
14633  -50.164  -48.688  -5.364 0.1000000015
13955  -50.946  -48.660  -6.788 0.1000000015
13969  -51.251  -49.194  -7.359 0.1000000015
13325  -52.805  -49.969  -7.954 0.1000000015
118645  -52.156  -52.932  -1.948 0.1000000015
118612  -53.890  -52.294  -1.247 0.1000000015
118641  -51.924  -52.352  -3.704 0.1000000015
11055  -53.523  -54.630  -10.112 0.1000000015
12226  -53.955  -52.426  -9.039 0.1000000015
10476  -53.988  -55.172  -9.704 0.1000000015
12158  -51.867  -52.217  -4.141 0.1000000015
13937  -50.603  -49.685  -4.572 0.1000000015
14622  -50.275  -49.166  -4.820 0.1000000015
13936  -49.767  -49.653  -4.658 0.1000000015
14623  -50.915  -48.866  -4.774 0.1000000015
14661  -52.025  -48.780  -7.109 0.1000000015
13970  -52.341  -49.302  -7.488 0.1000000015
14634  -51.188  -48.357  -5.515 0.1000000015
14646  -51.565  -48.505  -6.580 0.1000000015
118628  -52.005  -52.792  -2.175 0.1000000015
118635  -53.622  -52.150  -1.413 0.1000000015
118618  -53.099  -52.684  -1.177 0.1000000015
12209  -54.036  -52.160  -8.632 0.1000000015
11623  -54.573  -52.792  -9.553 0.1000000015
13294  -51.957  -52.295  -3.019 0.1000000015
12800  -53.365  -51.985  -9.076 0.1000000015
9829  -53.413  -56.000  -9.447 0.1000000015
118652  -52.322  -51.592  -4.259 0.1000000015
13971  -53.352  -49.234  -7.336 0.1000000015
13345  -53.157  -50.703  -8.406 0.1000000015
118649  -51.892  -51.633  -4.435 0.1000000015
14647  -52.625  -48.464  -6.622 0.1000000015
13304  -51.817  -50.640  -4.634 0.1000000015
13938  -51.591  -49.518  -4.612 0.1000000015
13947  -52.405  -48.801  -4.850 0.1000000015
13295  -53.855  -52.069  -2.089 0.1000000015
12786  -53.860  -51.638  -8.412 0.1000000015
14662  -53.669  -48.807  -7.209 0.1000000015
13327  -54.448  -50.414  -7.583 0.1000000015
13948  -52.887  -48.953  -4.889 0.1000000015
13305  -52.568  -50.690  -4.495 0.1000000015
13939  -52.585  -49.583  -4.603 0.1000000015
12762  -54.685  -51.213  -7.763 0.1000000015
12228  -55.481  -52.735  -8.646 0.1000000015
13328  -55.123  -50.466  -7.426 0.1000000015
118701  -54.516  -48.583  -6.759 0.1000000015
13958  -54.583  -49.100  -7.182 0.1000000015
13973  -54.877  -49.692  -7.237 0.1000000015
13306  -53.177  -51.009  -4.214 0.1000000015
14636  -53.153  -48.590  -5.578 0.1000000015
14637  -54.205  -48.347  -5.948 0.1000000015
13940  -53.371  -49.589  -4.492 0.1000000015
14626  -53.884  -48.638  -5.005 0.1000000015
12788  -55.462  -52.403  -8.272 0.1000000015
12212  -56.781  -52.741  -8.384 0.1000000015
13318  -55.731  -49.634  -6.907 0.1000000015
12748  -56.204  -50.363  -7.013 0.1000000015
118694  -55.264  -48.297  -6.081 0.1000000015
14627  -54.575  -48.367  -5.324 0.1000000015
12190  -57.219  -52.316  -7.749 0.1000000015
12749  -56.597  -50.676  -6.941 0.1000000015
118688  -56.624  -49.746  -6.776 0.1000000015
13941  -54.611  -49.106  -4.624 0.1000000015
13307  -54.020  -50.386  -3.406 0.1000000015
12751  -58.220  -51.047  -6.725 0.1000000015
12680  -51.306  -50.835  1.190 0.1000000015
12120  -51.315  -52.358  0.270 0.1000000015
12133  -52.004  -52.836  -0.132 0.1000000015
12134  -52.813  -52.175  0.294 0.1000000015
11555  -51.605  -53.534  -3.699 0.1000000015
13303  -50.899  -50.593  -4.513 0.1000000015
12727  -49.108  -51.528  -3.706 0.1000000015
13301  -49.036  -50.397  -4.046 0.1000000015
13291  -47.916  -50.652  -3.855 0.1000000015
13935  -48.932  -49.649  -4.816 0.1000000015
13944  -48.713  -49.263  -5.552 0.1000000015
13967  -49.473  -49.615  -7.021 0.1000000015
13322  -49.320  -50.114  -7.421 0.1000000015
13341  -48.974  -50.987  -8.324 0.1000000015
13326  -53.702  -50.387  -7.842 0.1000000015
14635  -52.142  -48.414  -5.637 0.1000000015
12787  -54.915  -51.973  -8.308 0.1000000015
12761  -54.136  -50.972  -7.823 0.1000000015
12763  -55.844  -51.307  -7.695 0.1000000015
118695  -55.099  -48.942  -6.941 0.1000000015
12188  -56.313  -52.139  -7.687 0.1000000015
12699  -52.255  -51.379  1.199 0.1000000015
3080  -44.604  -69.694  -12.285 0.1000000015
3071  -43.664  -69.696  -11.721 0.1000000015
3480  -46.705  -68.856  -15.863 0.1000000015
3473  -46.524  -69.019  -14.859 0.1000000015
3472  -46.015  -68.892  -14.375 0.1000000015
3443  -45.305  -69.894  -12.235 0.1000000015
3111  -46.885  -68.972  -16.266 0.1000000015
3499  -46.713  -68.573  -17.599 0.1000000015
3507  -46.587  -68.356  -18.266 0.1000000015
3442  -43.887  -68.511  -12.285 0.1000000015
2712  -43.266  -69.081  -11.408 0.1000000015
2700  -42.932  -69.521  -10.635 0.1000000015
3451  -44.456  -68.830  -12.531 0.1000000015
3853  -45.711  -68.693  -13.998 0.1000000015
3461  -45.604  -69.133  -12.902 0.1000000015
3452  -45.167  -69.315  -12.539 0.1000000015
3061  -43.099  -70.650  -10.412 0.1000000015
3875  -46.557  -67.839  -15.666 0.1000000015
3453  -45.770  -69.726  -12.467 0.1000000015
3462  -45.924  -69.371  -13.478 0.1000000015
3876  -46.652  -68.238  -16.314 0.1000000015
3891  -46.758  -67.785  -17.772 0.1000000015
3901  -46.799  -67.150  -18.759 0.1000000015
5744  -42.798  -64.240  -10.586 0.1000000015
4235  -41.588  -66.571  -9.568 0.1000000015
5220  -43.332  -64.979  -10.687 0.1000000015
117930  -42.941  -68.644  -10.738 0.1000000015
117938  -42.416  -69.116  -9.814 0.1000000015
117942  -41.874  -67.946  -9.748 0.1000000015
4236  -41.751  -67.085  -9.976 0.1000000015
117935  -42.192  -69.045  -8.611 0.1000000015
3450  -44.549  -67.552  -12.568 0.1000000015
117926  -42.218  -70.308  -8.978 0.1000000015
3865  -45.544  -68.188  -14.080 0.1000000015
3851  -45.104  -68.271  -13.324 0.1000000015
3884  -46.769  -67.984  -16.933 0.1000000015
5221  -44.658  -64.690  -10.482 0.1000000015
4719  -42.647  -65.843  -10.421 0.1000000015
5745  -43.898  -64.073  -10.765 0.1000000015
117943  -43.086  -67.889  -10.650 0.1000000015
117951  -43.726  -66.979  -10.824 0.1000000015
117945  -42.911  -67.496  -10.493 0.1000000015
117937  -43.238  -68.040  -10.919 0.1000000015
2711  -43.688  -67.854  -11.560 0.1000000015
4290  -46.117  -67.495  -14.640 0.1000000015
4291  -46.423  -67.051  -15.007 0.1000000015
4313  -46.753  -67.021  -16.349 0.1000000015
4323  -46.781  -66.967  -17.006 0.1000000015
4254  -44.913  -67.310  -13.227 0.1000000015
5219  -42.253  -65.152  -10.279 0.1000000015
117950  -42.728  -66.709  -10.371 0.1000000015
4759  -45.710  -66.997  -14.226 0.1000000015
4703  -41.580  -65.914  -9.594 0.1000000015
5730  -41.558  -64.743  -9.316 0.1000000015
5277  -46.576  -64.959  -13.386 0.1000000015
5258  -47.005  -65.102  -12.458 0.1000000015
4743  -48.561  -65.217  -12.684 0.1000000015
117953  -44.238  -66.211  -10.670 0.1000000015
117944  -43.756  -67.237  -11.072 0.1000000015
117952  -44.478  -66.783  -11.164 0.1000000015
5235  -45.626  -65.786  -11.746 0.1000000015
117977  -45.829  -65.970  -11.019 0.1000000015
5257  -45.891  -65.339  -12.942 0.1000000015
5236  -46.926  -65.354  -11.724 0.1000000015
117962  -45.173  -66.406  -10.940 0.1000000015
117961  -45.003  -66.333  -10.738 0.1000000015
5223  -47.062  -65.831  -10.559 0.1000000015
117979  -45.096  -66.461  -11.177 0.1000000015
5278  -47.488  -64.767  -13.425 0.1000000015
4732  -47.092  -65.523  -11.253 0.1000000015
3072  -44.936  -70.393  -11.890 0.1000000015
3081  -45.009  -69.879  -12.292 0.1000000015
3444  -45.479  -70.055  -12.041 0.1000000015
3481  -46.794  -68.608  -16.528 0.1000000015
3834  -44.695  -67.908  -13.031 0.1000000015
3841  -44.618  -68.216  -12.818 0.1000000015
3842  -44.989  -68.488  -12.966 0.1000000015
3843  -45.356  -68.844  -12.897 0.1000000015
3852  -45.416  -68.544  -13.444 0.1000000015
3866  -45.902  -68.194  -14.425 0.1000000015
3867  -46.358  -68.091  -14.802 0.1000000015
3883  -46.661  -67.751  -16.446 0.1000000015
4247  -41.986  -66.473  -10.244 0.1000000015
4261  -44.895  -67.949  -13.339 0.1000000015
4262  -45.133  -67.549  -13.533 0.1000000015
4272  -45.130  -68.031  -13.559 0.1000000015
4273  -45.378  -67.681  -13.877 0.1000000015
4289  -45.739  -67.634  -14.351 0.1000000015
4314  -46.743  -67.461  -16.843 0.1000000015
4689  -41.448  -66.048  -8.944 0.1000000015
4718  -41.838  -65.925  -10.110 0.1000000015
4741  -45.457  -66.811  -13.619 0.1000000015
4762  -48.372  -64.881  -13.838 0.1000000015
4763  -49.029  -65.607  -13.393 0.1000000015
5201  -41.553  -65.438  -9.391 0.1000000015
5202  -41.794  -65.059  -9.779 0.1000000015
5218  -41.765  -65.511  -9.852 0.1000000015
6645  -50.826  -62.372  -7.244 0.1000000015
6658  -51.055  -62.726  -7.418 0.1000000015
6659  -51.240  -62.664  -8.109 0.1000000015
6673  -49.783  -62.268  -9.087 0.1000000015
6727  -50.164  -62.777  -11.490 0.1000000015
6742  -49.583  -62.263  -11.932 0.3000000119
6744  -50.366  -62.536  -12.201 0.2000000030
6801  -52.308  -61.920  -17.125 0.1000000015
6803  -52.913  -61.809  -15.690 0.1000000015
6816  -52.280  -62.102  -17.791 0.1000000015
6817  -52.367  -62.500  -18.072 0.1000000015
7182  -50.678  -61.915  -7.663 0.1000000015
7183  -51.336  -62.213  -7.594 0.1000000015
7184  -51.525  -62.081  -8.188 0.1000000015
7214  -50.249  -62.708  -9.917 0.1000000015
7216  -50.911  -63.125  -10.266 0.1000000015
7237  -51.509  -63.188  -12.006 0.2000000030
7250  -50.590  -62.985  -11.344 0.2000000030
7251  -50.906  -62.987  -11.752 0.2000000030
7322  -52.612  -61.294  -16.268 0.1000000015
7732  -51.376  -61.566  -7.623 0.1000000015
7741  -51.147  -61.568  -7.800 0.1000000015
7742  -51.447  -61.656  -7.976 0.1000000015
7750  -50.828  -61.688  -8.124 0.1000000015
7751  -51.122  -61.753  -8.359 0.1000000015
7752  -51.392  -61.901  -8.444 0.1000000015
7763  -48.873  -60.402  -9.774 0.2000000030
7791  -50.831  -61.313  -13.020 0.2000000030
7844  -52.471  -60.985  -16.945 0.1000000015
7856  -52.257  -60.725  -17.800 0.1000000015
8243  -48.851  -60.030  -7.355 0.1000000015
8262  -48.664  -59.851  -10.098 0.2000000030
8275  -49.404  -59.049  -10.703 0.2000000030
8318  -49.346  -58.857  -14.122 0.4000000060
8346  -53.999  -58.263  -15.247 0.1000000015
8388  -52.076  -60.371  -20.418 0.1000000015
8709  -49.839  -58.741  -8.957 0.1000000015
8733  -48.888  -59.287  -10.523 0.3000000119
8742  -47.872  -58.990  -11.805 0.3000000119
8750  -47.655  -57.990  -12.678 0.4000000060
8762  -50.345  -59.377  -14.189 0.3000000119
8768  -55.199  -57.734  -14.862 0.1000000015
8794  -55.138  -57.030  -15.303 0.1000000015
8818  -52.810  -58.561  -18.226 0.1000000015
8819  -53.177  -58.217  -17.550 0.1000000015
8853  -53.345  -57.808  -20.102 0.1000000015
8854  -53.433  -57.992  -19.977 0.1000000015
9233  -54.017  -56.098  -8.946 0.1000000015
9234  -55.010  -56.124  -8.801 0.1000000015
9235  -55.231  -56.237  -8.827 0.1000000015
9246  -54.820  -55.640  -9.028 0.1000000015
9247  -54.986  -56.118  -9.217 0.1000000015
9248  -55.338  -56.293  -8.990 0.1000000015
9260  -55.027  -55.659  -9.081 0.1000000015
9261  -55.156  -55.905  -8.838 0.1000000015
9262  -55.333  -56.129  -9.211 0.1000000015
9282  -47.885  -57.811  -11.944 0.4000000060
9283  -48.293  -57.985  -11.791 0.3000000119
9297  -55.128  -57.450  -14.841 0.1000000015
9298  -55.541  -57.369  -14.983 0.1000000015
9328  -54.707  -57.465  -15.950 0.1000000015
9361  -54.845  -56.290  -17.226 0.1000000015
9362  -54.989  -56.086  -16.999 0.1000000015
9374  -53.860  -57.222  -18.642 0.1000000015
9387  -54.086  -56.844  -19.060 0.1000000015
9821  -53.999  -55.740  -8.849 0.1000000015
9822  -54.515  -55.986  -8.580 0.1000000015
9823  -54.957  -55.829  -8.657 0.1000000015
9830  -54.083  -55.659  -9.060 0.1000000015
9831  -55.236  -55.560  -8.905 0.1000000015
9832  -55.260  -56.018  -8.763 0.1000000015
9847  -53.453  -56.215  -9.995 0.1000000015
9848  -54.129  -55.546  -9.336 0.1000000015
9849  -54.883  -55.474  -9.128 0.1000000015
9850  -55.512  -55.878  -9.063 0.1000000015
9864  -47.733  -56.631  -11.705 0.4000000060
9953  -55.468  -55.889  -16.774 0.1000000015
9967  -55.016  -56.010  -17.559 0.1000000015
9983  -54.596  -56.249  -18.551 0.1000000015
9984  -54.922  -56.070  -18.083 0.1000000015
9994  -52.984  -56.380  -19.580 0.1000000015
9996  -54.738  -55.893  -18.894 0.1000000015
10453  -53.769  -55.773  -8.692 0.1000000015
10454  -53.991  -55.621  -8.493 0.1000000015
10455  -54.480  -55.874  -7.992 0.1000000015
10461  -53.885  -55.527  -8.993 0.1000000015
10462  -55.146  -56.043  -7.867 0.1000000015
10475  -53.865  -55.658  -10.263 0.1000000015
10524  -56.942  -53.880  -14.846 0.1000000015
10561  -54.100  -54.938  -15.341 0.1000000015
10595  -55.741  -55.543  -17.222 0.1000000015
10612  -55.627  -55.534  -18.178 0.1000000015
10625  -55.776  -55.229  -19.077 0.1000000015
10635  -54.644  -55.276  -19.749 0.1000000015
11047  -53.878  -54.974  -9.753 0.1000000015
11050  -47.760  -55.286  -11.129 0.5000000000
11056  -53.981  -54.918  -9.971 0.1000000015
11078  -56.435  -53.209  -14.197 0.1000000015
11079  -56.657  -52.938  -14.167 0.1000000015
11123  -54.450  -54.677  -15.208 0.1000000015
11125  -57.677  -53.537  -15.013 0.1000000015
11171  -56.072  -55.167  -18.630 0.1000000015
11184  -56.036  -54.951  -19.018 0.1000000015
11185  -55.990  -54.608  -18.827 0.1000000015
11196  -55.746  -54.568  -19.275 0.1000000015
11197  -55.840  -54.429  -18.994 0.1000000015
11660  -59.156  -52.141  -13.954 0.1000000015
11668  -55.084  -53.975  -14.811 0.2000000030
11671  -59.050  -52.447  -14.152 0.1000000015
11687  -57.282  -53.237  -15.510 0.1000000015
11688  -57.973  -53.128  -15.275 0.1000000015
11704  -56.368  -52.837  -16.973 0.1000000015
11743  -55.846  -53.333  -18.178 0.1000000015
11744  -56.031  -54.264  -18.281 0.1000000015
11755  -55.566  -53.455  -18.696 0.1000000015
11756  -55.722  -53.950  -18.678 0.1000000015
11767  -54.860  -53.743  -19.757 0.1000000015
11768  -55.412  -53.797  -19.155 0.1000000015
11769  -55.743  -54.214  -18.920 0.1000000015
11770  -55.939  -54.239  -18.938 0.1000000015
12121  -51.905  -52.180  0.675 0.1000000015
12189  -56.627  -52.403  -7.840 0.1000000015
12210  -54.357  -52.150  -8.659 0.1000000015
12211  -56.049  -52.792  -8.266 0.1000000015
12243  -52.697  -53.194  -11.383 0.4000000060
12256  -46.637  -51.223  -11.932 0.5000000000
12279  -58.947  -52.202  -14.869 0.1000000015
12294  -58.509  -52.169  -15.210 0.1000000015
12308  -56.389  -52.268  -16.957 0.1000000015
12342  -55.626  -53.098  -18.536 0.1000000015
12354  -55.426  -52.867  -18.890 0.1000000015
12355  -55.912  -52.144  -18.865 0.1000000015
12362  -55.149  -53.147  -19.555 0.1000000015
12698  -51.169  -51.559  0.942 0.1000000015
12734  -49.636  -50.922  -3.846 0.1000000015
12764  -56.833  -51.579  -7.287 0.1000000015
12801  -53.698  -52.073  -8.812 0.1000000015
12802  -55.287  -52.423  -8.546 0.1000000015
12803  -55.435  -52.610  -8.472 0.1000000015
12808  -46.748  -51.136  -11.665 0.5000000000
12861  -58.774  -51.633  -15.293 0.1000000015
12873  -56.517  -51.555  -16.908 0.1000000015
12903  -54.882  -51.403  -18.722 0.1000000015
12905  -56.051  -51.563  -18.631 0.1000000015
12916  -55.724  -51.955  -18.953 0.1000000015
13292  -48.537  -50.966  -3.683 0.1000000015
13300  -48.238  -50.049  -4.540 0.1000000015
13317  -49.114  -49.660  -6.895 0.1000000015
13323  -50.548  -49.998  -7.651 0.1000000015
13373  -46.695  -50.638  -11.677 0.5000000000
13386  -46.587  -50.489  -12.060 0.4000000060
13422  -59.623  -49.868  -14.118 0.1000000015
13452  -59.592  -50.328  -15.712 0.1000000015
13453  -60.083  -50.124  -15.303 0.1000000015
13946  -49.937  -49.175  -5.022 0.1000000015
13953  -49.402  -49.245  -6.596 0.1000000015
13956  -52.691  -48.835  -7.192 0.1000000015
13957  -53.083  -48.639  -7.114 0.1000000015
13972  -54.179  -49.619  -7.435 0.1000000015
13975  -58.137  -48.129  -7.617 0.1000000015
13989  -51.896  -49.757  -8.028 0.1000000015
13990  -58.004  -48.133  -8.049 0.1000000015
13991  -58.055  -48.206  -7.834 0.1000000015
14082  -60.173  -49.238  -14.079 0.1000000015
14095  -60.123  -49.094  -14.765 0.1000000015
14106  -59.336  -49.280  -16.156 0.1000000015
14122  -57.459  -49.621  -16.669 0.1000000015
14132  -53.257  -50.021  -18.381 0.1000000015
14624  -51.682  -48.622  -4.900 0.1000000015
14625  -53.204  -49.015  -4.843 0.1000000015
14631  -48.959  -48.890  -5.912 0.1000000015
14632  -49.354  -48.820  -5.711 0.1000000015
14643  -49.238  -48.857  -6.145 0.1000000015
14645  -50.638  -48.404  -6.241 0.1000000015
14648  -53.608  -48.445  -6.851 0.1000000015
14660  -51.614  -48.763  -7.061 0.1000000015
14663  -54.018  -48.906  -7.219 0.1000000015
14679  -58.266  -48.527  -7.328 0.1000000015
14705  -56.689  -47.569  -9.481 0.3000000119
14761  -59.961  -48.424  -13.815 0.1000000015
14762  -59.725  -48.007  -14.490 0.1000000015
14794  -60.113  -47.707  -15.754 0.1000000015
14801  -58.983  -49.057  -16.315 0.1000000015
14803  -60.504  -47.719  -15.912 0.1000000015
14819  -59.885  -48.067  -16.373 0.1000000015
15411  -59.578  -47.340  -6.317 0.1000000015
15412  -59.916  -46.769  -6.118 0.1000000015
15422  -59.768  -47.424  -6.457 0.1000000015
15442  -60.026  -46.910  -7.131 0.1000000015
15443  -60.111  -47.195  -6.731 0.1000000015
15466  -56.337  -47.199  -9.456 0.3000000119
15467  -56.862  -47.062  -9.425 0.3000000119
15503  -58.713  -48.541  -13.667 0.1000000015
15504  -59.140  -48.245  -13.508 0.1000000015
15505  -59.568  -48.068  -13.637 0.1000000015
15522  -58.565  -48.108  -13.971 0.1000000015
15525  -60.050  -47.170  -14.960 0.1000000015
15547  -58.697  -47.552  -14.517 0.1000000015
15556  -60.768  -47.416  -15.594 0.1000000015
15562  -61.053  -47.515  -16.111 0.1000000015
15578  -59.917  -47.664  -16.982 0.1000000015
15579  -60.594  -47.486  -16.567 0.1000000015
16161  -49.494  -46.445  -4.484 0.1000000015
16182  -60.061  -46.951  -6.510 0.1000000015
16202  -60.416  -46.899  -6.989 0.1000000015
16203  -60.684  -47.337  -7.128 0.1000000015
16216  -53.752  -47.041  -9.155 0.4000000060
16268  -59.673  -47.404  -14.441 0.1000000015
16270  -60.371  -47.027  -14.907 0.1000000015
16290  -58.773  -47.110  -15.137 0.1000000015
16292  -59.912  -46.661  -14.112 0.1000000015
16293  -61.089  -47.078  -15.142 0.1000000015
16294  -61.040  -46.465  -15.517 0.1000000015
16300  -61.251  -46.975  -15.761 0.1000000015
16307  -61.094  -46.932  -16.357 0.1000000015
16308  -61.019  -46.363  -16.497 0.1000000015
16321  -60.696  -46.441  -16.637 0.1000000015
16856  -53.604  -45.596  -7.448 0.3000000119
16861  -45.473  -44.700  -7.739 0.3000000119
16866  -56.995  -45.529  -8.809 0.2000000030
16886  -60.965  -46.328  -7.106 0.1000000015
16887  -61.036  -46.852  -7.266 0.1000000015
16896  -43.411  -45.154  -9.575 0.2000000030
16911  -43.374  -45.164  -9.811 0.2000000030
16916  -43.927  -45.536  -10.886 0.2000000030
16943  -60.282  -46.338  -14.013 0.1000000015
16945  -61.232  -45.634  -14.054 0.1000000015
16967  -58.754  -46.366  -15.388 0.1000000015
16968  -59.724  -46.923  -14.895 0.1000000015
16969  -59.985  -46.513  -14.335 0.1000000015
16970  -61.031  -46.276  -14.929 0.1000000015
16971  -61.006  -45.859  -14.746 0.1000000015
16979  -60.965  -46.139  -15.785 0.1000000015
16988  -59.324  -46.191  -16.225 0.1000000015
16989  -59.887  -46.463  -16.349 0.1000000015
17001  -60.118  -46.616  -16.672 0.1000000015
17002  -60.477  -46.521  -16.679 0.1000000015
17574  -47.224  -44.131  -6.136 0.1000000015
17580  -45.558  -44.205  -7.536 0.3000000119
17584  -52.355  -44.178  -7.354 0.3000000119
17593  -45.174  -44.524  -7.879 0.2000000030
17608  -43.804  -44.655  -8.868 0.2000000030
17628  -43.316  -44.465  -10.664 0.1000000015
17639  -44.785  -44.331  -12.824 0.1000000015
17650  -60.626  -46.050  -13.813 0.1000000015
17651  -60.815  -45.595  -13.919 0.1000000015
17652  -61.096  -45.279  -14.256 0.1000000015
17671  -59.920  -46.057  -14.170 0.1000000015
17672  -60.725  -45.581  -14.446 0.1000000015
17673  -60.994  -45.466  -14.637 0.1000000015
17683  -59.660  -46.510  -15.504 0.1000000015
17685  -60.978  -46.028  -14.981 0.1000000015
17699  -56.878  -44.244  -17.182 0.1000000015
17702  -58.924  -45.202  -16.062 0.1000000015
17704  -60.034  -46.345  -15.906 0.1000000015
17705  -60.361  -46.003  -15.773 0.1000000015
17750  -50.463  -44.147  -19.776 0.1000000015
17762  -50.388  -43.978  -20.227 0.1000000015
18300  -52.074  -43.285  -1.917 0.1000000015
18302  -53.684  -43.502  -1.844 0.1000000015
18303  -54.142  -43.535  -2.038 0.1000000015
18311  -51.711  -43.410  -2.599 0.1000000015
18313  -53.268  -43.512  -2.309 0.1000000015
18322  -51.649  -43.238  -3.172 0.1000000015
18323  -52.258  -43.401  -3.120 0.1000000015
18324  -53.016  -43.321  -2.817 0.1000000015
18325  -53.473  -43.370  -2.630 0.1000000015
18337  -48.132  -43.883  -6.114 0.1000000015
18348  -53.127  -42.325  -7.093 0.3000000119
18350  -44.517  -43.091  -7.861 0.2000000030
18364  -47.345  -43.421  -7.760 0.4000000060
18381  -43.338  -44.082  -9.089 0.1000000015
18436  -58.564  -44.416  -15.282 0.1000000015
18450  -55.008  -43.245  -15.598 0.1000000015
18454  -58.419  -44.180  -15.651 0.1000000015
18488  -57.531  -43.975  -17.682 0.1000000015
18489  -58.193  -43.941  -17.280 0.1000000015
18516  -48.414  -42.999  -19.686 0.1000000015
18556  -54.343  -43.173  -21.800 0.1000000015
18576  -54.110  -43.123  -21.998 0.1000000015
18604  -56.604  -43.596  -26.412 0.1000000015
18606  -57.437  -43.809  -24.823 0.1000000015
19130  -51.864  -43.061  -1.684 0.1000000015
19131  -52.399  -42.815  -1.344 0.1000000015
19143  -54.275  -43.196  -2.396 0.1000000015
19155  -52.780  -42.966  -3.394 0.1000000015
19166  -52.497  -42.364  -3.781 0.1000000015
19178  -46.564  -42.745  -6.081 0.1000000015
19187  -44.418  -42.867  -7.947 0.2000000030
19188  -44.679  -42.692  -7.728 0.2000000030
19195  -43.653  -42.759  -8.644 0.1000000015
19215  -43.798  -43.218  -8.645 0.1000000015
19348  -50.934  -43.124  -21.828 0.1000000015
19349  -53.490  -43.250  -22.084 0.1000000015
19392  -55.296  -42.703  -24.290 0.1000000015
19394  -57.471  -42.925  -24.389 0.1000000015
19395  -57.512  -43.300  -24.202 0.1000000015
19405  -57.615  -43.307  -24.658 0.1000000015
19411  -55.392  -42.591  -26.197 0.1000000015
19414  -57.593  -43.352  -25.284 0.1000000015
19997  -51.814  -42.346  -1.593 0.1000000015
20015  -50.695  -42.074  -3.429 0.1000000015
20064  -56.754  -41.088  -7.807 0.3000000119
20839  -50.442  -42.033  -3.581 0.1000000015
20840  -50.650  -41.844  -3.697 0.1000000015
20858  -50.630  -41.691  -3.897 0.1000000015
20881  -44.137  -40.947  -8.074 0.1000000015
20882  -44.488  -41.147  -7.872 0.1000000015
20889  -54.452  -40.233  -9.211 0.3000000119
20890  -57.131  -40.440  -9.415 0.3000000119
20902  -55.927  -40.087  -10.111 0.3000000119
20937  -42.453  -39.376  -11.499 0.1000000015
21664  -56.756  -40.567  -5.829 0.2000000030
21666  -53.798  -39.362  -6.954 0.2000000030
21672  -43.809  -40.110  -8.140 0.1000000015
21673  -44.182  -40.269  -7.969 0.1000000015
21696  -55.937  -39.652  -9.312 0.3000000119
21697  -56.904  -39.999  -10.053 0.3000000119
21704  -42.732  -39.882  -9.760 0.1000000015
21707  -56.276  -39.953  -10.130 0.3000000119
21708  -56.579  -40.034  -10.107 0.3000000119
21739  -42.462  -39.068  -10.936 0.1000000015
21753  -42.359  -38.858  -11.452 0.1000000015
22516  -53.864  -39.117  -5.763 0.1000000015
22550  -43.239  -39.273  -9.183 0.1000000015
23305  -52.092  -37.314  -4.939 0.1000000015
23330  -45.696  -36.778  -6.852 0.1000000015
23335  -50.430  -37.669  -5.830 0.1000000015
23345  -43.109  -38.610  -9.161 0.1000000015
23347  -43.641  -37.634  -8.276 0.1000000015
24097  -53.032  -36.596  -4.779 0.1000000015
24119  -53.077  -36.352  -4.766 0.1000000015
24167  -42.155  -37.017  -10.560 0.1000000015
24915  -52.988  -35.531  -4.722 0.1000000015
24981  -43.825  -35.933  -7.766 0.1000000015
117936  -42.808  -68.438  -10.581 0.1000000015
117971  -45.380  -66.296  -10.928 0.1000000015
117978  -45.561  -66.178  -10.962 0.1000000015
118018  -51.183  -61.834  -7.530 0.1000000015
118038  -51.145  -61.583  -7.531 0.1000000015
118625  -52.680  -52.922  -0.892 0.1000000015
118697  -57.984  -47.721  -5.284 0.1000000015
118698  -55.300  -46.419  -7.322 0.2000000030
118709  -55.985  -41.389  -6.227 0.3000000119
118710  -56.152  -41.344  -6.469 0.3000000119
118712  -57.019  -45.666  -8.430 0.2000000030
118718  -56.094  -41.372  -6.004 0.3000000119
118719  -56.458  -41.279  -6.211 0.3000000119
118721  -56.736  -45.470  -8.863 0.2000000030
118726  -56.421  -41.258  -6.654 0.3000000119
118727  -56.660  -41.099  -6.700 0.3000000119
118730  -55.409  -46.523  -9.244 0.3000000119
118745  -56.799  -40.593  -6.006 0.2000000030
118746  -56.441  -46.331  -9.364 0.3000000119
118758  -56.885  -41.062  -6.014 0.2000000030
118765  -56.169  -46.926  -9.425 0.3000000119
118766  -56.166  -46.681  -9.402 0.3000000119
118771  -54.243  -41.118  -9.539 0.3000000119
118781  -56.219  -41.327  -7.292 0.3000000119
118786  -55.939  -40.112  -9.027 0.3000000119
118787  -56.881  -41.190  -8.707 0.3000000119
118788  -55.708  -40.032  -9.932 0.3000000119
118789  -56.735  -40.033  -9.495 0.3000000119
118790  -56.315  -39.974  -9.791 0.3000000119
118791  -56.165  -40.005  -10.133 0.3000000119
118792  -56.428  -40.394  -10.103 0.3000000119
118914  -51.469  -52.039  -15.413 0.2000000030
118938  -55.678  -53.190  -14.172 0.1000000015
118953  -59.108  -51.473  -13.890 0.1000000015
118954  -51.236  -51.955  -15.388 0.1000000015
118955  -58.862  -49.279  -13.937 0.1000000015
118964  -53.212  -50.686  -10.512 0.3000000119
119333  -54.753  -44.187  -19.721 0.1000000015
119342  -54.997  -43.072  -22.510 0.1000000015
