#!ascii label  , from subject sub-NDARAG610XL4 vox2ras=TkReg
371
9881  -47.526  -56.632  -12.119 0.0000000000
118928  -54.901  -50.161  -14.827 0.0000000000
12817  -46.642  -50.931  -11.920 0.0000000000
11102  -50.816  -54.554  -14.993 0.0000000000
14758  -48.677  -48.804  -14.495 0.0000000000
118923  -51.647  -52.405  -11.020 0.0000000000
15435  -48.889  -47.063  -8.643 0.0000000000
18383  -52.911  -42.725  -9.058 0.0000000000
14720  -45.728  -48.298  -10.733 0.0000000000
13400  -47.271  -50.470  -13.250 0.0000000000
16249  -45.371  -46.805  -12.440 0.0000000000
14007  -50.173  -49.452  -9.690 0.0000000000
15461  -51.354  -47.814  -9.243 0.0000000000
21693  -53.263  -39.739  -8.363 0.0000000000
20072  -50.571  -41.401  -8.740 0.0000000000
8300  -48.686  -59.131  -13.661 0.0000000000
118919  -52.494  -52.557  -15.462 0.0000000000
9918  -53.354  -56.374  -15.042 0.0000000000
11669  -55.469  -53.796  -14.528 0.0000000000
118894  -47.212  -53.809  -11.659 0.0000000000
9894  -48.198  -56.391  -14.073 0.0000000000
118903  -49.339  -51.850  -14.957 0.0000000000
13420  -51.565  -50.139  -15.455 0.0000000000
118907  -48.963  -51.801  -10.518 0.0000000000
14722  -47.307  -49.029  -9.879 0.0000000000
16193  -46.535  -46.317  -8.141 0.0000000000
16885  -53.236  -45.398  -8.546 0.0000000000
16883  -50.998  -45.285  -8.350 0.0000000000
17595  -48.231  -44.337  -7.963 0.0000000000
19189  -45.536  -42.671  -7.470 0.0000000000
8779  -51.397  -58.326  -14.436 0.0000000000
16267  -53.337  -45.560  -14.123 0.0000000000
15520  -56.237  -48.347  -13.890 0.0000000000
14784  -59.987  -48.517  -14.497 0.0000000000
15484  -44.522  -46.873  -10.479 0.0000000000
15493  -45.269  -47.759  -11.483 0.0000000000
8759  -47.661  -58.185  -12.858 0.0000000000
118927  -54.239  -51.666  -15.254 0.0000000000
12292  -54.604  -52.854  -15.304 0.0000000000
118933  -55.704  -52.020  -14.545 0.0000000000
11077  -56.296  -53.050  -13.880 0.0000000000
118895  -47.013  -52.685  -11.617 0.0000000000
118896  -46.796  -52.072  -12.643 0.0000000000
14057  -48.043  -49.492  -14.017 0.0000000000
12845  -48.322  -50.828  -14.194 0.0000000000
13418  -49.464  -50.222  -14.929 0.0000000000
13419  -50.411  -50.254  -15.369 0.0000000000
14078  -49.698  -49.285  -15.294 0.0000000000
118906  -48.583  -53.032  -10.431 0.0000000000
118912  -50.252  -52.038  -10.518 0.0000000000
14698  -49.730  -48.631  -9.424 0.0000000000
14006  -49.087  -49.441  -9.631 0.0000000000
15458  -48.337  -47.776  -9.065 0.0000000000
14695  -46.870  -48.343  -9.640 0.0000000000
15434  -47.915  -47.141  -8.466 0.0000000000
17599  -52.662  -44.319  -8.665 0.0000000000
16884  -52.086  -45.307  -8.556 0.0000000000
18369  -52.169  -43.200  -8.577 0.0000000000
20883  -49.055  -40.884  -8.196 0.0000000000
19200  -49.206  -42.478  -8.416 0.0000000000
20069  -47.855  -41.957  -7.918 0.0000000000
18353  -46.752  -43.640  -7.558 0.0000000000
9914  -49.172  -55.750  -14.481 0.0000000000
9311  -49.710  -57.494  -14.549 0.0000000000
9916  -51.363  -56.465  -15.001 0.0000000000
8781  -53.367  -58.020  -14.534 0.0000000000
17664  -53.892  -44.177  -14.106 0.0000000000
15543  -54.876  -47.251  -14.486 0.0000000000
15548  -59.204  -47.530  -14.503 0.0000000000
14027  -46.177  -49.443  -11.778 0.0000000000
13387  -46.820  -50.489  -12.653 0.0000000000
14740  -46.103  -49.223  -12.187 0.0000000000
15502  -46.444  -48.276  -13.171 0.0000000000
15515  -46.806  -48.016  -13.920 0.0000000000
13366  -50.095  -50.980  -10.380 0.0000000000
14699  -50.783  -48.649  -9.504 0.0000000000
15460  -50.330  -47.862  -9.097 0.0000000000
20899  -53.433  -40.726  -9.075 0.0000000000
19202  -51.309  -42.274  -8.664 0.0000000000
20886  -51.967  -40.410  -8.694 0.0000000000
21690  -50.503  -39.884  -8.207 0.0000000000
21678  -49.688  -39.566  -7.626 0.0000000000
11666  -51.366  -53.540  -15.307 0.0000000000
10541  -51.989  -55.558  -15.202 0.0000000000
11121  -53.198  -54.089  -15.520 0.0000000000
10562  -54.308  -55.076  -15.251 0.0000000000
10545  -55.597  -55.303  -14.923 0.0000000000
11091  -56.344  -53.615  -14.355 0.0000000000
11093  -57.376  -52.737  -14.108 0.0000000000
12280  -59.113  -51.899  -14.495 0.0000000000
11066  -47.328  -54.975  -11.631 0.0000000000
9893  -47.455  -56.718  -13.083 0.0000000000
10522  -48.330  -55.066  -14.302 0.0000000000
118892  -48.694  -53.876  -14.544 0.0000000000
12831  -47.626  -51.306  -13.614 0.0000000000
118900  -48.373  -52.062  -14.431 0.0000000000
118904  -50.369  -52.986  -15.213 0.0000000000
118909  -51.074  -52.383  -15.369 0.0000000000
118959  -52.480  -51.524  -15.410 0.0000000000
118921  -53.502  -50.653  -15.234 0.0000000000
11628  -47.650  -54.433  -11.010 0.0000000000
118901  -47.559  -53.363  -10.936 0.0000000000
12809  -47.100  -51.580  -11.338 0.0000000000
13357  -49.592  -50.183  -9.803 0.0000000000
13365  -48.690  -50.581  -10.121 0.0000000000
14029  -47.153  -50.364  -10.989 0.0000000000
14721  -46.506  -48.979  -10.458 0.0000000000
15455  -45.457  -47.411  -9.371 0.0000000000
16191  -44.918  -45.931  -8.554 0.0000000000
15439  -52.948  -47.126  -8.833 0.0000000000
16198  -51.493  -46.218  -8.569 0.0000000000
16197  -50.447  -46.213  -8.453 0.0000000000
18368  -50.926  -43.300  -8.404 0.0000000000
17596  -49.348  -44.358  -8.322 0.0000000000
16881  -48.946  -45.328  -7.971 0.0000000000
16864  -47.347  -44.994  -7.688 0.0000000000
16862  -45.925  -44.833  -7.617 0.0000000000
8761  -48.537  -58.266  -13.896 0.0000000000
8778  -50.173  -58.644  -14.539 0.0000000000
9313  -51.882  -57.359  -14.735 0.0000000000
8780  -52.423  -58.132  -14.361 0.0000000000
14778  -50.058  -48.197  -15.439 0.0000000000
14080  -51.933  -49.005  -15.629 0.0000000000
118934  -53.724  -48.678  -15.320 0.0000000000
15518  -54.958  -47.968  -14.262 0.0000000000
14783  -55.518  -49.046  -14.250 0.0000000000
118946  -56.748  -49.822  -13.932 0.0000000000
118960  -58.618  -50.338  -14.077 0.0000000000
16897  -43.698  -45.413  -9.454 0.0000000000
16234  -44.045  -46.165  -10.152 0.0000000000
8751  -47.726  -58.483  -12.341 0.0000000000
9281  -47.606  -57.519  -12.426 0.0000000000
12241  -46.694  -51.661  -11.886 0.0000000000
12818  -46.706  -51.157  -12.294 0.0000000000
14058  -48.497  -49.180  -14.306 0.0000000000
14076  -48.519  -49.645  -14.299 0.0000000000
14077  -48.971  -49.377  -14.620 0.0000000000
118917  -51.027  -52.811  -10.934 0.0000000000
118911  -49.826  -52.900  -10.469 0.0000000000
15459  -49.315  -47.849  -9.029 0.0000000000
14697  -48.726  -48.556  -9.423 0.0000000000
118750  -54.092  -41.728  -9.508 0.0000000000
118737  -54.618  -42.419  -9.390 0.0000000000
18384  -53.697  -42.766  -9.279 0.0000000000
17609  -53.671  -43.485  -9.102 0.0000000000
18370  -53.142  -43.485  -9.009 0.0000000000
20070  -48.552  -41.595  -8.207 0.0000000000
20062  -47.766  -41.275  -7.820 0.0000000000
10539  -50.066  -55.146  -14.734 0.0000000000
9915  -50.206  -56.356  -14.624 0.0000000000
10540  -50.996  -55.465  -15.017 0.0000000000
16287  -56.479  -46.262  -14.514 0.0000000000
15546  -57.907  -47.470  -14.394 0.0000000000
16289  -58.230  -46.847  -15.008 0.0000000000
14731  -45.963  -48.958  -11.448 0.0000000000
14039  -46.283  -49.623  -11.957 0.0000000000
16240  -44.806  -46.907  -11.660 0.0000000000
15501  -45.858  -48.251  -12.467 0.0000000000
16250  -46.233  -47.411  -13.201 0.0000000000
20900  -54.107  -40.718  -9.343 0.0000000000
20888  -53.743  -40.258  -8.898 0.0000000000
20074  -52.746  -41.141  -8.933 0.0000000000
20887  -52.896  -40.297  -8.758 0.0000000000
20884  -49.885  -40.528  -8.374 0.0000000000
7802  -49.798  -60.401  -13.429 0.0000000000
11682  -52.055  -53.053  -15.460 0.0000000000
11667  -52.071  -54.097  -15.355 0.0000000000
11683  -52.628  -53.532  -15.478 0.0000000000
11686  -55.181  -53.747  -14.834 0.0000000000
11685  -54.670  -53.894  -15.149 0.0000000000
11106  -54.986  -54.350  -14.857 0.0000000000
11107  -55.480  -54.454  -14.728 0.0000000000
11108  -56.008  -54.365  -14.745 0.0000000000
118948  -57.343  -51.872  -13.782 0.0000000000
11080  -56.818  -52.564  -14.039 0.0000000000
118951  -58.539  -52.429  -13.814 0.0000000000
118952  -58.506  -51.557  -13.648 0.0000000000
10507  -47.317  -55.712  -12.361 0.0000000000
12830  -47.012  -51.215  -12.959 0.0000000000
118899  -49.328  -52.848  -14.900 0.0000000000
118905  -50.183  -52.118  -15.234 0.0000000000
118910  -51.160  -51.441  -15.293 0.0000000000
118916  -52.362  -51.029  -15.379 0.0000000000
118922  -52.707  -49.863  -15.434 0.0000000000
118902  -47.707  -52.236  -10.809 0.0000000000
13358  -50.513  -50.122  -10.107 0.0000000000
14005  -48.114  -49.219  -9.756 0.0000000000
14021  -48.439  -49.831  -9.951 0.0000000000
14020  -47.507  -49.785  -10.533 0.0000000000
14019  -46.711  -49.551  -10.829 0.0000000000
15433  -46.961  -46.981  -8.662 0.0000000000
15456  -46.432  -47.578  -9.243 0.0000000000
15432  -45.988  -46.941  -8.666 0.0000000000
16215  -45.079  -46.685  -8.835 0.0000000000
16192  -45.621  -46.172  -8.238 0.0000000000
16199  -52.574  -46.293  -8.643 0.0000000000
16882  -49.937  -45.291  -8.301 0.0000000000
19201  -50.223  -42.393  -8.594 0.0000000000
18366  -48.795  -43.424  -8.348 0.0000000000
18367  -49.821  -43.378  -8.400 0.0000000000
16880  -47.920  -45.407  -7.727 0.0000000000
17583  -47.728  -44.744  -7.689 0.0000000000
19190  -46.615  -42.768  -7.504 0.0000000000
17581  -46.395  -44.236  -7.507 0.0000000000
18352  -46.004  -43.497  -7.389 0.0000000000
18363  -44.996  -44.038  -7.873 0.0000000000
9294  -47.988  -57.532  -13.646 0.0000000000
9295  -48.811  -57.448  -14.099 0.0000000000
9312  -50.787  -57.467  -14.758 0.0000000000
8763  -51.002  -59.209  -14.049 0.0000000000
10542  -52.921  -55.599  -15.271 0.0000000000
9917  -52.397  -56.455  -15.044 0.0000000000
15538  -49.565  -47.351  -15.173 0.0000000000
14780  -52.344  -47.937  -15.638 0.0000000000
14081  -53.003  -48.827  -15.490 0.0000000000
14781  -53.425  -47.984  -15.380 0.0000000000
15544  -55.892  -47.205  -14.366 0.0000000000
15519  -55.430  -47.813  -14.141 0.0000000000
14759  -55.287  -48.349  -14.142 0.0000000000
118947  -56.830  -48.877  -13.820 0.0000000000
14743  -59.504  -48.544  -13.474 0.0000000000
118956  -59.033  -48.793  -13.611 0.0000000000
14059  -59.452  -49.225  -13.744 0.0000000000
15485  -45.029  -47.646  -10.353 0.0000000000
15492  -44.725  -47.150  -11.047 0.0000000000
16248  -44.638  -46.300  -11.934 0.0000000000
21692  -52.304  -39.703  -8.371 0.0000000000
21681  -52.699  -39.286  -7.744 0.0000000000
8760  -47.885  -58.440  -13.287 0.0000000000
118926  -53.459  -52.649  -15.466 0.0000000000
12293  -55.302  -53.284  -14.799 0.0000000000
118942  -55.817  -53.490  -14.049 0.0000000000
118890  -47.026  -53.344  -12.701 0.0000000000
118897  -47.420  -52.467  -13.510 0.0000000000
14056  -47.402  -49.700  -13.560 0.0000000000
13401  -47.850  -50.308  -13.769 0.0000000000
13416  -48.315  -50.082  -14.133 0.0000000000
13417  -48.772  -50.192  -14.469 0.0000000000
118908  -49.917  -51.161  -15.148 0.0000000000
14079  -50.770  -49.166  -15.645 0.0000000000
14696  -47.787  -48.432  -9.502 0.0000000000
15457  -47.392  -47.674  -9.153 0.0000000000
118729  -53.704  -44.174  -8.648 0.0000000000
17598  -51.551  -44.295  -8.466 0.0000000000
20071  -49.555  -41.530  -8.545 0.0000000000
19199  -48.295  -42.573  -8.247 0.0000000000
18365  -47.950  -43.385  -8.146 0.0000000000
17594  -47.731  -43.844  -7.889 0.0000000000
19198  -47.536  -42.636  -7.849 0.0000000000
20061  -47.053  -41.698  -7.419 0.0000000000
20060  -45.857  -41.811  -7.514 0.0000000000
9895  -49.220  -56.695  -14.310 0.0000000000
16963  -54.909  -45.063  -14.433 0.0000000000
16962  -53.859  -44.833  -14.162 0.0000000000
16285  -54.193  -46.039  -14.501 0.0000000000
16286  -55.403  -46.150  -14.631 0.0000000000
15545  -56.919  -47.335  -14.195 0.0000000000
15521  -57.486  -48.442  -13.918 0.0000000000
15523  -59.238  -47.780  -14.016 0.0000000000
15524  -59.568  -47.670  -14.282 0.0000000000
14028  -46.610  -49.890  -11.452 0.0000000000
14040  -46.496  -49.803  -12.334 0.0000000000
14041  -46.879  -49.798  -13.029 0.0000000000
14741  -46.534  -49.025  -12.842 0.0000000000
14742  -46.928  -49.257  -13.427 0.0000000000
14755  -46.761  -48.716  -13.501 0.0000000000
14756  -47.360  -48.912  -13.965 0.0000000000
15516  -47.626  -48.196  -14.349 0.0000000000
118918  -51.274  -51.746  -10.715 0.0000000000
14008  -51.317  -49.510  -9.953 0.0000000000
15436  -49.893  -47.085  -8.657 0.0000000000
20085  -53.662  -41.243  -9.310 0.0000000000
19216  -53.265  -41.960  -9.171 0.0000000000
19203  -52.350  -42.097  -8.823 0.0000000000
20073  -51.637  -41.289  -8.770 0.0000000000
20885  -50.958  -40.496  -8.658 0.0000000000
20877  -49.096  -40.254  -7.820 0.0000000000
11103  -51.639  -54.652  -15.244 0.0000000000
11104  -52.676  -54.650  -15.391 0.0000000000
11105  -53.293  -55.056  -15.346 0.0000000000
10543  -53.852  -55.405  -15.277 0.0000000000
9920  -55.052  -55.960  -14.937 0.0000000000
11092  -56.908  -53.370  -14.542 0.0000000000
11109  -57.272  -53.668  -14.924 0.0000000000
11110  -57.886  -53.154  -14.563 0.0000000000
11670  -58.657  -52.552  -14.593 0.0000000000
10521  -47.543  -55.279  -13.409 0.0000000000
10538  -49.227  -54.769  -14.598 0.0000000000
11101  -49.984  -53.961  -14.861 0.0000000000
12268  -47.131  -51.770  -13.221 0.0000000000
118898  -48.557  -53.001  -14.559 0.0000000000
118913  -51.756  -52.570  -15.447 0.0000000000
118915  -52.101  -51.837  -15.432 0.0000000000
118920  -52.957  -51.703  -15.386 0.0000000000
10469  -47.835  -55.634  -11.191 0.0000000000
11629  -48.340  -54.119  -10.451 0.0000000000
118958  -47.232  -53.280  -11.394 0.0000000000
13374  -46.940  -50.775  -11.282 0.0000000000
13356  -48.919  -50.052  -9.788 0.0000000000
13364  -47.687  -51.015  -10.774 0.0000000000
14732  -46.416  -49.361  -11.037 0.0000000000
14694  -45.945  -48.124  -9.902 0.0000000000
15454  -44.647  -46.908  -9.679 0.0000000000
16214  -44.401  -46.119  -9.183 0.0000000000
15438  -51.937  -47.035  -8.938 0.0000000000
15437  -50.906  -47.044  -8.834 0.0000000000
16196  -49.429  -46.218  -8.379 0.0000000000
17597  -50.429  -44.323  -8.352 0.0000000000
16195  -48.453  -46.299  -8.117 0.0000000000
16194  -47.468  -46.346  -8.064 0.0000000000
16879  -47.029  -45.610  -7.806 0.0000000000
17582  -47.302  -44.264  -7.681 0.0000000000
16863  -46.706  -44.923  -7.670 0.0000000000
16878  -46.164  -45.576  -7.755 0.0000000000
16877  -45.264  -45.206  -8.051 0.0000000000
17592  -44.569  -44.446  -8.264 0.0000000000
9293  -47.616  -57.753  -13.029 0.0000000000
8317  -48.969  -58.625  -13.975 0.0000000000
8777  -49.213  -58.259  -14.318 0.0000000000
8301  -49.640  -59.574  -14.051 0.0000000000
8302  -50.495  -59.862  -13.745 0.0000000000
9314  -52.877  -57.250  -14.711 0.0000000000
16921  -44.295  -45.556  -11.683 0.0000000000
16261  -45.955  -46.459  -13.322 0.0000000000
15535  -47.209  -47.571  -14.483 0.0000000000
15517  -48.213  -48.181  -14.622 0.0000000000
14776  -48.579  -48.392  -14.624 0.0000000000
14777  -49.147  -48.435  -14.913 0.0000000000
14779  -51.168  -48.006  -15.714 0.0000000000
118929  -53.771  -49.448  -15.273 0.0000000000
15542  -53.878  -47.115  -15.001 0.0000000000
14782  -54.486  -48.451  -14.763 0.0000000000
118949  -58.262  -49.105  -13.736 0.0000000000
118966  -59.114  -50.819  -14.188 0.0000000000
8318  -49.346  -58.857  -14.122 0.0000000000
8750  -47.655  -57.990  -12.678 0.0000000000
8762  -50.345  -59.377  -14.189 0.0000000000
9864  -47.733  -56.631  -11.705 0.0000000000
10524  -56.942  -53.880  -14.846 0.0000000000
10547  -56.780  -54.239  -15.141 0.0000000000
11050  -47.760  -55.286  -11.129 0.0000000000
11078  -56.435  -53.209  -14.197 0.0000000000
11079  -56.657  -52.938  -14.167 0.0000000000
11123  -54.450  -54.677  -15.208 0.0000000000
11125  -57.677  -53.537  -15.013 0.0000000000
11660  -59.156  -52.141  -13.954 0.0000000000
11668  -55.084  -53.975  -14.811 0.0000000000
11671  -59.050  -52.447  -14.152 0.0000000000
12256  -46.637  -51.223  -11.932 0.0000000000
12808  -46.748  -51.136  -11.665 0.0000000000
13373  -46.695  -50.638  -11.677 0.0000000000
13386  -46.587  -50.489  -12.060 0.0000000000
14082  -60.173  -49.238  -14.079 0.0000000000
14757  -48.196  -48.722  -14.278 0.0000000000
14761  -59.961  -48.424  -13.815 0.0000000000
15504  -59.140  -48.245  -13.508 0.0000000000
15505  -59.568  -48.068  -13.637 0.0000000000
15547  -58.697  -47.552  -14.517 0.0000000000
16268  -59.673  -47.404  -14.441 0.0000000000
16861  -45.473  -44.700  -7.739 0.0000000000
17580  -45.558  -44.205  -7.536 0.0000000000
17593  -45.174  -44.524  -7.879 0.0000000000
17648  -53.383  -44.054  -13.878 0.0000000000
18364  -47.345  -43.421  -7.760 0.0000000000
20889  -54.452  -40.233  -9.211 0.0000000000
118771  -54.243  -41.118  -9.539 0.0000000000
118914  -51.469  -52.039  -15.413 0.0000000000
118938  -55.678  -53.190  -14.172 0.0000000000
118953  -59.108  -51.473  -13.890 0.0000000000
118954  -51.236  -51.955  -15.388 0.0000000000
118955  -58.862  -49.279  -13.937 0.0000000000
