#!ascii label  , from subject sub-NDARAG610XL4 vox2ras=TkReg
287
43908  -27.273  -15.387  -36.862 0.0000000000
47705  -23.862  -12.878  -39.597 0.0000000000
58479  -19.397  -4.408  -45.268 0.0000000000
57064  -22.816  -5.662  -42.145 0.0000000000
52919  -25.565  -8.273  -40.039 0.0000000000
51516  -28.426  -9.910  -37.710 0.0000000000
59779  -18.283  -3.440  -46.596 0.0000000000
55671  -23.428  -6.609  -41.481 0.0000000000
51602  -22.703  -9.752  -41.150 0.0000000000
45149  -25.141  -14.301  -37.963 0.0000000000
48979  -25.634  -11.507  -38.161 0.0000000000
47681  -27.975  -12.659  -36.692 0.0000000000
41623  -24.133  -18.012  -34.465 0.0000000000
42780  -25.802  -16.701  -38.194 0.0000000000
64877  -17.705  1.042  -48.056 0.0000000000
64869  -19.208  -0.022  -47.591 0.0000000000
63672  -19.568  -0.573  -46.658 0.0000000000
63643  -21.175  -0.849  -44.607 0.0000000000
62342  -21.560  -1.596  -43.306 0.0000000000
57083  -20.615  -5.317  -43.605 0.0000000000
59701  -22.275  -2.817  -42.152 0.0000000000
58405  -23.878  -4.060  -41.115 0.0000000000
57027  -26.141  -5.376  -40.160 0.0000000000
55632  -27.358  -6.579  -39.489 0.0000000000
50268  -24.220  -10.268  -40.112 0.0000000000
52870  -26.600  -9.107  -38.831 0.0000000000
52942  -21.980  -9.060  -41.537 0.0000000000
51601  -21.772  -10.047  -41.559 0.0000000000
45139  -26.001  -14.885  -37.385 0.0000000000
46415  -26.079  -13.031  -37.792 0.0000000000
46403  -27.455  -13.745  -36.973 0.0000000000
39463  -25.198  -19.763  -31.025 0.0000000000
39482  -25.456  -18.888  -31.697 0.0000000000
40523  -25.642  -18.291  -32.230 0.0000000000
42778  -24.401  -16.714  -38.554 0.0000000000
41688  -24.451  -17.667  -38.957 0.0000000000
63671  -19.425  -0.559  -47.330 0.0000000000
58478  -18.762  -4.196  -45.872 0.0000000000
61075  -19.144  -2.133  -45.324 0.0000000000
61054  -19.466  -1.889  -44.456 0.0000000000
62355  -21.201  -1.312  -43.920 0.0000000000
61042  -20.420  -2.376  -43.466 0.0000000000
57084  -21.196  -5.634  -42.917 0.0000000000
59699  -21.520  -4.175  -42.627 0.0000000000
59680  -22.527  -4.174  -41.708 0.0000000000
59682  -24.101  -3.227  -41.099 0.0000000000
57044  -23.075  -5.213  -41.620 0.0000000000
54290  -24.896  -7.533  -40.413 0.0000000000
57026  -25.255  -6.141  -40.096 0.0000000000
55654  -26.025  -6.458  -39.743 0.0000000000
55655  -26.885  -6.020  -39.869 0.0000000000
54266  -26.799  -7.346  -39.462 0.0000000000
47720  -22.852  -12.460  -40.495 0.0000000000
49035  -22.950  -11.459  -40.771 0.0000000000
49012  -24.119  -11.870  -39.979 0.0000000000
50223  -26.875  -10.215  -37.886 0.0000000000
51531  -26.137  -9.808  -38.594 0.0000000000
51532  -27.077  -9.485  -38.316 0.0000000000
52872  -28.563  -8.311  -38.263 0.0000000000
52858  -28.728  -9.201  -37.807 0.0000000000
41624  -25.117  -17.356  -34.738 0.0000000000
41645  -24.895  -17.244  -35.915 0.0000000000
42719  -25.588  -16.771  -35.400 0.0000000000
42741  -26.252  -16.414  -36.105 0.0000000000
54332  -22.250  -7.107  -42.248 0.0000000000
55688  -23.140  -6.262  -42.108 0.0000000000
54315  -22.830  -7.354  -41.537 0.0000000000
54289  -23.631  -7.684  -40.702 0.0000000000
52918  -24.513  -8.532  -40.367 0.0000000000
46422  -24.352  -13.440  -39.119 0.0000000000
47706  -24.517  -12.385  -39.301 0.0000000000
47696  -25.565  -12.420  -38.112 0.0000000000
48957  -26.476  -11.731  -37.558 0.0000000000
48958  -27.513  -11.756  -37.154 0.0000000000
41602  -25.060  -17.799  -33.475 0.0000000000
45159  -23.505  -14.756  -39.744 0.0000000000
45160  -24.394  -14.628  -39.123 0.0000000000
43905  -24.932  -15.453  -37.794 0.0000000000
43907  -26.308  -15.758  -37.250 0.0000000000
67255  -18.185  2.390  -47.889 0.0000000000
64866  -16.051  0.346  -48.001 0.0000000000
64878  -17.943  0.840  -48.144 0.0000000000
66003  -19.618  1.180  -46.600 0.0000000000
66004  -19.957  0.638  -46.113 0.0000000000
64837  -20.172  0.118  -45.731 0.0000000000
61102  -18.424  -2.399  -46.508 0.0000000000
63642  -20.399  -0.703  -45.215 0.0000000000
64823  -20.921  -0.024  -45.287 0.0000000000
64824  -21.551  -0.039  -44.554 0.0000000000
63631  -22.324  -0.340  -43.216 0.0000000000
63620  -22.802  -0.662  -42.725 0.0000000000
58464  -20.099  -4.635  -44.001 0.0000000000
59716  -21.189  -3.625  -43.168 0.0000000000
61036  -22.146  -2.460  -42.643 0.0000000000
62316  -23.807  -1.362  -41.449 0.0000000000
61024  -24.424  -2.180  -41.171 0.0000000000
59669  -26.023  -3.012  -40.016 0.0000000000
57025  -23.963  -5.446  -40.640 0.0000000000
58385  -25.365  -4.462  -40.616 0.0000000000
50291  -22.119  -10.818  -41.365 0.0000000000
51576  -23.585  -9.985  -40.839 0.0000000000
51578  -25.037  -9.032  -39.959 0.0000000000
50245  -25.118  -10.837  -39.226 0.0000000000
51553  -25.184  -9.817  -39.474 0.0000000000
52892  -26.450  -8.359  -39.385 0.0000000000
52893  -27.533  -7.892  -38.888 0.0000000000
54268  -28.959  -7.245  -38.698 0.0000000000
41671  -26.028  -17.405  -37.739 0.0000000000
42755  -26.057  -16.342  -37.021 0.0000000000
43898  -27.420  -15.560  -36.376 0.0000000000
45140  -26.935  -14.765  -37.099 0.0000000000
45141  -28.065  -14.759  -36.791 0.0000000000
39443  -25.097  -19.324  -29.968 0.0000000000
39464  -25.456  -18.281  -30.663 0.0000000000
59758  -19.074  -3.296  -45.486 0.0000000000
59737  -19.191  -3.233  -44.825 0.0000000000
59738  -19.818  -2.853  -44.050 0.0000000000
55686  -21.595  -6.492  -42.792 0.0000000000
57063  -21.998  -5.464  -42.568 0.0000000000
58423  -21.820  -4.584  -42.428 0.0000000000
58424  -22.486  -4.746  -42.066 0.0000000000
58403  -22.909  -4.491  -41.552 0.0000000000
55653  -25.199  -6.801  -40.053 0.0000000000
54291  -25.897  -7.391  -39.853 0.0000000000
54265  -26.340  -6.971  -39.680 0.0000000000
47721  -23.650  -12.385  -40.123 0.0000000000
49011  -23.450  -11.550  -40.475 0.0000000000
47722  -24.080  -12.395  -39.812 0.0000000000
50203  -27.809  -10.663  -37.390 0.0000000000
50224  -27.651  -9.942  -37.948 0.0000000000
51533  -27.962  -9.249  -38.097 0.0000000000
51517  -29.374  -9.795  -37.760 0.0000000000
41625  -25.768  -16.868  -34.651 0.0000000000
54331  -21.198  -7.793  -42.607 0.0000000000
54314  -21.895  -7.908  -41.578 0.0000000000
52943  -22.779  -8.453  -41.189 0.0000000000
52917  -23.591  -9.011  -40.739 0.0000000000
46413  -24.883  -13.976  -38.546 0.0000000000
47695  -24.824  -12.992  -38.517 0.0000000000
46414  -25.460  -13.548  -37.980 0.0000000000
47680  -26.760  -12.708  -37.377 0.0000000000
47697  -26.114  -12.603  -37.718 0.0000000000
48940  -28.529  -11.833  -36.689 0.0000000000
38511  -24.876  -20.254  -30.427 0.0000000000
41584  -25.383  -17.897  -32.717 0.0000000000
41585  -25.882  -17.664  -32.649 0.0000000000
42779  -25.092  -16.763  -38.315 0.0000000000
43918  -24.437  -15.792  -38.330 0.0000000000
43919  -24.860  -16.266  -37.923 0.0000000000
43906  -25.566  -15.629  -37.578 0.0000000000
43920  -25.724  -16.310  -37.630 0.0000000000
66039  -17.220  1.481  -47.842 0.0000000000
67254  -17.468  2.370  -48.052 0.0000000000
66040  -18.046  1.434  -48.195 0.0000000000
63688  -18.063  -0.532  -47.934 0.0000000000
63687  -16.904  -0.635  -48.091 0.0000000000
64868  -18.477  0.434  -47.859 0.0000000000
66024  -19.196  0.645  -47.411 0.0000000000
64850  -19.491  0.129  -47.040 0.0000000000
64851  -19.759  0.171  -46.353 0.0000000000
65990  -20.404  1.003  -45.792 0.0000000000
62371  -19.626  -1.271  -45.268 0.0000000000
62341  -21.017  -1.851  -43.691 0.0000000000
63630  -21.595  -0.682  -43.601 0.0000000000
63618  -21.631  -1.083  -43.032 0.0000000000
63619  -22.096  -0.800  -42.969 0.0000000000
62329  -21.896  -1.234  -42.969 0.0000000000
58444  -20.573  -4.438  -43.381 0.0000000000
59715  -19.979  -3.788  -43.524 0.0000000000
59700  -22.026  -3.695  -42.279 0.0000000000
59717  -21.884  -2.987  -43.097 0.0000000000
62331  -23.121  -1.261  -41.964 0.0000000000
61023  -23.131  -2.326  -41.337 0.0000000000
61008  -24.607  -2.664  -40.695 0.0000000000
59668  -24.740  -3.115  -40.491 0.0000000000
58406  -24.390  -4.000  -40.744 0.0000000000
57045  -23.540  -5.734  -41.180 0.0000000000
55652  -24.156  -6.547  -40.485 0.0000000000
58386  -26.815  -4.248  -40.020 0.0000000000
55633  -28.226  -6.555  -39.285 0.0000000000
50267  -23.825  -10.569  -40.421 0.0000000000
51577  -24.333  -9.662  -40.277 0.0000000000
48997  -25.206  -11.724  -38.885 0.0000000000
48996  -24.554  -11.401  -39.528 0.0000000000
50221  -25.466  -11.035  -38.602 0.0000000000
51554  -26.014  -9.208  -39.210 0.0000000000
52891  -25.632  -8.916  -39.604 0.0000000000
52894  -28.250  -7.616  -38.709 0.0000000000
54250  -29.266  -8.018  -38.459 0.0000000000
43876  -26.941  -15.805  -36.053 0.0000000000
43897  -26.743  -15.894  -36.665 0.0000000000
54313  -21.442  -8.668  -42.031 0.0000000000
46401  -25.652  -14.312  -37.718 0.0000000000
46402  -26.334  -13.864  -37.453 0.0000000000
46404  -28.638  -13.560  -36.774 0.0000000000
39442  -24.939  -19.929  -30.267 0.0000000000
40522  -24.946  -18.653  -32.419 0.0000000000
39483  -25.779  -18.390  -31.508 0.0000000000
43917  -23.866  -16.050  -38.611 0.0000000000
42777  -23.739  -16.700  -38.695 0.0000000000
41680  -24.286  -17.263  -38.807 0.0000000000
41682  -25.721  -17.259  -38.468 0.0000000000
66022  -16.526  1.043  -47.836 0.0000000000
63689  -19.126  -0.704  -48.015 0.0000000000
62395  -19.087  -1.452  -46.909 0.0000000000
59780  -18.725  -3.006  -46.149 0.0000000000
62354  -20.381  -1.333  -44.227 0.0000000000
58445  -21.269  -4.760  -42.943 0.0000000000
59681  -23.159  -3.792  -41.413 0.0000000000
58404  -23.541  -4.613  -41.171 0.0000000000
55631  -26.669  -6.674  -39.648 0.0000000000
49010  -22.906  -11.785  -40.688 0.0000000000
48995  -23.919  -11.056  -39.918 0.0000000000
50222  -26.055  -10.790  -38.090 0.0000000000
51530  -25.565  -10.435  -38.783 0.0000000000
52871  -27.336  -8.702  -38.588 0.0000000000
52859  -29.309  -8.984  -37.937 0.0000000000
52873  -29.803  -8.575  -38.429 0.0000000000
41644  -24.190  -17.639  -35.490 0.0000000000
42740  -25.429  -16.841  -36.266 0.0000000000
42720  -26.340  -16.409  -34.804 0.0000000000
55687  -22.568  -6.311  -42.460 0.0000000000
54333  -23.005  -6.779  -42.134 0.0000000000
47707  -25.054  -12.389  -38.742 0.0000000000
48980  -26.024  -11.388  -37.795 0.0000000000
50201  -26.313  -11.209  -37.709 0.0000000000
50202  -26.828  -11.044  -37.616 0.0000000000
50204  -28.982  -10.676  -37.419 0.0000000000
48959  -28.539  -11.594  -36.987 0.0000000000
38492  -24.755  -20.590  -30.289 0.0000000000
40545  -25.061  -18.128  -32.735 0.0000000000
41603  -26.169  -17.213  -33.796 0.0000000000
46421  -23.749  -13.796  -39.627 0.0000000000
45148  -24.765  -14.860  -38.125 0.0000000000
45137  -24.974  -15.084  -37.850 0.0000000000
45138  -25.289  -14.937  -37.746 0.0000000000
67253  -16.655  2.348  -47.870 0.0000000000
64867  -17.396  0.489  -48.040 0.0000000000
66023  -18.708  1.433  -47.375 0.0000000000
65989  -19.881  1.354  -46.031 0.0000000000
67202  -21.165  1.327  -45.316 0.0000000000
62396  -19.354  -1.023  -46.111 0.0000000000
61074  -18.836  -2.291  -46.004 0.0000000000
62370  -19.063  -1.562  -45.882 0.0000000000
63656  -19.773  -0.517  -45.862 0.0000000000
65976  -21.102  0.647  -45.004 0.0000000000
65977  -21.973  0.769  -44.615 0.0000000000
65965  -22.425  0.475  -43.900 0.0000000000
64811  -22.062  0.107  -43.826 0.0000000000
57120  -19.766  -4.921  -45.134 0.0000000000
58480  -19.894  -4.791  -44.944 0.0000000000
61043  -21.360  -2.474  -43.360 0.0000000000
61044  -21.875  -2.288  -43.162 0.0000000000
62330  -22.214  -1.450  -42.518 0.0000000000
63608  -23.444  -0.683  -42.047 0.0000000000
61010  -26.285  -2.520  -40.775 0.0000000000
57065  -23.255  -6.046  -41.961 0.0000000000
58383  -23.778  -4.904  -40.890 0.0000000000
58384  -24.052  -4.970  -40.804 0.0000000000
55656  -27.772  -5.618  -40.168 0.0000000000
50292  -23.040  -10.845  -40.905 0.0000000000
50244  -24.448  -10.549  -39.709 0.0000000000
51552  -24.508  -10.044  -39.896 0.0000000000
54292  -26.316  -7.763  -39.655 0.0000000000
54267  -27.925  -7.220  -39.189 0.0000000000
40605  -25.662  -18.116  -38.119 0.0000000000
41683  -26.148  -17.258  -38.194 0.0000000000
41659  -25.480  -17.010  -37.450 0.0000000000
42765  -25.858  -16.724  -37.691 0.0000000000
40606  -26.110  -17.731  -38.250 0.0000000000
40613  -25.633  -17.731  -38.494 0.0000000000
40614  -26.016  -17.552  -38.412 0.0000000000
40619  -24.273  -17.883  -39.076 0.0000000000
41681  -24.970  -17.385  -38.712 0.0000000000
42754  -25.546  -16.664  -36.835 0.0000000000
47679  -26.134  -12.255  -37.675 0.0000000000
48939  -28.254  -11.956  -36.520 0.0000000000
48956  -25.911  -11.844  -37.794 0.0000000000
50243  -24.039  -10.581  -40.044 0.0000000000
52920  -26.089  -7.952  -39.804 0.0000000000
58463  -19.349  -3.947  -44.697 0.0000000000
59667  -24.516  -2.923  -40.721 0.0000000000
59683  -24.295  -3.551  -40.935 0.0000000000
59759  -19.212  -2.524  -45.102 0.0000000000
61037  -22.282  -2.201  -42.086 0.0000000000
62343  -22.029  -1.817  -42.993 0.0000000000
67214  -20.174  1.792  -46.001 0.0000000000
