#!ascii label  , from subject sub-NDARAG610XL4 vox2ras=TkReg
726
38492  -24.755  -20.590  -30.289 0.4285714328
39463  -25.198  -19.763  -31.025 0.2857142985
38511  -24.876  -20.254  -30.427 0.4285714328
39464  -25.456  -18.281  -30.663 0.4285714328
39481  -24.681  -19.356  -32.069 0.2857142985
39482  -25.456  -18.888  -31.697 0.4285714328
39483  -25.779  -18.390  -31.508 0.4285714328
40545  -25.061  -18.128  -32.735 0.4285714328
41584  -25.383  -17.897  -32.717 0.4285714328
41602  -25.060  -17.799  -33.475 0.4285714328
41624  -25.117  -17.356  -34.738 0.4285714328
41645  -24.895  -17.244  -35.915 0.5714285970
41625  -25.768  -16.868  -34.651 0.4285714328
42720  -26.340  -16.409  -34.804 0.2857142985
42740  -25.429  -16.841  -36.266 0.7142857313
43876  -26.941  -15.805  -36.053 0.7142857313
42741  -26.252  -16.414  -36.105 0.7142857313
43908  -27.273  -15.387  -36.862 0.5714285970
42755  -26.057  -16.342  -37.021 0.5714285970
43907  -26.308  -15.758  -37.250 0.5714285970
45141  -28.065  -14.759  -36.791 0.4285714328
45140  -26.935  -14.765  -37.099 0.5714285970
46403  -27.455  -13.745  -36.973 0.5714285970
45138  -25.289  -14.937  -37.746 0.7142857313
46402  -26.334  -13.864  -37.453 0.7142857313
47680  -26.760  -12.708  -37.377 0.7142857313
47681  -27.975  -12.659  -36.692 0.5714285970
45139  -26.001  -14.885  -37.385 0.5714285970
43918  -24.437  -15.792  -38.330 0.5714285970
46414  -25.460  -13.548  -37.980 0.8571428657
48958  -27.513  -11.756  -37.154 0.5714285970
45149  -25.141  -14.301  -37.963 0.7142857313
45148  -24.765  -14.860  -38.125 0.5714285970
50201  -26.313  -11.209  -37.709 0.7142857313
46415  -26.079  -13.031  -37.792 0.7142857313
48957  -26.476  -11.731  -37.558 0.7142857313
50223  -26.875  -10.215  -37.886 0.5714285970
47696  -25.565  -12.420  -38.112 0.7142857313
50203  -27.809  -10.663  -37.390 0.5714285970
48979  -25.634  -11.507  -38.161 0.7142857313
50222  -26.055  -10.790  -38.090 0.7142857313
51532  -27.077  -9.485  -38.316 0.7142857313
50221  -25.466  -11.035  -38.602 0.7142857313
51530  -25.565  -10.435  -38.783 0.7142857313
51531  -26.137  -9.808  -38.594 0.7142857313
52870  -26.600  -9.107  -38.831 0.7142857313
47706  -24.517  -12.385  -39.301 0.5714285970
52892  -26.450  -8.359  -39.385 0.5714285970
52893  -27.533  -7.892  -38.888 0.5714285970
51553  -25.184  -9.817  -39.474 0.8571428657
50245  -25.118  -10.837  -39.226 0.8571428657
52891  -25.632  -8.916  -39.604 0.7142857313
54291  -25.897  -7.391  -39.853 0.8571428657
54266  -26.799  -7.346  -39.462 0.5714285970
52919  -25.565  -8.273  -40.039 0.8571428657
51578  -25.037  -9.032  -39.959 0.8571428657
55653  -25.199  -6.801  -40.053 0.8571428657
57026  -25.255  -6.141  -40.096 0.8571428657
57025  -23.963  -5.446  -40.640 0.8571428657
55652  -24.156  -6.547  -40.485 0.8571428657
55671  -23.428  -6.609  -41.481 1.0000000000
54290  -24.896  -7.533  -40.413 0.8571428657
57045  -23.540  -5.734  -41.180 1.0000000000
57044  -23.075  -5.213  -41.620 1.0000000000
57084  -21.196  -5.634  -42.917 0.7142857313
57065  -23.255  -6.046  -41.961 1.0000000000
57064  -22.816  -5.662  -42.145 1.0000000000
58424  -22.486  -4.746  -42.066 1.0000000000
59715  -19.979  -3.788  -43.524 1.0000000000
61054  -19.466  -1.889  -44.456 0.8571428657
59738  -19.818  -2.853  -44.050 1.0000000000
63656  -19.773  -0.517  -45.862 0.8571428657
62371  -19.626  -1.271  -45.268 0.8571428657
64850  -19.491  0.129  -47.040 0.8571428657
64851  -19.759  0.171  -46.353 0.8571428657
63689  -19.126  -0.704  -48.015 0.5714285970
66024  -19.196  0.645  -47.411 0.7142857313
64867  -17.396  0.489  -48.040 0.5714285970
63688  -18.063  -0.532  -47.934 0.5714285970
66039  -17.220  1.481  -47.842 0.4285714328
67255  -18.185  2.390  -47.889 0.4285714328
67238  -15.725  2.268  -47.855 0.2857142985
68553  -15.126  2.933  -47.628 0.2857142985
66038  -16.343  1.701  -47.873 0.2857142985
51554  -26.014  -9.208  -39.210 0.7142857313
55654  -26.025  -6.458  -39.743 0.8571428657
58423  -21.820  -4.584  -42.428 0.8571428657
69871  -16.439  3.663  -46.773 0.1428571492
39462  -24.184  -19.979  -31.702 0.2857142985
40521  -24.297  -18.976  -32.707 0.2857142985
40522  -24.946  -18.653  -32.419 0.2857142985
40523  -25.642  -18.291  -32.230 0.4285714328
41585  -25.882  -17.664  -32.649 0.4285714328
40544  -24.444  -18.349  -33.125 0.2857142985
41603  -26.169  -17.213  -33.796 0.4285714328
41623  -24.133  -18.012  -34.465 0.5714285970
41658  -24.876  -17.135  -37.008 0.2857142985
43897  -26.743  -15.894  -36.665 0.4285714328
42765  -25.858  -16.724  -37.691 0.5714285970
46404  -28.638  -13.560  -36.774 0.4285714328
43920  -25.724  -16.310  -37.630 0.7142857313
43906  -25.566  -15.629  -37.578 0.7142857313
47697  -26.114  -12.603  -37.718 0.7142857313
45137  -24.974  -15.084  -37.850 0.5714285970
50224  -27.651  -9.942  -37.948 0.5714285970
46413  -24.883  -13.976  -38.546 0.5714285970
48980  -26.024  -11.388  -37.795 0.7142857313
47707  -25.054  -12.389  -38.742 0.8571428657
54265  -26.340  -6.971  -39.680 0.5714285970
52918  -24.513  -8.532  -40.367 1.0000000000
54315  -22.830  -7.354  -41.537 1.0000000000
57063  -21.998  -5.464  -42.568 0.8571428657
57083  -20.615  -5.317  -43.605 0.7142857313
59699  -21.520  -4.175  -42.627 1.0000000000
59716  -21.189  -3.625  -43.168 1.0000000000
58444  -20.573  -4.438  -43.381 0.7142857313
61042  -20.420  -2.376  -43.466 0.8571428657
62370  -19.063  -1.562  -45.882 0.8571428657
63671  -19.425  -0.559  -47.330 0.7142857313
64877  -17.705  1.042  -48.056 0.7142857313
64868  -18.477  0.434  -47.859 0.7142857313
64866  -16.051  0.346  -48.001 0.4285714328
67253  -16.655  2.348  -47.870 0.2857142985
67254  -17.468  2.370  -48.052 0.4285714328
66023  -18.708  1.433  -47.375 0.4285714328
68554  -16.151  3.018  -47.676 0.2857142985
41671  -26.028  -17.405  -37.739 0.4285714328
41683  -26.148  -17.258  -38.194 0.4285714328
64878  -17.943  0.840  -48.144 0.7142857313
39442  -24.939  -19.929  -30.267 0.4285714328
38510  -24.423  -20.583  -30.898 0.2857142985
39443  -25.097  -19.324  -29.968 0.4285714328
41601  -24.414  -18.134  -33.719 0.2857142985
41644  -24.190  -17.639  -35.490 0.4285714328
42719  -25.588  -16.771  -35.400 0.4285714328
41659  -25.480  -17.010  -37.450 0.5714285970
43905  -24.932  -15.453  -37.794 0.7142857313
46401  -25.652  -14.312  -37.718 0.7142857313
43919  -24.860  -16.266  -37.923 0.7142857313
50202  -26.828  -11.044  -37.616 0.5714285970
47695  -24.824  -12.992  -38.517 0.7142857313
48997  -25.206  -11.724  -38.885 0.8571428657
48996  -24.554  -11.401  -39.528 0.8571428657
54292  -26.316  -7.763  -39.655 0.8571428657
58445  -21.269  -4.760  -42.943 0.8571428657
63672  -19.568  -0.573  -46.658 0.8571428657
64869  -19.208  -0.022  -47.591 0.7142857313
63687  -16.904  -0.635  -48.091 0.5714285970
66022  -16.526  1.043  -47.836 0.4285714328
66040  -18.046  1.434  -48.195 0.4285714328
68552  -14.146  3.048  -48.102 0.2857142985
69885  -14.692  3.576  -47.401 0.2857142985
69870  -15.234  3.940  -46.882 0.1428571492
41670  -25.417  -17.847  -37.533 0.2857142985
68579  -18.434  3.577  -49.492 0.2857142985
68589  -18.138  3.572  -50.625 0.1428571492
68569  -18.504  3.393  -47.974 0.2857142985
68570  -19.485  3.811  -48.632 0.2857142985
68578  -17.871  3.719  -49.070 0.1428571492
68588  -17.829  3.944  -50.095 0.1428571492
68567  -16.957  3.142  -48.010 0.1428571492
68568  -17.683  3.317  -48.325 0.1428571492
67241  -21.725  3.165  -47.200 0.2857142985
68557  -20.518  3.803  -47.551 0.2857142985
68527  -20.446  2.041  -46.563 0.2857142985
68555  -18.955  3.115  -47.077 0.2857142985
67216  -21.862  2.081  -46.257 0.1428571492
68543  -20.904  3.009  -46.651 0.2857142985
68556  -19.804  3.449  -47.043 0.2857142985
67240  -19.191  2.890  -46.661 0.2857142985
67205  -23.890  1.977  -45.193 0.1428571492
67204  -22.788  1.906  -45.361 0.1428571492
67228  -21.274  2.266  -46.757 0.4285714328
67226  -19.148  1.877  -46.486 0.2857142985
65977  -21.973  0.769  -44.615 0.2857142985
65990  -20.404  1.003  -45.792 0.4285714328
67214  -20.174  1.792  -46.001 0.2857142985
65953  -23.112  0.582  -43.179 0.1428571492
65978  -22.507  1.348  -44.745 0.2857142985
65989  -19.881  1.354  -46.031 0.4285714328
64823  -20.921  -0.024  -45.287 0.5714285970
66004  -19.957  0.638  -46.113 0.7142857313
64799  -23.478  0.002  -42.813 0.1428571492
64812  -22.774  0.088  -43.410 0.1428571492
66003  -19.618  1.180  -46.600 0.4285714328
64824  -21.551  -0.039  -44.554 0.4285714328
63609  -24.019  -0.632  -41.559 0.2857142985
63620  -22.802  -0.662  -42.725 0.7142857313
62341  -21.017  -1.851  -43.691 0.8571428657
63630  -21.595  -0.682  -43.601 0.8571428657
63642  -20.399  -0.703  -45.215 0.5714285970
62317  -24.606  -1.341  -41.360 0.2857142985
63643  -21.175  -0.849  -44.607 0.7142857313
61102  -18.424  -2.399  -46.508 0.5714285970
61025  -24.955  -1.793  -41.018 0.1428571492
62330  -22.214  -1.450  -42.518 0.7142857313
61009  -25.309  -2.229  -40.618 0.1428571492
54313  -21.442  -8.668  -42.031 0.5714285970
54333  -23.005  -6.779  -42.134 0.8571428657
55687  -22.568  -6.311  -42.460 0.8571428657
54332  -22.250  -7.107  -42.248 0.4285714328
55686  -21.595  -6.492  -42.792 0.5714285970
59681  -23.159  -3.792  -41.413 0.8571428657
61043  -21.360  -2.474  -43.360 0.8571428657
59701  -22.275  -2.817  -42.152 0.8571428657
61044  -21.875  -2.288  -43.162 0.8571428657
62354  -20.381  -1.333  -44.227 0.8571428657
61010  -26.285  -2.520  -40.775 0.4285714328
61023  -23.131  -2.326  -41.337 0.7142857313
62331  -23.121  -1.261  -41.964 0.7142857313
52941  -21.424  -9.553  -42.054 0.2857142985
54314  -21.895  -7.908  -41.578 0.5714285970
55688  -23.140  -6.262  -42.108 0.8571428657
59680  -22.527  -4.174  -41.708 0.8571428657
59700  -22.026  -3.695  -42.279 0.8571428657
59717  -21.884  -2.987  -43.097 0.8571428657
59668  -24.740  -3.115  -40.491 0.4285714328
59682  -24.101  -3.227  -41.099 0.8571428657
59669  -26.023  -3.012  -40.016 0.4285714328
49011  -23.450  -11.550  -40.475 0.7142857313
49035  -22.950  -11.459  -40.771 0.4285714328
49012  -24.119  -11.870  -39.979 0.7142857313
51577  -24.333  -9.662  -40.277 0.8571428657
51576  -23.585  -9.985  -40.839 0.5714285970
51602  -22.703  -9.752  -41.150 0.5714285970
51601  -21.772  -10.047  -41.559 0.4285714328
52917  -23.591  -9.011  -40.739 0.8571428657
52942  -21.980  -9.060  -41.537 0.5714285970
54289  -23.631  -7.684  -40.702 0.7142857313
52943  -22.779  -8.453  -41.189 0.5714285970
58384  -24.052  -4.970  -40.804 0.7142857313
58404  -23.541  -4.613  -41.171 0.7142857313
58403  -22.909  -4.491  -41.552 0.8571428657
57028  -27.203  -5.103  -40.120 0.2857142985
58386  -26.815  -4.248  -40.020 0.4285714328
58385  -25.365  -4.462  -40.616 0.5714285970
46422  -24.352  -13.440  -39.119 0.4285714328
47705  -23.862  -12.878  -39.597 0.4285714328
47720  -22.852  -12.460  -40.495 0.4285714328
51552  -24.508  -10.044  -39.896 0.7142857313
50268  -24.220  -10.268  -40.112 0.7142857313
57027  -26.141  -5.376  -40.160 0.5714285970
45160  -24.394  -14.628  -39.123 0.4285714328
45159  -23.505  -14.756  -39.744 0.5714285970
47722  -24.080  -12.395  -39.812 0.5714285970
50244  -24.448  -10.549  -39.709 0.7142857313
55655  -26.885  -6.020  -39.869 0.4285714328
55656  -27.772  -5.618  -40.168 0.4285714328
42779  -25.092  -16.763  -38.315 0.5714285970
48959  -28.539  -11.594  -36.987 0.4285714328
51516  -28.426  -9.910  -37.710 0.4285714328
52894  -28.250  -7.616  -38.709 0.4285714328
52871  -27.336  -8.702  -38.588 0.4285714328
54268  -28.959  -7.245  -38.698 0.4285714328
54267  -27.925  -7.220  -39.189 0.4285714328
41604  -26.854  -16.894  -33.373 0.1428571492
51533  -27.962  -9.249  -38.097 0.4285714328
52872  -28.563  -8.311  -38.263 0.4285714328
42721  -27.371  -16.016  -34.599 0.1428571492
45125  -28.700  -14.877  -36.023 0.2857142985
47683  -29.895  -12.305  -37.021 0.2857142985
50205  -30.047  -10.678  -37.796 0.2857142985
50204  -28.982  -10.676  -37.419 0.2857142985
51518  -30.100  -9.901  -38.044 0.2857142985
51534  -29.814  -9.358  -38.158 0.2857142985
51517  -29.374  -9.795  -37.760 0.4285714328
42702  -27.421  -16.440  -33.348 0.1428571492
43851  -27.721  -15.465  -35.015 0.2857142985
43878  -28.155  -15.296  -35.433 0.2857142985
46382  -29.527  -13.680  -36.185 0.2857142985
47662  -29.854  -12.861  -36.543 0.2857142985
46405  -29.403  -13.021  -36.812 0.2857142985
42722  -27.823  -15.951  -34.007 0.1428571492
45072  -29.472  -13.940  -34.457 0.2857142985
43852  -27.995  -15.172  -34.359 0.2857142985
45102  -29.110  -14.263  -35.404 0.2857142985
45101  -28.515  -14.782  -35.171 0.2857142985
43877  -27.518  -15.620  -35.613 0.2857142985
45126  -29.132  -14.352  -36.097 0.2857142985
41586  -26.889  -17.169  -32.353 0.1428571492
38493  -25.265  -20.496  -29.769 0.2857142985
38468  -25.488  -20.848  -29.194 0.2857142985
37536  -25.183  -21.162  -29.800 0.2857142985
40524  -26.322  -18.040  -31.562 0.2857142985
37511  -25.024  -21.587  -29.671 0.2857142985
45071  -28.647  -14.325  -34.436 0.2857142985
46354  -29.581  -13.649  -35.139 0.2857142985
48960  -29.512  -11.545  -37.269 0.2857142985
48940  -28.529  -11.833  -36.689 0.4285714328
52859  -29.309  -8.984  -37.937 0.4285714328
55631  -26.669  -6.674  -39.648 0.4285714328
61075  -19.144  -2.133  -45.324 0.7142857313
58405  -23.878  -4.060  -41.115 0.7142857313
62395  -19.087  -1.452  -46.909 0.5714285970
62342  -21.560  -1.596  -43.306 0.8571428657
62316  -23.807  -1.362  -41.449 0.5714285970
67239  -18.676  2.421  -46.878 0.2857142985
65965  -22.425  0.475  -43.900 0.4285714328
69902  -17.808  4.251  -48.508 0.1428571492
67203  -21.864  1.572  -45.438 0.1428571492
68571  -20.105  4.092  -48.319 0.2857142985
40525  -27.117  -17.483  -31.004 0.1428571492
42703  -28.218  -15.782  -33.080 0.1428571492
43788  -28.860  -15.552  -32.696 0.1428571492
43899  -28.060  -15.408  -36.236 0.2857142985
47663  -30.336  -12.258  -36.377 0.2857142985
47684  -30.449  -12.022  -36.951 0.2857142985
46421  -23.749  -13.796  -39.627 0.5714285970
46436  -22.809  -13.469  -40.462 0.2857142985
51535  -30.520  -9.467  -38.434 0.2857142985
52873  -29.803  -8.575  -38.429 0.2857142985
48995  -23.919  -11.056  -39.918 0.5714285970
50291  -22.119  -10.818  -41.365 0.4285714328
50292  -23.040  -10.845  -40.905 0.5714285970
54250  -29.266  -8.018  -38.459 0.2857142985
55633  -28.226  -6.555  -39.285 0.4285714328
55632  -27.358  -6.579  -39.489 0.4285714328
55657  -28.683  -6.014  -40.190 0.1428571492
58406  -24.390  -4.000  -40.744 0.5714285970
61024  -24.424  -2.180  -41.171 0.7142857313
62305  -26.013  -1.978  -41.070 0.1428571492
62318  -25.436  -1.456  -41.282 0.1428571492
63631  -22.324  -0.340  -43.216 0.5714285970
63610  -24.849  -0.475  -41.472 0.1428571492
64786  -23.686  -0.277  -42.012 0.1428571492
65954  -23.366  1.051  -42.951 0.1428571492
69901  -17.213  3.835  -48.178 0.1428571492
64800  -24.117  0.718  -42.334 0.1428571492
65966  -22.871  0.870  -43.827 0.1428571492
67215  -21.036  1.656  -46.340 0.2857142985
67202  -21.165  1.327  -45.316 0.2857142985
67193  -23.031  1.571  -44.461 0.1428571492
67194  -23.515  1.682  -44.707 0.1428571492
67229  -21.707  2.712  -46.867 0.2857142985
67230  -22.313  3.055  -47.104 0.2857142985
67217  -22.447  2.593  -46.261 0.1428571492
39444  -26.661  -18.582  -29.927 0.1428571492
42679  -27.878  -16.512  -32.093 0.1428571492
48961  -30.515  -11.544  -37.350 0.2857142985
58388  -28.119  -4.934  -40.775 0.2857142985
68516  -23.887  2.938  -45.632 0.1428571492
68545  -22.665  3.602  -47.086 0.2857142985
37551  -24.138  -20.995  -30.615 0.2857142985
40502  -26.634  -18.068  -30.430 0.1428571492
42701  -26.872  -16.647  -34.002 0.1428571492
42742  -26.861  -15.979  -35.429 0.2857142985
43898  -27.420  -15.560  -36.376 0.4285714328
43909  -27.744  -15.320  -36.610 0.2857142985
58383  -23.778  -4.904  -40.890 0.7142857313
62396  -19.354  -1.023  -46.111 0.5714285970
64837  -20.172  0.118  -45.731 0.7142857313
67227  -19.635  2.326  -46.223 0.2857142985
42780  -25.802  -16.701  -38.194 0.5714285970
46381  -28.868  -14.298  -36.460 0.2857142985
62355  -21.201  -1.312  -43.920 0.8571428657
68544  -21.300  3.319  -47.023 0.2857142985
68542  -20.426  2.603  -46.412 0.2857142985
68528  -20.816  2.216  -46.808 0.2857142985
68515  -23.080  2.662  -45.532 0.1428571492
65967  -23.632  1.537  -43.848 0.1428571492
65976  -21.102  0.647  -45.004 0.4285714328
63619  -22.096  -0.800  -42.969 0.4285714328
64811  -22.062  0.107  -43.826 0.5714285970
63608  -23.444  -0.683  -42.047 0.5714285970
62329  -21.896  -1.234  -42.969 0.7142857313
63618  -21.631  -1.083  -43.032 0.7142857313
61036  -22.146  -2.460  -42.643 0.8571428657
54331  -21.198  -7.793  -42.607 0.4285714328
61008  -24.607  -2.664  -40.695 0.4285714328
47721  -23.650  -12.385  -40.123 0.5714285970
49010  -22.906  -11.785  -40.688 0.4285714328
50267  -23.825  -10.569  -40.421 0.7142857313
50290  -21.575  -10.787  -41.896 0.2857142985
52858  -28.728  -9.201  -37.807 0.4285714328
47682  -28.901  -12.424  -37.010 0.2857142985
47661  -28.669  -12.038  -36.695 0.2857142985
37512  -25.540  -21.321  -29.272 0.1428571492
38494  -26.064  -19.824  -29.352 0.1428571492
59780  -18.725  -3.006  -46.149 0.5714285970
58479  -19.397  -4.408  -45.268 0.4285714328
58478  -18.762  -4.196  -45.872 0.4285714328
59758  -19.074  -3.296  -45.486 0.5714285970
58464  -20.099  -4.635  -44.001 0.4285714328
57120  -19.766  -4.921  -45.134 0.4285714328
58480  -19.894  -4.791  -44.944 0.5714285970
59737  -19.191  -3.233  -44.825 0.5714285970
50226  -31.132  -10.013  -38.336 0.1428571492
50225  -30.608  -10.213  -38.172 0.1428571492
50207  -32.329  -10.173  -37.638 0.1428571492
50206  -31.281  -10.625  -37.617 0.1428571492
51519  -31.678  -9.989  -38.137 0.1428571492
50227  -32.618  -10.121  -38.514 0.1428571492
48941  -30.880  -11.730  -36.724 0.1428571492
50190  -31.591  -10.937  -36.962 0.1428571492
50191  -32.186  -10.578  -36.639 0.1428571492
50208  -33.234  -10.535  -37.743 0.1428571492
49000  -34.542  -11.205  -39.246 0.1428571492
48963  -34.057  -11.053  -37.923 0.1428571492
48981  -34.072  -11.137  -38.871 0.1428571492
41643  -23.644  -18.074  -35.281 0.2857142985
41622  -23.502  -18.319  -34.916 0.2857142985
46355  -30.081  -13.237  -35.371 0.1428571492
47633  -30.674  -12.554  -35.394 0.1428571492
48918  -30.961  -11.716  -35.835 0.1428571492
50176  -32.574  -10.705  -36.000 0.1428571492
48919  -31.852  -11.394  -35.326 0.1428571492
50177  -32.889  -10.468  -36.044 0.1428571492
48943  -32.304  -11.049  -35.993 0.1428571492
48944  -33.726  -11.194  -36.995 0.1428571492
48964  -34.557  -11.778  -37.148 0.1428571492
48982  -34.924  -11.535  -38.068 0.1428571492
40562  -23.364  -18.727  -34.391 0.2857142985
40543  -23.754  -18.944  -33.391 0.2857142985
46328  -30.992  -13.750  -34.198 0.1428571492
47600  -30.646  -13.138  -34.759 0.1428571492
47634  -31.350  -12.065  -35.094 0.1428571492
48920  -32.741  -10.773  -35.297 0.1428571492
48921  -33.742  -11.043  -35.820 0.1428571492
48945  -34.364  -11.598  -36.412 0.1428571492
49001  -35.053  -11.181  -38.938 0.1428571492
45035  -29.083  -14.231  -33.882 0.1428571492
45073  -30.278  -14.122  -34.056 0.1428571492
47572  -31.902  -12.929  -33.470 0.1428571492
48878  -33.188  -11.744  -33.704 0.1428571492
47601  -31.564  -12.785  -34.360 0.1428571492
48892  -33.652  -11.385  -34.451 0.1428571492
47602  -31.932  -12.021  -33.841 0.1428571492
47685  -35.449  -12.417  -36.921 0.1428571492
47698  -35.584  -12.174  -37.384 0.1428571492
45037  -30.495  -14.474  -33.402 0.1428571492
43823  -28.826  -14.842  -33.361 0.1428571492
46299  -31.957  -13.779  -33.054 0.1428571492
45074  -30.812  -14.212  -33.802 0.1428571492
47573  -32.225  -12.501  -33.371 0.1428571492
46298  -31.641  -13.453  -33.613 0.1428571492
47604  -34.603  -12.389  -34.132 0.1428571492
47603  -33.752  -12.184  -33.805 0.1428571492
48893  -34.457  -11.710  -35.020 0.1428571492
48922  -34.598  -11.807  -35.740 0.1428571492
45011  -32.460  -14.217  -32.524 0.1428571492
45039  -31.839  -14.192  -32.864 0.1428571492
45038  -31.328  -14.231  -33.336 0.1428571492
46301  -33.945  -13.721  -33.204 0.1428571492
46280  -33.224  -13.536  -32.903 0.1428571492
47575  -33.989  -12.948  -33.561 0.1428571492
47664  -35.052  -12.365  -36.243 0.1428571492
47635  -35.113  -12.655  -35.173 0.1428571492
47557  -32.732  -12.817  -32.757 0.1428571492
48877  -32.688  -11.834  -33.613 0.1428571492
48891  -32.445  -11.337  -34.212 0.1428571492
46383  -30.110  -12.942  -36.029 0.1428571492
48983  -35.677  -11.739  -37.796 0.1428571492
50250  -35.061  -10.758  -39.215 0.1428571492
50192  -33.085  -10.476  -36.781 0.1428571492
50230  -35.495  -10.584  -38.419 0.1428571492
50273  -34.807  -10.945  -39.689 0.1428571492
49016  -34.730  -11.191  -39.531 0.1428571492
50228  -33.437  -10.594  -38.652 0.1428571492
49015  -34.394  -11.146  -39.890 0.1428571492
51536  -31.462  -9.399  -38.646 0.1428571492
69877  -23.064  3.886  -46.573 0.1428571492
61074  -18.836  -2.291  -46.004 0.4285714328
40563  -24.014  -18.417  -33.815 0.2857142985
68559  -22.027  3.701  -47.383 0.1428571492
45036  -29.664  -14.473  -33.589 0.1428571492
46326  -29.692  -13.692  -34.742 0.1428571492
52895  -30.272  -8.095  -38.902 0.1428571492
54251  -29.841  -7.911  -38.680 0.1428571492
48962  -31.239  -11.299  -37.096 0.1428571492
51520  -32.079  -9.749  -38.289 0.1428571492
48942  -31.575  -11.237  -36.387 0.1428571492
46327  -30.083  -13.595  -34.643 0.1428571492
48890  -31.720  -11.863  -34.505 0.1428571492
46278  -31.894  -13.185  -33.020 0.1428571492
46279  -32.420  -13.381  -32.712 0.1428571492
46356  -35.451  -13.339  -34.206 0.1428571492
47636  -35.697  -13.118  -35.724 0.1428571492
47574  -33.212  -12.584  -33.288 0.1428571492
36540  -24.362  -22.041  -29.710 0.1428571492
36557  -24.069  -21.542  -30.118 0.1428571492
36556  -23.540  -21.840  -30.241 0.1428571492
37535  -24.589  -21.147  -30.183 0.1428571492
37534  -23.854  -21.299  -30.452 0.1428571492
38509  -23.548  -20.555  -31.634 0.1428571492
39461  -23.695  -20.153  -32.080 0.1428571492
38530  -23.309  -20.397  -32.344 0.1428571492
39480  -23.738  -19.726  -32.651 0.1428571492
38529  -22.637  -20.761  -32.528 0.1428571492
38541  -23.020  -20.280  -33.010 0.1428571492
39501  -22.777  -19.629  -33.734 0.1428571492
39513  -21.912  -20.080  -34.595 0.1428571492
39514  -22.764  -19.544  -34.998 0.1428571492
40575  -23.227  -18.759  -35.592 0.1428571492
41656  -23.637  -18.096  -35.975 0.1428571492
41657  -24.185  -17.784  -36.602 0.1428571492
39541  -22.834  -19.136  -36.378 0.2857142985
41669  -24.719  -17.979  -37.316 0.2857142985
43917  -23.866  -16.050  -38.611 0.4285714328
55705  -19.858  -6.319  -43.683 0.2857142985
57118  -18.182  -5.100  -45.911 0.2857142985
58496  -18.135  -4.295  -46.390 0.2857142985
59757  -18.760  -3.517  -46.052 0.2857142985
59779  -18.283  -3.440  -46.596 0.4285714328
40591  -23.326  -18.548  -36.823 0.2857142985
37550  -23.708  -21.091  -31.033 0.1428571492
39500  -22.192  -20.144  -33.916 0.1428571492
39528  -22.619  -19.391  -35.849 0.1428571492
40602  -22.715  -18.647  -37.579 0.2857142985
40592  -24.141  -18.343  -37.353 0.2857142985
40603  -23.704  -18.775  -37.817 0.2857142985
40604  -24.759  -18.520  -37.922 0.2857142985
40605  -25.662  -18.116  -38.119 0.2857142985
41682  -25.721  -17.259  -38.468 0.4285714328
41680  -24.286  -17.263  -38.807 0.4285714328
43932  -23.321  -15.712  -39.139 0.2857142985
54351  -20.804  -6.905  -43.244 0.2857142985
55706  -20.766  -6.121  -43.161 0.2857142985
57099  -19.924  -5.343  -44.591 0.2857142985
57119  -19.342  -5.105  -45.392 0.2857142985
57117  -17.459  -5.743  -46.114 0.2857142985
54350  -20.130  -7.732  -43.355 0.2857142985
55722  -19.190  -6.641  -44.743 0.2857142985
57098  -19.437  -5.732  -44.899 0.2857142985
55723  -19.574  -5.945  -44.468 0.2857142985
55743  -18.846  -5.765  -45.188 0.2857142985
55704  -19.486  -7.359  -44.015 0.2857142985
55721  -18.545  -7.393  -45.054 0.2857142985
42778  -24.401  -16.714  -38.554 0.4285714328
38508  -23.065  -20.766  -32.037 0.1428571492
40590  -22.713  -19.178  -36.979 0.2857142985
42777  -23.739  -16.700  -38.695 0.4285714328
41688  -24.451  -17.667  -38.957 0.4285714328
46437  -23.348  -13.147  -40.076 0.2857142985
71235  -21.958  5.760  -49.099 0.1428571492
71220  -21.743  5.286  -48.495 0.1428571492
71219  -21.175  5.102  -48.418 0.1428571492
69892  -21.454  4.276  -47.583 0.1428571492
69891  -20.939  4.119  -47.610 0.1428571492
69929  -19.131  4.192  -50.850 0.1428571492
45176  -23.267  -13.931  -40.165 0.2857142985
69893  -22.463  4.503  -47.448 0.1428571492
71221  -22.726  5.505  -48.302 0.1428571492
67242  -21.864  3.350  -47.317 0.1428571492
69906  -21.571  4.804  -48.042 0.1428571492
68558  -21.404  3.674  -47.309 0.1428571492
69919  -20.422  4.914  -49.211 0.1428571492
69918  -19.899  4.357  -49.620 0.1428571492
69904  -19.986  4.204  -48.743 0.1428571492
68580  -19.016  3.589  -50.159 0.1428571492
43933  -23.972  -15.458  -39.123 0.2857142985
71234  -21.000  5.435  -49.085 0.1428571492
69905  -20.615  4.577  -48.354 0.1428571492
72632  -21.328  6.428  -49.597 0.1428571492
69907  -22.127  4.994  -48.101 0.1428571492
54349  -19.496  -8.315  -43.959 0.1428571492
55742  -18.077  -6.547  -45.500 0.1428571492
53005  -15.994  -7.635  -45.341 0.1428571492
55740  -16.366  -6.569  -45.774 0.1428571492
55754  -15.257  -6.259  -46.136 0.1428571492
57134  -16.422  -5.536  -47.066 0.1428571492
57133  -15.546  -5.534  -46.891 0.2857142985
49033  -21.183  -11.671  -41.646 0.1428571492
51619  -20.719  -9.855  -42.990 0.1428571492
52962  -20.901  -9.120  -42.571 0.1428571492
54330  -20.565  -8.591  -43.071 0.1428571492
59670  -26.846  -3.264  -40.901 0.1428571492
54366  -18.910  -7.886  -44.495 0.1428571492
57135  -17.309  -4.987  -46.999 0.1428571492
57145  -15.925  -5.170  -47.452 0.2857142985
59795  -17.498  -3.438  -47.627 0.2857142985
63686  -15.530  -0.615  -47.292 0.2857142985
121933  -14.406  -1.435  -47.480 0.2857142985
68536  -13.592  3.132  -47.261 0.1428571492
59778  -17.823  -3.512  -47.119 0.2857142985
58508  -16.596  -4.367  -48.073 0.2857142985
61120  -17.525  -2.402  -47.325 0.2857142985
62411  -18.556  -1.315  -47.695 0.2857142985
61119  -16.671  -2.839  -47.727 0.2857142985
62408  -15.685  -1.968  -47.587 0.2857142985
66021  -15.455  1.358  -48.054 0.1428571492
121937  -14.195  -0.230  -47.487 0.2857142985
69886  -15.700  3.536  -47.291 0.1428571492
61116  -13.637  -2.160  -48.033 0.1428571492
58493  -14.985  -4.677  -46.988 0.2857142985
64865  -14.427  0.661  -47.810 0.1428571492
66037  -13.627  1.212  -48.407 0.1428571492
121938  -13.301  0.497  -47.990 0.1428571492
55738  -14.065  -6.292  -45.521 0.2857142985
121934  -13.852  -0.021  -47.408 0.1428571492
68538  -14.387  2.670  -46.340 0.1428571492
55718  -11.728  -6.434  -43.305 0.1428571492
61011  -26.776  -2.859  -41.153 0.1428571492
57029  -28.121  -5.123  -40.263 0.1428571492
52981  -20.073  -9.012  -43.661 0.1428571492
59684  -27.373  -3.392  -41.340 0.1428571492
52995  -18.283  -8.704  -44.537 0.1428571492
53008  -17.845  -8.322  -44.889 0.1428571492
53006  -16.487  -8.045  -45.409 0.1428571492
55741  -16.914  -6.455  -45.811 0.1428571492
55756  -16.852  -5.809  -46.496 0.1428571492
57132  -14.594  -5.350  -46.424 0.2857142985
58517  -16.582  -4.050  -48.354 0.1428571492
61130  -16.300  -3.474  -48.167 0.1428571492
61117  -14.672  -2.518  -47.823 0.1428571492
61118  -15.792  -2.950  -47.902 0.1428571492
121931  -13.836  -0.841  -47.307 0.2857142985
66036  -12.819  1.341  -48.509 0.1428571492
66020  -14.389  1.411  -48.197 0.1428571492
67223  -13.403  2.481  -47.091 0.1428571492
68551  -13.468  3.041  -47.843 0.1428571492
58387  -27.592  -4.322  -40.692 0.1428571492
62410  -17.669  -1.356  -47.559 0.2857142985
67237  -14.576  2.197  -48.227 0.1428571492
69884  -13.996  3.551  -47.596 0.1428571492
67251  -13.618  2.084  -48.493 0.1428571492
51600  -21.411  -10.303  -42.130 0.1428571492
62394  -18.194  -1.846  -47.050 0.2857142985
61101  -18.169  -2.644  -46.995 0.2857142985
57136  -17.822  -4.610  -46.580 0.1428571492
58495  -17.515  -4.008  -46.926 0.1428571492
54365  -18.291  -7.992  -44.821 0.1428571492
54381  -17.902  -7.701  -45.236 0.1428571492
52996  -19.002  -8.826  -44.313 0.1428571492
52980  -19.451  -9.105  -44.015 0.1428571492
54380  -17.184  -7.395  -45.497 0.1428571492
54379  -16.358  -7.088  -45.431 0.1428571492
54386  -15.713  -6.567  -45.907 0.1428571492
55755  -16.147  -6.341  -46.373 0.1428571492
55753  -14.604  -6.021  -45.907 0.1428571492
52961  -20.520  -9.334  -43.155 0.1428571492
57147  -16.939  -4.525  -47.607 0.2857142985
58507  -15.696  -4.379  -47.587 0.2857142985
61131  -16.517  -3.344  -48.169 0.2857142985
59796  -17.939  -3.104  -47.199 0.2857142985
58509  -17.369  -4.309  -47.992 0.2857142985
69854  -14.424  3.612  -46.560 0.1428571492
62409  -16.668  -1.631  -47.627 0.2857142985
121936  -15.098  -2.245  -47.670 0.1428571492
69887  -16.770  3.674  -47.540 0.1428571492
58506  -14.636  -3.730  -47.194 0.1428571492
66035  -12.392  1.888  -47.975 0.1428571492
40601  -21.685  -18.540  -37.285 0.1428571492
40610  -23.135  -18.503  -38.386 0.1428571492
41666  -20.987  -17.351  -37.466 0.1428571492
41677  -21.194  -16.694  -37.888 0.1428571492
41668  -22.698  -18.211  -38.132 0.1428571492
42776  -21.950  -16.672  -38.539 0.1428571492
41679  -22.572  -17.639  -38.569 0.1428571492
40611  -23.956  -18.529  -38.590 0.1428571492
42787  -21.563  -15.807  -38.657 0.1428571492
42788  -22.408  -16.413  -38.799 0.1428571492
41687  -23.847  -17.475  -38.930 0.1428571492
42789  -23.122  -16.580  -38.846 0.1428571492
42786  -20.636  -15.748  -38.605 0.1428571492
43930  -21.649  -15.301  -39.309 0.1428571492
43943  -22.333  -14.917  -40.126 0.1428571492
45188  -22.397  -13.711  -40.822 0.1428571492
47739  -22.242  -12.672  -40.933 0.1428571492
57131  -13.848  -5.124  -46.294 0.1428571492
40612  -24.773  -18.097  -38.730 0.1428571492
39547  -21.684  -19.208  -36.855 0.1428571492
40600  -20.868  -18.297  -37.001 0.1428571492
41667  -22.169  -17.868  -37.809 0.1428571492
39548  -22.185  -19.175  -37.162 0.1428571492
40618  -23.900  -18.075  -39.092 0.1428571492
45158  -22.873  -15.117  -39.866 0.1428571492
42764  -20.053  -16.932  -37.734 0.1428571492
41678  -21.747  -17.078  -38.120 0.1428571492
41686  -23.197  -17.486  -38.908 0.1428571492
40617  -23.305  -18.212  -38.920 0.1428571492
43929  -20.888  -15.294  -39.165 0.1428571492
43931  -22.474  -15.470  -39.371 0.1428571492
40589  -21.197  -18.831  -36.710 0.1428571492
40606  -26.110  -17.731  -38.250 0.4285714328
40613  -25.633  -17.731  -38.494 0.4285714328
40614  -26.016  -17.552  -38.412 0.4285714328
40619  -24.273  -17.883  -39.076 0.4285714328
41681  -24.970  -17.385  -38.712 0.4285714328
42754  -25.546  -16.664  -36.835 0.5714285970
46300  -33.596  -13.222  -33.287 0.1428571492
46452  -22.391  -13.131  -40.696 0.1428571492
47555  -31.873  -13.031  -33.091 0.1428571492
47556  -32.167  -12.801  -32.909 0.1428571492
47660  -28.523  -12.324  -36.636 0.2857142985
47679  -26.134  -12.255  -37.675 0.7142857313
48939  -28.254  -11.956  -36.520 0.4285714328
48956  -25.911  -11.844  -37.794 0.7142857313
50243  -24.039  -10.581  -40.044 0.5714285970
51620  -21.110  -10.087  -42.609 0.1428571492
52920  -26.089  -7.952  -39.804 0.8571428657
54387  -16.002  -6.633  -45.694 0.1428571492
55702  -11.932  -7.079  -43.328 0.1428571492
57116  -14.167  -5.612  -45.936 0.2857142985
57146  -16.510  -4.817  -47.470 0.2857142985
58463  -19.349  -3.947  -44.697 0.4285714328
58477  -13.452  -4.857  -46.280 0.1428571492
58494  -15.515  -4.998  -47.317 0.2857142985
58518  -16.861  -4.101  -48.412 0.1428571492
59667  -24.516  -2.923  -40.721 0.4285714328
59683  -24.295  -3.551  -40.935 0.7142857313
59759  -19.212  -2.524  -45.102 0.8571428657
59794  -16.129  -3.772  -48.094 0.1428571492
59803  -16.591  -3.757  -48.359 0.1428571492
59804  -17.059  -3.608  -48.308 0.2857142985
61037  -22.282  -2.201  -42.086 0.7142857313
62306  -26.304  -2.134  -41.219 0.1428571492
62343  -22.029  -1.817  -42.993 0.8571428657
63632  -22.766  -0.307  -43.124 0.1428571492
64798  -23.032  0.365  -43.310 0.1428571492
64813  -23.015  -0.286  -43.092 0.1428571492
64875  -13.216  0.878  -48.472 0.1428571492
64876  -13.513  0.835  -48.242 0.1428571492
65999  -13.328  1.940  -46.967 0.1428571492
66002  -18.969  1.694  -46.774 0.2857142985
66018  -12.834  1.860  -47.309 0.1428571492
66019  -12.697  1.205  -47.745 0.1428571492
67224  -13.805  2.276  -46.628 0.1428571492
67235  -12.917  2.524  -47.645 0.1428571492
67236  -14.028  2.508  -48.335 0.2857142985
67250  -12.919  2.336  -48.310 0.1428571492
67252  -14.015  1.717  -48.381 0.1428571492
68537  -14.073  3.198  -46.497 0.1428571492
68565  -13.533  2.673  -48.279 0.1428571492
68566  -13.793  2.608  -48.327 0.2857142985
69868  -13.761  3.458  -47.431 0.1428571492
121935  -14.012  -0.625  -47.381 0.2857142985
