#!ascii label  , from subject sub-NDARAG610XL4 vox2ras=TkReg
738
77162  6.706  -11.393  43.719 0.0000000000
67951  2.575  -19.044  33.770 0.0000000000
77147  1.779  -11.540  43.719 0.0000000000
79468  3.411  -9.405  39.364 0.0000000000
78502  7.456  -10.648  34.422 0.0000000000
79389  4.288  -9.830  47.151 0.0000000000
82086  3.742  -7.271  44.118 0.0000000000
75892  10.475  -11.880  43.435 0.0000000000
123455  7.413  -12.906  44.510 0.0000000000
123440  3.773  -13.296  44.200 0.0000000000
83847  4.715  -4.592  38.507 0.0000000000
79503  4.832  -9.458  36.216 0.0000000000
82161  6.963  -6.110  35.411 0.0000000000
73636  -0.994  -15.523  41.432 0.0000000000
73675  0.932  -15.221  39.274 0.0000000000
77178  1.927  -11.709  41.685 0.0000000000
83833  3.903  -4.829  41.627 0.0000000000
72521  4.331  -15.410  36.493 0.0000000000
73715  4.687  -14.520  32.878 0.0000000000
73728  7.828  -14.845  31.222 0.0000000000
78531  10.644  -10.502  31.973 0.0000000000
123499  6.424  -10.101  45.604 0.0000000000
80323  4.528  -8.732  45.204 0.0000000000
77128  9.040  -10.981  44.626 0.0000000000
74682  9.109  -12.226  44.230 0.0000000000
77118  7.903  -10.910  45.476 0.0000000000
123475  5.555  -11.106  46.378 0.0000000000
83010  5.790  -5.526  36.685 0.0000000000
73615  0.551  -14.591  42.378 0.0000000000
74714  0.645  -13.975  41.284 0.0000000000
78379  1.498  -11.227  42.745 0.0000000000
82957  6.076  -5.661  43.815 0.0000000000
83818  3.272  -5.172  44.006 0.0000000000
77129  2.730  -12.074  44.497 0.0000000000
123461  1.353  -15.945  44.067 0.0000000000
123485  0.736  -15.517  43.548 0.0000000000
71223  -0.975  -16.378  43.010 0.0000000000
75946  3.363  -12.361  39.433 0.0000000000
72508  2.690  -15.412  38.223 0.0000000000
75960  4.400  -12.268  38.008 0.0000000000
78488  6.136  -10.308  35.314 0.0000000000
77295  4.810  -11.823  34.184 0.0000000000
77330  5.364  -11.991  32.864 0.0000000000
74807  5.595  -14.393  32.178 0.0000000000
76003  7.482  -12.086  32.989 0.0000000000
78335  2.000  -10.379  45.079 0.0000000000
79433  2.079  -9.456  44.203 0.0000000000
80324  3.742  -8.455  45.917 0.0000000000
81223  4.843  -7.263  44.394 0.0000000000
75902  12.519  -12.411  42.578 0.0000000000
73644  11.497  -13.629  40.538 0.0000000000
74710  10.535  -13.195  42.191 0.0000000000
74712  8.412  -14.270  42.227 0.0000000000
123442  4.840  -13.151  43.520 0.0000000000
123460  2.921  -11.805  45.980 0.0000000000
82140  4.092  -6.840  38.745 0.0000000000
79488  3.966  -9.830  37.808 0.0000000000
81310  5.663  -7.434  37.687 0.0000000000
81330  6.220  -7.637  36.134 0.0000000000
80443  6.371  -8.346  34.738 0.0000000000
78391  8.734  -11.008  42.085 0.0000000000
77193  14.971  -11.712  40.603 0.0000000000
78366  15.729  -10.267  42.217 0.0000000000
78350  11.959  -10.654  43.167 0.0000000000
78371  10.795  -10.538  42.910 0.0000000000
70069  -1.095  -17.624  40.344 0.0000000000
70078  -0.202  -17.399  39.588 0.0000000000
73663  -0.478  -15.014  39.888 0.0000000000
75930  2.105  -12.913  40.892 0.0000000000
78426  2.714  -10.060  40.259 0.0000000000
80360  3.246  -8.657  42.906 0.0000000000
81273  3.080  -7.641  42.015 0.0000000000
81281  3.114  -7.312  40.314 0.0000000000
82984  4.509  -5.064  40.049 0.0000000000
70088  1.241  -17.793  38.099 0.0000000000
70105  1.899  -17.915  36.378 0.0000000000
70123  2.292  -17.222  34.311 0.0000000000
75972  4.850  -12.731  36.529 0.0000000000
73707  4.545  -14.541  34.274 0.0000000000
71316  1.544  -16.218  32.606 0.0000000000
72565  3.534  -15.975  31.149 0.0000000000
71326  6.326  -16.014  30.464 0.0000000000
82181  8.260  -6.239  33.637 0.0000000000
80455  8.785  -8.445  33.699 0.0000000000
80462  9.982  -8.314  32.426 0.0000000000
78517  8.838  -10.579  33.509 0.0000000000
76015  9.446  -12.772  32.777 0.0000000000
123502  6.045  -11.372  44.293 0.0000000000
123501  5.194  -10.460  44.581 0.0000000000
78375  6.282  -10.830  43.164 0.0000000000
77145  8.404  -11.211  43.706 0.0000000000
77120  8.193  -11.394  45.021 0.0000000000
77146  7.420  -11.510  44.529 0.0000000000
123456  7.273  -10.402  45.581 0.0000000000
67929  2.897  -19.636  34.443 0.0000000000
69083  3.157  -18.499  33.264 0.0000000000
74695  0.906  -13.447  42.906 0.0000000000
75903  1.182  -12.824  42.425 0.0000000000
78358  1.629  -11.138  43.334 0.0000000000
74740  13.106  -13.618  39.720 0.0000000000
75882  1.972  -12.690  44.085 0.0000000000
74683  1.658  -13.473  43.494 0.0000000000
74694  1.066  -13.566  43.334 0.0000000000
123462  0.430  -14.880  42.811 0.0000000000
77219  3.466  -11.312  39.590 0.0000000000
75961  4.026  -12.824  38.824 0.0000000000
77236  3.854  -11.612  38.454 0.0000000000
78503  6.502  -11.072  34.736 0.0000000000
78504  5.832  -11.147  34.702 0.0000000000
78519  6.267  -11.219  34.028 0.0000000000
77329  6.075  -11.871  32.678 0.0000000000
77309  7.406  -11.571  33.410 0.0000000000
79396  2.261  -10.439  46.700 0.0000000000
80327  1.454  -9.327  45.199 0.0000000000
80318  3.502  -9.213  46.214 0.0000000000
81236  4.739  -7.895  44.480 0.0000000000
81248  5.780  -6.666  43.396 0.0000000000
75891  11.519  -12.096  43.328 0.0000000000
74698  11.400  -12.695  43.090 0.0000000000
74691  10.436  -12.540  43.355 0.0000000000
123443  8.146  -12.206  45.103 0.0000000000
74693  8.776  -12.992  44.165 0.0000000000
74701  8.146  -13.657  43.274 0.0000000000
74702  5.848  -12.933  43.232 0.0000000000
78318  5.330  -10.586  46.625 0.0000000000
123459  4.337  -11.339  45.701 0.0000000000
78320  2.984  -11.413  47.276 0.0000000000
77119  1.846  -11.629  46.187 0.0000000000
83000  4.360  -6.393  38.614 0.0000000000
82139  4.638  -6.791  38.394 0.0000000000
82147  5.301  -6.625  37.886 0.0000000000
83009  6.314  -5.589  36.132 0.0000000000
82163  6.377  -6.778  36.133 0.0000000000
81329  6.339  -7.181  35.566 0.0000000000
81341  6.193  -7.564  34.918 0.0000000000
82173  6.761  -6.873  35.243 0.0000000000
78349  13.141  -10.637  42.629 0.0000000000
72491  -1.184  -16.077  41.133 0.0000000000
72501  -0.720  -16.018  40.574 0.0000000000
73651  -0.766  -15.365  41.120 0.0000000000
75931  1.460  -13.290  41.148 0.0000000000
75914  2.043  -12.362  41.411 0.0000000000
77201  2.607  -11.822  41.061 0.0000000000
78412  2.589  -10.603  40.856 0.0000000000
81238  2.589  -8.517  44.344 0.0000000000
80349  2.844  -8.872  43.662 0.0000000000
81251  3.609  -7.835  42.976 0.0000000000
83827  2.961  -4.976  42.202 0.0000000000
82106  2.838  -6.707  42.281 0.0000000000
82970  2.696  -5.810  41.819 0.0000000000
81282  2.962  -7.683  41.027 0.0000000000
82978  3.321  -5.790  41.015 0.0000000000
82985  3.817  -5.873  39.955 0.0000000000
82977  4.178  -5.207  40.717 0.0000000000
73645  10.429  -14.066  40.434 0.0000000000
73655  10.963  -14.105  39.567 0.0000000000
123474  3.751  -14.075  43.062 0.0000000000
123448  3.003  -15.267  42.621 0.0000000000
71201  0.721  -16.323  44.745 0.0000000000
123482  1.352  -17.341  44.191 0.0000000000
72474  -1.295  -15.908  42.357 0.0000000000
71233  -1.787  -17.053  42.289 0.0000000000
72511  0.542  -15.662  39.274 0.0000000000
70089  0.733  -17.343  38.692 0.0000000000
71269  0.881  -16.110  38.698 0.0000000000
72515  3.186  -15.715  37.585 0.0000000000
71288  2.463  -16.620  37.206 0.0000000000
70103  3.031  -16.897  36.410 0.0000000000
70114  2.380  -17.485  35.497 0.0000000000
71295  3.559  -16.732  35.928 0.0000000000
79504  4.051  -10.072  36.844 0.0000000000
78459  4.210  -10.954  36.896 0.0000000000
78475  4.559  -10.840  36.155 0.0000000000
76005  3.827  -12.822  33.223 0.0000000000
74782  4.204  -13.595  33.733 0.0000000000
73710  4.514  -14.482  33.465 0.0000000000
72541  3.603  -15.878  33.339 0.0000000000
72546  3.444  -15.579  32.532 0.0000000000
72555  2.494  -15.943  31.338 0.0000000000
72553  4.283  -15.194  32.261 0.0000000000
73719  6.845  -14.718  32.087 0.0000000000
72563  5.813  -15.266  30.705 0.0000000000
72562  7.032  -15.533  30.635 0.0000000000
82190  8.669  -6.199  32.920 0.0000000000
81350  8.420  -7.283  33.722 0.0000000000
81360  9.264  -7.181  32.507 0.0000000000
80472  10.575  -8.566  30.543 0.0000000000
80461  10.323  -8.907  32.297 0.0000000000
79547  10.097  -9.405  33.036 0.0000000000
78515  10.503  -10.324  32.921 0.0000000000
77325  9.844  -11.905  33.003 0.0000000000
77324  10.617  -11.514  32.545 0.0000000000
79388  5.346  -9.588  46.481 0.0000000000
80316  4.781  -8.744  45.997 0.0000000000
79392  5.511  -9.607  45.455 0.0000000000
77127  10.038  -11.066  44.552 0.0000000000
74681  9.722  -12.275  43.679 0.0000000000
75879  9.589  -11.460  44.212 0.0000000000
75880  8.589  -11.510  44.586 0.0000000000
75870  5.860  -11.521  45.506 0.0000000000
123444  7.429  -10.544  45.715 0.0000000000
78317  6.405  -10.220  46.093 0.0000000000
84707  5.484  -3.852  37.852 0.0000000000
83004  5.363  -5.054  37.071 0.0000000000
84714  5.539  -3.930  37.161 0.0000000000
83860  6.247  -4.695  36.177 0.0000000000
83869  6.735  -4.407  35.587 0.0000000000
73621  0.125  -14.968  41.772 0.0000000000
73634  0.102  -14.613  41.219 0.0000000000
74704  1.049  -14.070  42.002 0.0000000000
77179  1.401  -12.172  42.151 0.0000000000
78395  1.898  -10.619  41.997 0.0000000000
82958  4.914  -5.948  44.576 0.0000000000
82954  3.410  -6.535  43.991 0.0000000000
83816  4.516  -5.092  44.305 0.0000000000
84680  4.000  -4.176  43.460 0.0000000000
84685  4.175  -3.903  42.767 0.0000000000
84688  4.980  -4.066  41.645 0.0000000000
75881  3.137  -13.137  44.188 0.0000000000
123465  2.012  -15.190  43.363 0.0000000000
123488  1.535  -14.864  43.462 0.0000000000
123481  0.832  -15.959  44.062 0.0000000000
72447  0.250  -16.300  43.988 0.0000000000
72457  -0.989  -16.396  44.677 0.0000000000
72455  0.143  -15.743  43.218 0.0000000000
72463  -0.164  -15.383  42.519 0.0000000000
74742  2.474  -13.928  39.871 0.0000000000
72509  2.002  -15.466  38.414 0.0000000000
73659  3.005  -14.431  39.283 0.0000000000
74756  3.875  -13.983  38.807 0.0000000000
73683  4.734  -14.282  37.273 0.0000000000
79521  5.117  -10.271  35.643 0.0000000000
78490  4.937  -11.048  35.059 0.0000000000
78505  5.280  -11.443  34.489 0.0000000000
77312  4.996  -11.754  33.491 0.0000000000
76020  4.849  -12.631  32.857 0.0000000000
74808  5.165  -14.116  32.553 0.0000000000
76019  5.722  -12.760  32.635 0.0000000000
76018  6.589  -12.772  32.564 0.0000000000
74805  7.876  -13.828  32.260 0.0000000000
79568  11.172  -9.790  30.666 0.0000000000
77346  11.127  -11.432  31.571 0.0000000000
78552  11.699  -10.566  30.166 0.0000000000
78357  1.967  -10.805  43.864 0.0000000000
79415  1.559  -9.423  44.685 0.0000000000
81227  2.176  -8.387  44.795 0.0000000000
81226  3.130  -8.167  44.722 0.0000000000
81219  4.187  -8.256  45.877 0.0000000000
81224  4.387  -7.855  45.104 0.0000000000
82951  4.427  -6.585  44.638 0.0000000000
82088  5.358  -6.562  44.256 0.0000000000
74708  12.704  -13.197  41.454 0.0000000000
73629  12.327  -13.511  41.050 0.0000000000
73630  11.781  -13.416  41.313 0.0000000000
74692  9.701  -12.674  43.574 0.0000000000
74700  9.306  -13.036  42.899 0.0000000000
73631  8.971  -14.277  41.339 0.0000000000
74674  4.292  -13.194  44.097 0.0000000000
123495  4.261  -12.131  44.430 0.0000000000
123445  3.770  -13.156  44.270 0.0000000000
123504  2.951  -12.017  45.347 0.0000000000
78334  2.714  -11.085  44.631 0.0000000000
80402  3.866  -8.704  38.807 0.0000000000
79477  3.901  -9.506  38.587 0.0000000000
80401  4.373  -8.224  38.381 0.0000000000
80411  5.056  -8.820  37.961 0.0000000000
80420  5.020  -8.837  37.041 0.0000000000
82155  5.611  -6.325  37.308 0.0000000000
81319  6.189  -7.648  37.132 0.0000000000
79502  5.504  -9.014  35.902 0.0000000000
79520  5.730  -9.438  35.406 0.0000000000
79536  5.946  -8.906  34.807 0.0000000000
80442  7.189  -8.446  34.559 0.0000000000
77160  8.154  -11.125  42.498 0.0000000000
75926  14.195  -12.252  40.498 0.0000000000
78364  18.074  -9.876  42.300 0.0000000000
78346  16.212  -9.827  43.236 0.0000000000
78365  16.948  -9.944  42.293 0.0000000000
77156  15.180  -11.118  41.804 0.0000000000
77172  14.662  -11.636  41.274 0.0000000000
75909  13.990  -12.000  41.623 0.0000000000
77141  12.282  -11.458  43.116 0.0000000000
77142  11.106  -11.376  43.369 0.0000000000
78370  11.436  -10.435  43.040 0.0000000000
78330  10.248  -10.935  44.231 0.0000000000
78352  10.123  -10.792  43.727 0.0000000000
78373  8.977  -10.704  42.870 0.0000000000
71250  0.066  -16.035  40.104 0.0000000000
73662  0.222  -14.802  39.651 0.0000000000
74715  0.046  -14.499  40.881 0.0000000000
73648  0.746  -14.451  40.121 0.0000000000
74743  1.589  -14.187  40.037 0.0000000000
75947  2.581  -13.000  39.944 0.0000000000
77200  3.141  -11.136  40.472 0.0000000000
79469  2.866  -9.662  39.941 0.0000000000
78378  1.843  -10.426  42.987 0.0000000000
79442  2.505  -9.626  42.417 0.0000000000
82096  3.034  -6.805  42.972 0.0000000000
79452  2.396  -9.595  41.349 0.0000000000
80384  2.694  -8.729  40.768 0.0000000000
80394  2.891  -8.944  39.978 0.0000000000
80393  3.352  -8.357  39.464 0.0000000000
82133  3.638  -6.742  39.328 0.0000000000
82993  4.032  -6.109  38.944 0.0000000000
83843  4.781  -4.495  39.519 0.0000000000
84692  5.294  -3.886  40.729 0.0000000000
84697  5.011  -3.658  39.913 0.0000000000
84701  5.279  -3.755  38.631 0.0000000000
123505  2.677  -17.377  41.219 0.0000000000
123483  1.742  -16.787  43.711 0.0000000000
71278  1.985  -16.404  37.611 0.0000000000
70097  1.544  -17.303  37.559 0.0000000000
70132  1.945  -17.338  33.665 0.0000000000
77255  4.033  -11.430  37.724 0.0000000000
75969  4.771  -12.690  37.390 0.0000000000
74766  5.019  -14.297  36.465 0.0000000000
77284  5.411  -11.845  35.092 0.0000000000
74775  4.634  -13.678  34.757 0.0000000000
72526  4.377  -15.613  35.854 0.0000000000
71301  3.747  -16.376  34.705 0.0000000000
71308  2.611  -16.616  33.553 0.0000000000
69097  1.698  -17.545  32.719 0.0000000000
70141  2.300  -17.673  32.063 0.0000000000
73731  5.054  -14.879  31.643 0.0000000000
71327  5.454  -16.278  30.627 0.0000000000
83868  7.266  -4.586  34.983 0.0000000000
83023  8.400  -5.171  34.158 0.0000000000
82172  7.306  -6.361  34.913 0.0000000000
81351  7.632  -7.226  34.080 0.0000000000
81339  7.640  -7.730  34.229 0.0000000000
79534  7.672  -9.370  34.452 0.0000000000
81359  9.623  -7.908  32.955 0.0000000000
79548  9.138  -9.501  33.654 0.0000000000
78518  8.071  -10.862  33.682 0.0000000000
77308  8.430  -11.576  33.219 0.0000000000
76016  8.444  -12.691  32.845 0.0000000000
74804  8.529  -13.690  32.388 0.0000000000
74816  9.719  -14.056  31.355 0.0000000000
123477  6.881  -10.770  45.360 0.0000000000
67930  2.033  -19.509  34.452 0.0000000000
67950  3.520  -19.059  33.911 0.0000000000
69084  2.332  -18.326  33.229 0.0000000000
75895  1.258  -12.633  43.021 0.0000000000
77148  1.391  -11.860  43.314 0.0000000000
74722  13.805  -12.940  40.245 0.0000000000
74723  13.252  -13.394  40.615 0.0000000000
77131  1.755  -12.113  43.815 0.0000000000
75883  1.500  -12.640  43.550 0.0000000000
74684  1.283  -13.137  43.255 0.0000000000
78441  3.604  -10.388  38.718 0.0000000000
77293  6.879  -11.304  34.109 0.0000000000
79395  3.341  -9.628  46.667 0.0000000000
79394  3.907  -9.347  46.882 0.0000000000
74690  10.989  -12.376  43.370 0.0000000000
75877  10.157  -12.293  43.395 0.0000000000
78319  4.133  -10.909  47.184 0.0000000000
79390  3.191  -10.493  47.262 0.0000000000
79391  2.564  -10.889  47.262 0.0000000000
82999  4.647  -5.824  38.331 0.0000000000
83852  4.650  -5.129  37.809 0.0000000000
83016  6.718  -5.319  35.594 0.0000000000
82162  6.541  -6.294  35.784 0.0000000000
81237  3.470  -8.074  43.783 0.0000000000
83834  3.136  -5.292  41.641 0.0000000000
71202  0.054  -16.258  45.044 0.0000000000
71208  0.373  -16.692  45.218 0.0000000000
73623  -1.205  -15.615  41.846 0.0000000000
72481  -1.464  -16.091  41.753 0.0000000000
71243  -1.583  -16.900  41.497 0.0000000000
72510  1.250  -15.670  38.670 0.0000000000
72522  3.931  -15.865  36.689 0.0000000000
71287  3.083  -16.495  36.908 0.0000000000
72527  4.055  -16.150  36.058 0.0000000000
74787  4.299  -13.657  33.201 0.0000000000
74788  3.734  -13.201  33.267 0.0000000000
72545  4.301  -15.285  33.007 0.0000000000
73718  7.358  -14.328  32.229 0.0000000000
73729  6.423  -14.757  31.276 0.0000000000
79561  10.656  -9.627  31.404 0.0000000000
80466  10.366  -8.797  31.745 0.0000000000
79555  10.431  -9.547  32.358 0.0000000000
79546  10.446  -9.739  32.836 0.0000000000
79387  6.040  -9.771  45.937 0.0000000000
79393  5.429  -9.299  45.938 0.0000000000
78355  5.334  -10.595  43.760 0.0000000000
78332  9.805  -10.776  44.348 0.0000000000
75869  8.066  -11.247  45.410 0.0000000000
75868  7.918  -10.720  45.674 0.0000000000
78316  6.809  -10.026  45.869 0.0000000000
84713  6.125  -3.723  36.554 0.0000000000
84721  6.610  -3.819  35.889 0.0000000000
72472  -0.221  -15.280  42.131 0.0000000000
77163  1.231  -11.996  42.649 0.0000000000
78396  1.499  -11.513  42.229 0.0000000000
82959  4.087  -5.804  44.531 0.0000000000
84672  4.767  -4.200  43.969 0.0000000000
84679  4.975  -3.572  43.048 0.0000000000
85544  5.250  -3.375  42.319 0.0000000000
78324  3.228  -11.998  44.836 0.0000000000
72456  -0.360  -16.644  44.026 0.0000000000
123484  0.625  -14.187  42.791 0.0000000000
74741  3.262  -13.429  39.435 0.0000000000
74755  4.554  -13.441  37.992 0.0000000000
73671  4.247  -14.435  38.064 0.0000000000
78489  5.565  -10.693  35.299 0.0000000000
78521  5.489  -11.344  33.948 0.0000000000
76004  4.388  -12.402  33.380 0.0000000000
77328  6.869  -11.990  32.874 0.0000000000
74793  7.130  -13.704  32.521 0.0000000000
76017  7.509  -12.667  32.662 0.0000000000
80471  11.111  -9.277  30.274 0.0000000000
79567  11.454  -9.708  30.049 0.0000000000
78553  11.337  -10.467  30.742 0.0000000000
79414  2.063  -10.107  44.331 0.0000000000
78336  1.643  -9.953  45.157 0.0000000000
80325  3.362  -8.906  45.622 0.0000000000
80326  2.059  -8.953  45.206 0.0000000000
81225  3.810  -7.950  45.471 0.0000000000
82084  4.181  -7.025  45.077 0.0000000000
82083  4.602  -6.874  44.547 0.0000000000
75911  12.575  -12.858  41.868 0.0000000000
74709  11.803  -13.134  42.061 0.0000000000
74699  10.622  -12.891  42.983 0.0000000000
74724  11.278  -13.404  41.513 0.0000000000
74711  9.303  -13.471  41.989 0.0000000000
73620  7.339  -13.839  42.184 0.0000000000
123431  4.432  -13.481  43.306 0.0000000000
123458  3.822  -11.374  46.618 0.0000000000
78327  1.678  -10.914  45.770 0.0000000000
78326  2.158  -11.195  45.458 0.0000000000
81301  3.769  -7.656  38.911 0.0000000000
81311  5.067  -7.672  38.175 0.0000000000
80410  5.604  -8.283  37.516 0.0000000000
83005  5.163  -5.635  37.380 0.0000000000
83011  5.641  -6.004  37.031 0.0000000000
82154  6.134  -6.585  36.834 0.0000000000
80419  5.654  -8.554  36.499 0.0000000000
80431  5.772  -8.462  35.636 0.0000000000
80444  5.757  -8.357  34.966 0.0000000000
79535  6.545  -9.549  34.917 0.0000000000
77192  15.585  -11.590  40.402 0.0000000000
75925  15.163  -11.944  39.968 0.0000000000
78329  15.584  -9.794  43.502 0.0000000000
79425  16.385  -9.450  43.543 0.0000000000
77157  14.347  -11.479  42.136 0.0000000000
75900  13.915  -11.815  42.136 0.0000000000
78351  10.614  -10.999  43.491 0.0000000000
78331  10.234  -10.925  44.404 0.0000000000
78390  9.523  -10.894  42.089 0.0000000000
69019  -1.711  -19.140  40.560 0.0000000000
73664  -0.708  -15.142  40.416 0.0000000000
71258  -0.296  -16.329  40.196 0.0000000000
72500  -0.351  -15.548  40.128 0.0000000000
72499  -0.072  -15.439  39.793 0.0000000000
74728  1.171  -13.694  40.637 0.0000000000
74727  2.000  -13.568  40.323 0.0000000000
78411  2.978  -10.688  40.437 0.0000000000
78425  3.201  -10.361  40.010 0.0000000000
79432  2.477  -9.633  43.589 0.0000000000
80361  2.976  -8.621  43.556 0.0000000000
82961  2.918  -6.011  43.644 0.0000000000
82089  3.563  -7.034  43.431 0.0000000000
80373  2.859  -8.662  41.733 0.0000000000
81292  2.981  -8.060  40.171 0.0000000000
81291  3.299  -7.452  39.669 0.0000000000
82992  4.508  -5.359  39.235 0.0000000000
73643  12.504  -13.739  40.085 0.0000000000
123463  3.287  -16.422  41.233 0.0000000000
70058  -1.795  -17.988  41.217 0.0000000000
123367  -2.181  -18.874  41.118 0.0000000000
67880  0.175  -19.067  38.404 0.0000000000
69032  0.907  -18.507  38.093 0.0000000000
69031  1.465  -18.078  37.802 0.0000000000
72517  1.758  -15.934  38.118 0.0000000000
72516  2.371  -15.854  37.897 0.0000000000
70104  2.480  -17.153  36.702 0.0000000000
70096  2.110  -16.849  37.264 0.0000000000
69043  1.527  -18.612  37.138 0.0000000000
70115  1.593  -17.945  35.482 0.0000000000
71302  2.932  -16.954  34.912 0.0000000000
70124  1.718  -17.718  34.662 0.0000000000
69074  1.618  -18.252  34.172 0.0000000000
78460  3.892  -10.809  37.500 0.0000000000
77254  4.415  -11.671  37.137 0.0000000000
74763  5.217  -13.567  37.066 0.0000000000
73701  4.700  -14.679  35.350 0.0000000000
72534  4.434  -15.560  34.731 0.0000000000
71300  4.275  -16.016  35.218 0.0000000000
72542  2.818  -15.984  32.814 0.0000000000
71315  2.243  -16.056  32.772 0.0000000000
71309  1.813  -16.810  33.128 0.0000000000
70142  1.612  -17.430  32.293 0.0000000000
70149  1.230  -16.859  32.175 0.0000000000
71328  4.381  -16.428  30.979 0.0000000000
73721  4.986  -14.584  32.110 0.0000000000
73720  5.371  -14.568  31.953 0.0000000000
70166  5.840  -17.050  30.472 0.0000000000
83033  8.505  -5.367  33.507 0.0000000000
83034  8.213  -5.796  34.048 0.0000000000
83024  7.739  -5.480  34.510 0.0000000000
82182  7.760  -6.536  34.178 0.0000000000
80441  8.016  -8.392  34.153 0.0000000000
79533  8.385  -9.142  34.024 0.0000000000
80467  10.097  -7.862  31.345 0.0000000000
80463  9.618  -7.432  31.699 0.0000000000
78516  9.818  -10.394  33.583 0.0000000000
78501  8.251  -10.011  33.954 0.0000000000
77326  9.085  -12.030  33.008 0.0000000000
74792  8.488  -13.273  32.719 0.0000000000
74791  8.907  -13.365  32.814 0.0000000000
123500  5.743  -10.575  45.141 0.0000000000
78354  5.870  -10.951  43.720 0.0000000000
78376  5.407  -10.202  42.641 0.0000000000
123496  8.317  -11.400  44.504 0.0000000000
123518  7.739  -11.201  45.269 0.0000000000
123497  7.650  -10.792  45.453 0.0000000000
123498  7.232  -11.103  45.164 0.0000000000
74696  0.815  -13.902  42.488 0.0000000000
74703  0.995  -13.457  42.377 0.0000000000
123464  0.808  -14.427  43.280 0.0000000000
78520  6.006  -11.178  33.973 0.0000000000
77311  5.681  -11.515  33.343 0.0000000000
77310  6.445  -11.418  33.501 0.0000000000
77327  7.238  -12.046  32.935 0.0000000000
79397  1.721  -10.728  46.184 0.0000000000
79404  2.012  -10.388  45.073 0.0000000000
79403  3.047  -9.941  45.587 0.0000000000
80335  4.547  -8.564  44.402 0.0000000000
81250  4.999  -7.862  43.819 0.0000000000
81235  5.425  -7.162  44.009 0.0000000000
81249  5.406  -7.026  43.289 0.0000000000
123457  4.902  -11.173  46.439 0.0000000000
77117  2.028  -11.716  46.582 0.0000000000
78321  2.230  -11.646  46.953 0.0000000000
78323  1.654  -11.234  46.721 0.0000000000
81300  4.344  -7.422  38.479 0.0000000000
82153  6.244  -6.145  36.320 0.0000000000
81342  5.913  -7.788  35.369 0.0000000000
81340  7.063  -7.384  34.599 0.0000000000
78406  15.866  -11.155  40.656 0.0000000000
78347  15.092  -10.198  43.207 0.0000000000
78369  13.460  -11.184  42.617 0.0000000000
79428  13.070  -9.970  42.673 0.0000000000
78372  9.933  -10.705  42.933 0.0000000000
71251  -1.291  -16.846  40.784 0.0000000000
73650  -0.531  -14.903  40.449 0.0000000000
75915  1.384  -12.945  41.645 0.0000000000
74713  1.151  -13.480  41.210 0.0000000000
80350  2.344  -8.895  44.106 0.0000000000
81252  3.057  -8.474  43.661 0.0000000000
81265  3.065  -8.176  43.175 0.0000000000
83823  3.143  -4.790  43.212 0.0000000000
82965  2.702  -5.803  42.713 0.0000000000
82116  2.976  -6.710  41.480 0.0000000000
82126  3.205  -6.742  40.729 0.0000000000
82125  3.341  -6.700  40.046 0.0000000000
82986  3.416  -6.271  40.441 0.0000000000
82976  4.611  -4.854  40.515 0.0000000000
73656  10.224  -14.555  39.710 0.0000000000
123493  4.236  -14.138  41.813 0.0000000000
123447  1.322  -16.568  44.659 0.0000000000
72465  -1.154  -16.211  42.743 0.0000000000
71224  -1.490  -16.766  43.032 0.0000000000
70048  -1.884  -17.540  41.805 0.0000000000
70077  0.367  -16.826  39.346 0.0000000000
70090  0.158  -17.626  39.016 0.0000000000
71270  0.615  -16.417  39.063 0.0000000000
71280  0.899  -16.578  38.522 0.0000000000
70098  1.046  -16.847  38.158 0.0000000000
71277  2.630  -16.225  37.466 0.0000000000
70113  3.002  -17.268  36.089 0.0000000000
71296  3.010  -17.176  35.597 0.0000000000
78476  4.150  -10.627  36.836 0.0000000000
77270  4.840  -11.953  36.079 0.0000000000
75992  3.766  -12.920  33.413 0.0000000000
75991  4.377  -12.763  33.993 0.0000000000
74783  3.902  -13.084  33.522 0.0000000000
72540  4.419  -15.364  33.766 0.0000000000
72547  2.393  -15.673  32.212 0.0000000000
72554  3.412  -15.533  31.742 0.0000000000
74806  6.148  -14.568  31.941 0.0000000000
74820  5.815  -14.502  31.812 0.0000000000
83044  8.433  -5.159  32.484 0.0000000000
81349  9.208  -7.826  33.325 0.0000000000
79556  10.265  -9.034  32.566 0.0000000000
77307  9.354  -11.252  33.218 0.0000000000
77306  10.200  -11.181  33.340 0.0000000000
76014  10.198  -12.410  32.539 0.0000000000
80313  4.517  -9.222  46.650 0.0000000000
80315  5.090  -9.089  45.624 0.0000000000
80322  4.990  -9.164  45.347 0.0000000000
123519  5.165  -9.972  44.923 0.0000000000
79401  4.609  -9.386  44.996 0.0000000000
77144  10.294  -11.040  44.507 0.0000000000
75878  9.890  -11.912  43.626 0.0000000000
75894  10.155  -11.226  44.406 0.0000000000
123478  7.059  -10.107  45.798 0.0000000000
83846  5.022  -4.118  38.075 0.0000000000
83851  5.056  -4.557  37.498 0.0000000000
83861  5.595  -4.557  36.789 0.0000000000
73622  -0.756  -15.341  41.789 0.0000000000
73635  -0.423  -14.927  41.115 0.0000000000
75916  1.087  -13.564  41.774 0.0000000000
75904  1.068  -13.310  42.058 0.0000000000
82953  3.729  -6.482  44.441 0.0000000000
82960  3.451  -5.837  44.234 0.0000000000
83815  5.452  -4.885  44.060 0.0000000000
84673  4.019  -4.686  44.065 0.0000000000
84681  3.587  -4.703  43.798 0.0000000000
83822  3.700  -4.251  42.998 0.0000000000
84689  4.343  -4.219  42.214 0.0000000000
84684  4.805  -3.683  42.312 0.0000000000
72442  0.265  -16.327  44.593 0.0000000000
72448  -0.412  -16.363  44.740 0.0000000000
71217  -0.540  -16.319  43.274 0.0000000000
71216  -0.335  -15.831  42.943 0.0000000000
71222  -0.621  -15.917  42.856 0.0000000000
72464  -0.857  -15.797  42.641 0.0000000000
72473  -0.577  -15.384  42.213 0.0000000000
73660  2.026  -14.546  39.416 0.0000000000
73674  1.595  -15.061  38.978 0.0000000000
73673  2.443  -14.959  38.760 0.0000000000
73672  3.419  -14.953  38.383 0.0000000000
73684  4.098  -15.095  37.369 0.0000000000
73693  4.241  -15.288  36.782 0.0000000000
76021  4.165  -12.842  32.912 0.0000000000
74796  4.654  -13.626  32.841 0.0000000000
74795  5.366  -13.583  32.643 0.0000000000
74794  6.292  -13.935  32.575 0.0000000000
73714  6.951  -14.247  32.454 0.0000000000
73713  7.170  -14.133  32.449 0.0000000000
78542  11.042  -10.479  31.203 0.0000000000
67952  1.851  -18.765  33.859 0.0000000000
79416  1.391  -9.533  45.075 0.0000000000
80337  1.073  -8.930  45.086 0.0000000000
80336  1.731  -8.691  44.714 0.0000000000
82085  3.698  -7.116  44.869 0.0000000000
80317  3.919  -8.852  46.385 0.0000000000
81220  3.921  -8.275  46.006 0.0000000000
82952  4.178  -6.473  44.703 0.0000000000
82087  5.827  -6.392  43.697 0.0000000000
75910  13.320  -12.675  41.457 0.0000000000
74725  10.480  -13.564  41.289 0.0000000000
74726  9.773  -14.016  41.125 0.0000000000
74680  10.069  -12.338  43.574 0.0000000000
123473  5.151  -13.521  42.229 0.0000000000
123441  3.975  -13.460  44.093 0.0000000000
123446  3.890  -12.948  44.328 0.0000000000
78333  2.896  -12.023  44.782 0.0000000000
77121  2.312  -11.679  45.740 0.0000000000
78325  2.881  -11.509  45.287 0.0000000000
77130  2.359  -11.911  44.069 0.0000000000
79476  4.417  -9.168  38.227 0.0000000000
79487  4.376  -9.254  37.261 0.0000000000
82146  5.835  -6.908  37.407 0.0000000000
79519  6.145  -9.726  35.327 0.0000000000
77161  7.217  -11.215  43.044 0.0000000000
77175  8.115  -11.306  41.633 0.0000000000
75927  13.623  -12.821  40.679 0.0000000000
78345  17.411  -9.789  43.010 0.0000000000
78387  15.763  -10.666  41.176 0.0000000000
77171  15.384  -11.370  41.023 0.0000000000
77159  13.084  -11.525  42.561 0.0000000000
80347  12.872  -9.823  42.835 0.0000000000
77143  10.201  -11.117  44.052 0.0000000000
77126  10.275  -10.981  44.549 0.0000000000
78353  9.370  -10.674  43.807 0.0000000000
71259  -0.839  -16.743  40.376 0.0000000000
70079  -0.633  -17.006  40.133 0.0000000000
71257  0.183  -16.188  39.770 0.0000000000
74730  -0.217  -14.628  40.546 0.0000000000
74745  -0.235  -14.591  40.080 0.0000000000
74729  0.271  -14.360  40.416 0.0000000000
74744  -0.004  -14.427  39.942 0.0000000000
73661  1.174  -14.802  39.654 0.0000000000
77220  2.883  -12.078  40.228 0.0000000000
81264  3.225  -7.580  42.678 0.0000000000
79461  2.600  -9.579  40.488 0.0000000000
83832  4.738  -4.626  40.957 0.0000000000
83839  4.893  -4.438  40.274 0.0000000000
84702  4.894  -3.907  39.175 0.0000000000
78392  6.783  -10.802  42.516 0.0000000000
73654  11.888  -13.985  39.364 0.0000000000
70047  1.560  -17.956  42.993 0.0000000000
69033  0.112  -18.228  38.870 0.0000000000
71279  1.266  -16.354  38.112 0.0000000000
77235  4.172  -11.708  37.845 0.0000000000
73682  5.252  -14.165  37.006 0.0000000000
73692  4.665  -14.799  36.508 0.0000000000
75982  4.924  -12.808  35.391 0.0000000000
74767  4.946  -13.826  36.063 0.0000000000
71294  4.077  -16.231  35.573 0.0000000000
71307  3.520  -16.249  33.878 0.0000000000
70131  2.226  -17.040  33.819 0.0000000000
69085  1.888  -17.848  33.275 0.0000000000
69096  2.037  -17.805  32.676 0.0000000000
69095  2.768  -17.977  32.672 0.0000000000
70140  3.194  -17.742  32.057 0.0000000000
72564  4.686  -15.386  31.357 0.0000000000
73730  5.493  -14.701  31.554 0.0000000000
83015  7.212  -5.575  35.123 0.0000000000
80454  9.524  -8.555  33.244 0.0000000000
76002  7.845  -12.147  33.080 0.0000000000
76036  8.104  -13.192  32.521 0.0000000000
74818  8.289  -14.160  31.865 0.0000000000
74803  9.392  -13.558  32.146 0.0000000000
70143  1.549  -17.139  32.806 0.0000000000
70148  1.809  -17.145  31.597 0.0000000000
71249  -0.051  -15.677  39.952 0.0000000000
71321  1.357  -16.342  31.695 0.0000000000
72489  -0.243  -15.545  39.942 0.0000000000
72490  -0.133  -15.812  40.035 0.0000000000
72535  4.052  -15.986  34.035 0.0000000000
72548  1.699  -15.803  31.791 0.0000000000
72566  2.998  -16.184  30.898 0.0000000000
73649  0.250  -14.449  39.985 0.0000000000
73691  5.003  -14.339  36.778 0.0000000000
74762  5.233  -14.076  36.641 0.0000000000
74797  3.882  -13.202  32.946 0.0000000000
74819  5.962  -14.509  31.596 0.0000000000
75893  10.040  -11.322  44.093 0.0000000000
76035  8.264  -13.219  32.627 0.0000000000
77122  1.801  -11.462  45.814 0.0000000000
77294  6.494  -11.264  34.092 0.0000000000
78322  2.179  -11.152  47.225 0.0000000000
78328  16.043  -9.794  43.491 0.0000000000
78374  6.774  -10.942  42.877 0.0000000000
79402  3.315  -9.445  46.033 0.0000000000
80314  4.163  -9.276  46.845 0.0000000000
81234  5.702  -6.706  43.584 0.0000000000
82095  5.788  -6.659  43.155 0.0000000000
83817  3.830  -5.223  44.214 0.0000000000
83826  3.697  -4.482  42.515 0.0000000000
84674  3.710  -4.945  44.088 0.0000000000
123476  7.400  -10.625  45.494 0.0000000000
123479  7.311  -10.035  45.804 0.0000000000
123480  7.114  -10.210  45.686 0.0000000000
123503  5.492  -10.862  44.491 0.0000000000
