#!ascii label  , from subject sub-NDARAG610XL4 vox2ras=TkReg
1333
60657  51.135  -25.281  22.890 0.0000000000
123643  30.892  -24.538  31.732 0.0000000000
122293  21.307  -26.612  36.218 0.0000000000
122414  18.262  -25.862  39.832 0.0000000000
59095  32.283  -25.954  42.849 0.0000000000
58015  24.457  -27.537  31.849 0.0000000000
59430  46.057  -26.017  14.708 0.0000000000
66815  53.185  -20.568  22.108 0.0000000000
60727  39.566  -25.621  17.971 0.0000000000
123818  33.697  -25.442  16.428 0.0000000000
58154  23.864  -27.403  19.213 0.0000000000
60355  24.374  -25.073  43.211 0.0000000000
122464  17.691  -23.936  36.956 0.0000000000
122338  19.344  -23.520  40.236 0.0000000000
122264  28.509  -27.614  41.727 0.0000000000
123688  43.782  -22.344  17.686 0.0000000000
123639  36.189  -23.634  36.529 0.0000000000
123577  31.700  -22.870  26.541 0.0000000000
123540  36.008  -24.702  20.450 0.0000000000
62009  28.816  -24.153  22.594 0.0000000000
59396  27.944  -25.853  16.732 0.0000000000
123786  26.615  -25.251  25.097 0.0000000000
55764  19.458  -29.252  29.173 0.0000000000
56911  20.420  -28.486  25.767 0.0000000000
63212  52.862  -24.367  23.627 0.0000000000
61992  54.403  -24.752  20.678 0.0000000000
122528  17.500  -28.838  30.949 0.0000000000
122513  16.418  -29.863  34.157 0.0000000000
60459  33.463  -25.425  37.704 0.0000000000
59177  28.924  -25.867  33.077 0.0000000000
57967  29.814  -27.077  37.626 0.0000000000
122456  23.405  -28.506  34.077 0.0000000000
59369  49.823  -25.185  19.365 0.0000000000
65427  12.202  -21.320  41.158 0.0000000000
60358  14.565  -24.701  43.467 0.0000000000
66831  49.770  -21.058  21.464 0.0000000000
61933  48.394  -24.276  26.757 0.0000000000
123681  47.047  -23.450  19.198 0.0000000000
60769  43.611  -25.210  15.329 0.0000000000
58222  39.911  -27.619  14.846 0.0000000000
63288  39.489  -23.800  19.129 0.0000000000
123595  38.528  -28.380  19.547 0.0000000000
57073  36.509  -28.856  14.602 0.0000000000
55986  33.081  -29.749  14.584 0.0000000000
59244  24.955  -27.131  26.298 0.0000000000
63011  25.134  -23.107  43.893 0.0000000000
122341  22.172  -24.725  41.647 0.0000000000
122353  22.543  -23.908  42.100 0.0000000000
61689  26.781  -24.714  43.997 0.0000000000
123632  35.001  -24.684  34.832 0.0000000000
123589  31.473  -24.236  29.179 0.0000000000
123839  30.469  -23.620  25.412 0.0000000000
61974  29.659  -24.387  26.573 0.0000000000
61997  27.935  -24.646  23.196 0.0000000000
123744  28.744  -24.795  28.379 0.0000000000
53257  17.802  -31.345  28.436 0.0000000000
54534  18.348  -30.917  27.409 0.0000000000
60616  52.878  -25.098  24.166 0.0000000000
59267  53.876  -25.247  22.653 0.0000000000
58090  52.870  -25.706  21.448 0.0000000000
122271  19.052  -26.866  32.991 0.0000000000
122571  16.764  -29.315  32.970 0.0000000000
56864  17.328  -26.311  33.684 0.0000000000
122533  17.670  -25.213  38.176 0.0000000000
56849  16.068  -26.431  37.823 0.0000000000
122481  16.229  -27.753  38.813 0.0000000000
122547  17.226  -27.396  39.835 0.0000000000
61752  33.864  -24.140  39.995 0.0000000000
60422  33.059  -25.772  40.459 0.0000000000
60461  31.686  -26.218  38.107 0.0000000000
59105  31.173  -26.609  40.807 0.0000000000
122279  25.425  -26.616  39.605 0.0000000000
122280  24.607  -27.940  36.120 0.0000000000
122360  22.866  -28.177  35.295 0.0000000000
122516  20.748  -28.216  32.657 0.0000000000
60742  48.421  -25.300  16.141 0.0000000000
59408  50.174  -26.365  16.621 0.0000000000
58193  47.758  -27.553  15.179 0.0000000000
61693  15.455  -24.466  45.589 0.0000000000
59240  47.766  -24.602  23.776 0.0000000000
123690  46.488  -22.652  23.275 0.0000000000
123724  41.099  -23.744  17.143 0.0000000000
62095  43.033  -23.768  16.331 0.0000000000
60772  40.489  -25.287  15.823 0.0000000000
59459  41.436  -26.369  14.835 0.0000000000
59435  40.113  -26.067  15.452 0.0000000000
123808  34.761  -24.945  17.990 0.0000000000
123581  37.892  -26.564  20.491 0.0000000000
59411  37.050  -27.654  17.686 0.0000000000
58183  36.964  -28.721  17.154 0.0000000000
58200  35.370  -28.007  16.057 0.0000000000
55984  35.243  -29.433  14.696 0.0000000000
58203  32.677  -27.384  15.293 0.0000000000
57055  28.811  -28.296  15.739 0.0000000000
58003  27.156  -27.049  32.045 0.0000000000
59219  26.780  -26.332  29.809 0.0000000000
58038  24.731  -27.737  28.323 0.0000000000
56934  21.279  -28.673  23.884 0.0000000000
65592  54.113  -21.193  20.346 0.0000000000
65593  53.614  -21.927  21.013 0.0000000000
122288  24.062  -25.577  40.526 0.0000000000
122301  20.085  -25.292  36.718 0.0000000000
122340  21.865  -24.972  39.694 0.0000000000
122330  19.004  -25.006  38.286 0.0000000000
122521  18.471  -24.283  38.947 0.0000000000
61700  30.335  -24.956  42.989 0.0000000000
57937  30.343  -26.951  41.662 0.0000000000
122282  28.769  -26.052  43.121 0.0000000000
60353  26.741  -25.921  43.249 0.0000000000
123689  45.010  -22.001  19.853 0.0000000000
123599  40.190  -24.130  17.627 0.0000000000
123874  31.958  -22.822  22.736 0.0000000000
123885  30.998  -23.170  20.472 0.0000000000
60751  29.719  -24.414  17.359 0.0000000000
59413  30.954  -26.052  15.814 0.0000000000
60716  28.230  -24.369  19.479 0.0000000000
60688  26.064  -24.604  21.089 0.0000000000
60675  24.728  -25.576  21.863 0.0000000000
56875  22.895  -29.547  30.696 0.0000000000
58040  22.734  -27.792  28.963 0.0000000000
56891  19.744  -28.706  27.965 0.0000000000
64388  52.692  -23.371  22.696 0.0000000000
64402  53.331  -23.430  21.701 0.0000000000
63226  53.685  -24.295  22.582 0.0000000000
56859  16.355  -26.145  34.964 0.0000000000
61809  35.245  -24.860  38.027 0.0000000000
123636  32.723  -25.157  35.406 0.0000000000
123645  30.258  -25.040  32.389 0.0000000000
59148  30.852  -25.782  36.016 0.0000000000
59155  29.180  -26.573  35.120 0.0000000000
57980  27.323  -27.591  35.059 0.0000000000
122248  28.834  -27.475  39.619 0.0000000000
55731  26.832  -28.114  36.575 0.0000000000
58007  23.669  -28.281  33.129 0.0000000000
54482  21.236  -30.278  32.157 0.0000000000
122404  18.683  -28.772  30.068 0.0000000000
59329  50.586  -26.179  21.251 0.0000000000
58122  52.230  -26.097  19.980 0.0000000000
59380  51.271  -26.610  18.374 0.0000000000
63136  15.751  -23.648  36.858 0.0000000000
61841  15.220  -24.695  38.985 0.0000000000
63055  12.806  -23.264  42.615 0.0000000000
59108  16.201  -25.197  41.323 0.0000000000
65595  51.668  -21.723  21.358 0.0000000000
64390  51.527  -23.241  23.257 0.0000000000
61961  50.861  -24.499  25.117 0.0000000000
60647  50.022  -25.615  24.046 0.0000000000
59289  48.859  -26.045  22.450 0.0000000000
62007  48.094  -24.458  19.640 0.0000000000
62062  46.615  -23.953  16.891 0.0000000000
123753  46.204  -22.740  19.886 0.0000000000
62079  44.914  -24.236  16.557 0.0000000000
59432  44.305  -25.961  14.966 0.0000000000
58197  43.279  -27.068  14.819 0.0000000000
57068  41.447  -28.207  14.533 0.0000000000
123597  40.618  -25.472  20.012 0.0000000000
123545  39.705  -25.639  20.175 0.0000000000
58140  39.752  -27.597  20.501 0.0000000000
58160  39.446  -27.974  18.726 0.0000000000
57010  38.622  -29.041  17.251 0.0000000000
57071  38.288  -28.748  14.901 0.0000000000
57053  31.049  -28.275  15.198 0.0000000000
60575  28.290  -25.573  29.492 0.0000000000
60609  26.385  -26.416  26.121 0.0000000000
59292  23.933  -26.623  23.002 0.0000000000
58072  22.862  -27.911  25.942 0.0000000000
58094  22.662  -27.638  23.433 0.0000000000
63023  23.715  -23.045  43.388 0.0000000000
63013  23.942  -22.365  43.783 0.0000000000
123614  33.004  -24.513  33.584 0.0000000000
123600  32.924  -24.290  31.458 0.0000000000
123642  32.068  -24.212  31.752 0.0000000000
123800  29.955  -24.523  27.705 0.0000000000
123765  29.417  -24.546  27.679 0.0000000000
123766  29.886  -24.549  29.276 0.0000000000
60631  52.193  -25.315  23.983 0.0000000000
60630  52.810  -25.326  23.457 0.0000000000
59306  52.057  -25.328  22.371 0.0000000000
122399  21.109  -26.735  35.865 0.0000000000
122517  19.396  -26.427  34.504 0.0000000000
59203  20.277  -26.229  35.933 0.0000000000
122531  18.066  -25.326  38.728 0.0000000000
122545  16.963  -25.921  38.724 0.0000000000
122544  17.612  -26.543  39.314 0.0000000000
122543  16.143  -27.564  39.522 0.0000000000
122532  18.296  -26.885  39.845 0.0000000000
61718  32.200  -24.462  42.981 0.0000000000
61717  32.677  -24.555  42.439 0.0000000000
60389  32.851  -24.941  41.109 0.0000000000
60390  32.313  -25.427  41.962 0.0000000000
59120  32.316  -26.224  40.470 0.0000000000
60391  31.918  -25.985  41.755 0.0000000000
122281  23.662  -25.994  38.934 0.0000000000
122460  21.751  -27.121  35.522 0.0000000000
60764  47.782  -25.540  15.513 0.0000000000
60763  48.628  -25.847  15.903 0.0000000000
59429  47.137  -26.520  14.925 0.0000000000
123732  46.328  -21.074  22.376 0.0000000000
123735  46.798  -22.652  23.489 0.0000000000
123630  45.825  -21.627  22.155 0.0000000000
60748  40.399  -24.493  16.720 0.0000000000
60771  41.755  -24.336  15.969 0.0000000000
59410  39.661  -25.937  16.082 0.0000000000
60774  35.340  -25.631  17.291 0.0000000000
59438  35.251  -26.786  16.609 0.0000000000
123748  35.924  -27.520  16.891 0.0000000000
58202  33.954  -27.394  15.479 0.0000000000
59439  33.348  -26.538  15.762 0.0000000000
58014  25.513  -27.420  31.504 0.0000000000
58013  26.555  -27.141  31.233 0.0000000000
58029  24.607  -27.667  29.491 0.0000000000
65576  54.103  -20.968  21.343 0.0000000000
65577  53.371  -21.297  21.696 0.0000000000
122291  23.732  -25.363  40.865 0.0000000000
60408  22.551  -25.274  39.747 0.0000000000
60392  23.083  -25.064  41.218 0.0000000000
122321  20.599  -24.498  41.023 0.0000000000
122318  20.965  -24.608  41.168 0.0000000000
122327  19.848  -24.299  40.413 0.0000000000
122415  19.097  -24.363  38.859 0.0000000000
122423  18.896  -23.884  38.791 0.0000000000
61702  28.611  -24.723  43.134 0.0000000000
60350  29.793  -25.238  42.963 0.0000000000
61703  27.673  -24.693  43.034 0.0000000000
61706  25.129  -25.016  43.700 0.0000000000
61705  26.110  -25.138  43.419 0.0000000000
60354  25.108  -25.571  41.787 0.0000000000
123602  34.916  -23.603  30.920 0.0000000000
123591  33.474  -23.173  28.734 0.0000000000
123547  34.861  -23.254  21.456 0.0000000000
62008  29.803  -24.082  23.966 0.0000000000
63264  30.238  -23.238  21.338 0.0000000000
62025  29.166  -23.491  20.936 0.0000000000
123897  30.707  -23.865  19.237 0.0000000000
60715  28.909  -24.162  19.415 0.0000000000
60728  29.164  -24.156  18.796 0.0000000000
62026  28.251  -23.908  20.779 0.0000000000
61986  27.325  -24.814  24.364 0.0000000000
62011  26.541  -24.467  21.625 0.0000000000
61998  26.528  -24.685  22.431 0.0000000000
60674  25.111  -25.206  21.931 0.0000000000
123815  25.700  -24.944  23.593 0.0000000000
54509  21.019  -30.087  29.692 0.0000000000
56880  21.447  -28.681  29.372 0.0000000000
55770  19.377  -29.076  28.408 0.0000000000
64376  52.786  -23.848  23.182 0.0000000000
64374  53.251  -23.880  22.612 0.0000000000
61957  53.532  -24.669  23.259 0.0000000000
60641  54.183  -25.133  22.169 0.0000000000
53237  17.276  -30.112  30.377 0.0000000000
53228  17.199  -30.462  31.554 0.0000000000
122403  18.906  -24.532  36.985 0.0000000000
57998  17.801  -25.249  35.020 0.0000000000
122463  17.164  -24.454  35.938 0.0000000000
55734  15.900  -28.919  37.418 0.0000000000
54452  16.176  -29.226  36.243 0.0000000000
60440  33.592  -25.243  38.804 0.0000000000
61770  34.750  -24.388  39.015 0.0000000000
60472  34.342  -25.385  36.520 0.0000000000
60473  33.128  -25.376  36.571 0.0000000000
60488  31.962  -25.424  35.534 0.0000000000
59143  31.722  -25.832  36.864 0.0000000000
59140  30.435  -26.866  37.989 0.0000000000
59145  30.250  -26.729  36.922 0.0000000000
59146  29.575  -26.984  36.499 0.0000000000
57979  28.142  -26.966  35.038 0.0000000000
57974  27.971  -27.439  35.843 0.0000000000
57938  29.719  -27.592  42.434 0.0000000000
122268  29.854  -27.713  41.712 0.0000000000
122257  28.793  -27.414  40.436 0.0000000000
55732  26.523  -28.113  36.891 0.0000000000
122307  24.500  -28.641  34.599 0.0000000000
122300  25.457  -28.270  34.770 0.0000000000
122315  24.133  -28.858  33.884 0.0000000000
55746  22.739  -29.987  32.227 0.0000000000
122316  22.409  -29.705  33.076 0.0000000000
122530  19.303  -27.174  31.783 0.0000000000
122247  19.854  -28.600  31.318 0.0000000000
122465  19.053  -27.801  30.732 0.0000000000
59350  49.840  -25.348  20.301 0.0000000000
59367  51.105  -26.441  19.361 0.0000000000
59368  50.227  -25.882  19.469 0.0000000000
59407  50.712  -26.748  16.800 0.0000000000
63117  13.744  -24.381  38.078 0.0000000000
61853  15.750  -25.035  37.409 0.0000000000
61797  13.510  -24.083  39.711 0.0000000000
63039  14.143  -23.559  44.174 0.0000000000
61724  13.550  -23.569  43.019 0.0000000000
61742  14.571  -24.448  41.627 0.0000000000
60393  15.111  -24.854  41.846 0.0000000000
122482  15.967  -26.770  41.160 0.0000000000
59097  15.290  -25.965  41.853 0.0000000000
65594  52.117  -20.997  21.543 0.0000000000
65596  50.650  -22.013  21.231 0.0000000000
64420  50.375  -22.753  22.243 0.0000000000
63229  51.391  -23.891  24.015 0.0000000000
63230  50.667  -23.628  24.344 0.0000000000
63201  49.194  -23.368  25.744 0.0000000000
61946  50.258  -24.563  25.684 0.0000000000
60607  49.160  -24.874  26.141 0.0000000000
59288  49.630  -25.911  23.368 0.0000000000
59270  48.697  -25.980  24.363 0.0000000000
59255  48.166  -24.127  22.194 0.0000000000
60649  48.526  -25.076  21.710 0.0000000000
63253  47.869  -23.744  19.546 0.0000000000
63273  48.515  -23.766  18.405 0.0000000000
63287  46.635  -23.625  17.822 0.0000000000
123751  45.387  -22.195  21.323 0.0000000000
123750  43.082  -23.121  17.238 0.0000000000
60770  42.779  -24.671  15.493 0.0000000000
62080  44.753  -23.751  16.908 0.0000000000
62093  44.262  -24.464  16.124 0.0000000000
60746  44.951  -24.690  15.977 0.0000000000
60768  44.442  -24.857  15.618 0.0000000000
59457  42.909  -26.415  14.834 0.0000000000
58221  40.670  -27.104  14.857 0.0000000000
58220  41.806  -27.245  14.803 0.0000000000
57069  40.340  -28.262  14.556 0.0000000000
123676  40.145  -23.980  19.452 0.0000000000
123542  36.323  -24.620  21.405 0.0000000000
123566  38.906  -24.351  21.242 0.0000000000
123552  38.421  -25.368  21.691 0.0000000000
123580  37.983  -27.699  19.350 0.0000000000
58139  38.771  -27.385  20.748 0.0000000000
58151  39.114  -28.343  20.517 0.0000000000
59354  39.892  -27.218  20.090 0.0000000000
58171  39.332  -27.604  17.648 0.0000000000
55916  38.514  -29.142  18.384 0.0000000000
57047  36.743  -28.601  15.390 0.0000000000
57026  37.486  -29.082  16.443 0.0000000000
57072  37.424  -28.719  14.696 0.0000000000
55980  39.058  -29.399  14.656 0.0000000000
55981  38.118  -29.490  14.484 0.0000000000
55982  37.128  -29.507  14.316 0.0000000000
55985  34.119  -29.734  14.730 0.0000000000
54788  35.771  -30.416  14.642 0.0000000000
59415  28.856  -25.769  16.360 0.0000000000
59442  30.475  -26.695  15.669 0.0000000000
58186  28.900  -26.918  15.853 0.0000000000
55961  30.552  -29.087  14.902 0.0000000000
123671  29.990  -25.534  33.009 0.0000000000
123649  30.214  -25.177  32.060 0.0000000000
60555  29.024  -25.414  31.420 0.0000000000
59224  26.433  -27.062  28.013 0.0000000000
59230  26.706  -26.688  27.767 0.0000000000
59243  25.612  -26.768  26.529 0.0000000000
123840  24.760  -26.333  24.030 0.0000000000
123814  24.706  -26.645  25.059 0.0000000000
58062  21.969  -27.713  27.441 0.0000000000
58050  22.768  -27.630  27.973 0.0000000000
56910  21.382  -28.213  25.482 0.0000000000
56923  22.208  -28.055  24.127 0.0000000000
58124  22.372  -27.870  21.121 0.0000000000
64415  53.838  -23.995  21.524 0.0000000000
64416  53.636  -23.760  21.223 0.0000000000
56963  52.854  -26.632  19.901 0.0000000000
61707  24.486  -24.219  43.659 0.0000000000
60374  23.493  -24.998  42.618 0.0000000000
61721  23.553  -24.200  43.360 0.0000000000
122342  22.275  -24.278  41.921 0.0000000000
122384  20.711  -24.582  40.453 0.0000000000
63010  25.686  -23.618  44.813 0.0000000000
123638  35.721  -24.153  35.853 0.0000000000
123616  36.306  -23.372  34.150 0.0000000000
123615  34.215  -24.319  32.367 0.0000000000
123601  33.433  -24.195  30.467 0.0000000000
123590  32.914  -23.793  28.718 0.0000000000
123576  31.465  -23.775  27.205 0.0000000000
123820  30.468  -24.143  26.514 0.0000000000
61996  29.095  -24.412  24.108 0.0000000000
61985  28.512  -24.594  24.707 0.0000000000
123802  28.233  -24.662  25.486 0.0000000000
123767  27.790  -24.831  26.352 0.0000000000
54522  17.854  -29.865  28.758 0.0000000000
55771  18.558  -29.469  28.479 0.0000000000
53276  18.199  -31.182  27.749 0.0000000000
63199  52.826  -24.467  24.724 0.0000000000
61942  53.282  -24.854  23.865 0.0000000000
59251  53.340  -25.146  23.709 0.0000000000
59283  53.625  -25.597  22.011 0.0000000000
122529  17.841  -27.453  31.546 0.0000000000
122582  16.861  -28.845  31.939 0.0000000000
122583  16.849  -27.687  32.511 0.0000000000
122573  16.397  -28.532  33.744 0.0000000000
122336  17.847  -24.420  37.824 0.0000000000
122526  16.067  -24.883  36.953 0.0000000000
122580  16.995  -25.244  37.950 0.0000000000
60405  33.197  -25.152  40.435 0.0000000000
59132  33.018  -25.809  39.586 0.0000000000
60460  32.240  -25.748  37.620 0.0000000000
59133  31.981  -25.894  39.381 0.0000000000
59134  31.131  -26.552  38.740 0.0000000000
59135  30.083  -27.209  38.693 0.0000000000
122361  23.190  -28.312  34.775 0.0000000000
122457  22.102  -28.288  33.526 0.0000000000
122459  22.272  -28.049  34.280 0.0000000000
60726  48.694  -25.522  17.875 0.0000000000
59393  49.831  -26.127  17.906 0.0000000000
59409  49.324  -25.845  17.371 0.0000000000
59427  49.333  -26.342  15.996 0.0000000000
63024  14.535  -23.582  44.910 0.0000000000
61708  14.964  -24.301  44.298 0.0000000000
59088  15.382  -26.356  43.046 0.0000000000
59078  14.816  -26.123  44.208 0.0000000000
123691  47.470  -23.850  25.972 0.0000000000
123693  47.710  -25.143  25.404 0.0000000000
123692  47.288  -24.407  25.208 0.0000000000
123661  47.251  -23.801  23.602 0.0000000000
123707  47.353  -23.130  22.059 0.0000000000
62096  42.579  -23.789  16.537 0.0000000000
60786  41.895  -25.443  15.018 0.0000000000
59458  42.212  -26.381  14.823 0.0000000000
59434  40.826  -25.755  15.092 0.0000000000
58198  40.264  -26.474  15.149 0.0000000000
58199  39.632  -27.023  15.370 0.0000000000
123776  35.823  -25.086  19.637 0.0000000000
123568  37.377  -25.919  20.751 0.0000000000
123792  36.735  -26.388  18.972 0.0000000000
123594  37.905  -28.054  18.888 0.0000000000
56989  37.536  -28.904  18.336 0.0000000000
123701  36.872  -28.354  17.165 0.0000000000
58185  35.855  -28.149  16.297 0.0000000000
57029  35.603  -28.259  15.786 0.0000000000
57074  35.895  -29.025  14.593 0.0000000000
57049  35.023  -28.369  15.482 0.0000000000
57050  34.161  -28.258  15.335 0.0000000000
55958  33.587  -28.964  14.933 0.0000000000
59385  26.506  -26.077  17.936 0.0000000000
58187  28.170  -26.904  16.393 0.0000000000
57013  26.950  -27.704  16.937 0.0000000000
57031  27.577  -28.266  16.362 0.0000000000
55963  28.371  -29.694  15.685 0.0000000000
59188  28.188  -26.126  32.342 0.0000000000
59197  28.083  -26.062  31.240 0.0000000000
59210  26.970  -26.740  30.792 0.0000000000
58027  26.271  -26.999  29.028 0.0000000000
58048  24.734  -27.370  27.132 0.0000000000
56935  20.827  -28.775  24.359 0.0000000000
55835  21.078  -29.476  23.460 0.0000000000
66813  54.271  -20.228  21.390 0.0000000000
64417  53.214  -23.058  20.610 0.0000000000
122294  22.855  -25.978  39.027 0.0000000000
122398  19.818  -25.551  36.058 0.0000000000
122304  21.741  -25.709  38.235 0.0000000000
122309  20.728  -25.342  38.428 0.0000000000
122319  19.871  -25.784  38.638 0.0000000000
122326  21.202  -25.226  40.239 0.0000000000
122325  20.048  -25.010  38.688 0.0000000000
122534  18.339  -25.080  38.141 0.0000000000
122350  18.427  -24.962  39.030 0.0000000000
60373  31.140  -25.381  42.653 0.0000000000
59085  31.359  -25.868  42.523 0.0000000000
59086  30.375  -25.930  42.501 0.0000000000
59087  29.713  -26.432  42.611 0.0000000000
122266  28.959  -26.922  42.800 0.0000000000
61704  26.897  -24.948  42.988 0.0000000000
122284  27.127  -26.329  41.944 0.0000000000
122295  25.912  -26.164  41.096 0.0000000000
122289  24.752  -25.792  40.377 0.0000000000
59455  45.433  -26.720  14.460 0.0000000000
59453  46.827  -27.146  14.685 0.0000000000
58216  45.772  -27.657  14.431 0.0000000000
123657  45.315  -21.617  19.732 0.0000000000
123725  41.681  -23.139  16.881 0.0000000000
123723  39.907  -24.879  18.039 0.0000000000
123541  35.341  -23.421  21.306 0.0000000000
123539  35.538  -23.822  21.122 0.0000000000
123860  29.936  -23.151  23.328 0.0000000000
123891  34.135  -23.681  19.912 0.0000000000
123878  32.191  -24.583  16.949 0.0000000000
123848  32.155  -25.263  16.176 0.0000000000
60750  31.605  -25.673  15.905 0.0000000000
123868  31.060  -25.091  16.106 0.0000000000
60752  28.706  -25.263  17.018 0.0000000000
60729  28.171  -25.096  17.843 0.0000000000
62027  27.331  -24.110  20.697 0.0000000000
60703  26.816  -24.544  20.026 0.0000000000
60730  27.216  -25.573  17.869 0.0000000000
59373  26.323  -25.617  18.854 0.0000000000
59374  25.438  -25.898  19.372 0.0000000000
59375  24.547  -26.388  19.689 0.0000000000
58023  23.813  -28.283  31.063 0.0000000000
58030  23.559  -28.197  29.798 0.0000000000
58031  22.617  -28.312  29.523 0.0000000000
56884  21.158  -28.106  28.523 0.0000000000
56899  20.472  -28.412  26.817 0.0000000000
55787  18.369  -29.608  26.983 0.0000000000
55786  19.005  -29.372  26.407 0.0000000000
65578  52.576  -21.536  21.801 0.0000000000
64403  52.971  -22.621  21.773 0.0000000000
64387  53.041  -23.556  22.324 0.0000000000
63225  53.650  -23.877  21.968 0.0000000000
61981  54.219  -24.641  21.503 0.0000000000
60642  54.004  -25.026  22.778 0.0000000000
61970  54.252  -24.772  21.952 0.0000000000
122402  19.218  -25.153  35.630 0.0000000000
55740  16.558  -27.739  34.683 0.0000000000
56854  15.895  -26.385  36.411 0.0000000000
55737  16.223  -27.988  35.807 0.0000000000
61808  35.769  -24.453  37.492 0.0000000000
60471  35.402  -24.885  36.696 0.0000000000
123631  33.721  -25.309  35.345 0.0000000000
123634  31.841  -24.553  33.391 0.0000000000
60504  31.472  -25.127  34.508 0.0000000000
60505  30.847  -25.447  34.555 0.0000000000
60506  30.289  -25.747  34.578 0.0000000000
59144  31.205  -26.071  36.631 0.0000000000
59149  30.210  -26.110  35.745 0.0000000000
59166  29.071  -26.444  33.955 0.0000000000
59180  27.780  -26.745  33.592 0.0000000000
57993  27.270  -27.291  32.974 0.0000000000
58005  25.447  -27.435  32.670 0.0000000000
57946  30.798  -27.296  41.730 0.0000000000
57953  30.113  -26.591  40.231 0.0000000000
59136  29.582  -27.343  38.715 0.0000000000
122249  27.838  -27.567  38.431 0.0000000000
57962  28.290  -27.505  37.434 0.0000000000
57975  27.214  -27.851  35.886 0.0000000000
57995  25.495  -28.027  33.684 0.0000000000
58006  24.433  -27.708  33.000 0.0000000000
56870  23.358  -29.182  31.434 0.0000000000
54497  21.909  -30.408  30.891 0.0000000000
54491  20.428  -30.319  30.613 0.0000000000
55747  21.162  -29.671  32.499 0.0000000000
122335  19.848  -29.582  31.234 0.0000000000
55758  19.085  -29.023  29.917 0.0000000000
54523  17.623  -29.932  29.198 0.0000000000
59308  50.622  -25.761  22.507 0.0000000000
59307  51.604  -25.469  22.031 0.0000000000
59348  51.412  -26.187  20.100 0.0000000000
59392  50.848  -26.567  17.550 0.0000000000
59391  51.469  -26.731  17.844 0.0000000000
58214  47.297  -27.911  14.776 0.0000000000
122432  21.861  -23.733  40.579 0.0000000000
122331  20.416  -23.888  40.016 0.0000000000
122339  19.672  -23.478  39.890 0.0000000000
122520  18.263  -23.274  36.901 0.0000000000
122462  18.739  -23.744  38.296 0.0000000000
122522  18.293  -23.655  38.659 0.0000000000
122416  17.739  -24.698  39.344 0.0000000000
122378  17.604  -24.330  40.379 0.0000000000
64230  11.722  -22.364  42.055 0.0000000000
63086  13.709  -24.002  40.887 0.0000000000
60409  15.800  -24.497  40.658 0.0000000000
122427  17.794  -24.673  41.186 0.0000000000
122483  17.086  -26.363  40.755 0.0000000000
66828  52.546  -20.358  21.670 0.0000000000
64404  52.360  -22.635  22.176 0.0000000000
64389  52.214  -23.166  23.003 0.0000000000
66830  50.757  -21.082  20.936 0.0000000000
64405  51.621  -22.607  22.210 0.0000000000
63228  52.125  -24.083  23.627 0.0000000000
61959  52.019  -24.591  24.147 0.0000000000
60617  51.930  -25.109  24.714 0.0000000000
60632  51.342  -25.411  24.366 0.0000000000
63231  50.263  -23.539  24.701 0.0000000000
60618  50.949  -25.204  25.199 0.0000000000
60646  50.615  -25.480  23.519 0.0000000000
59287  50.240  -25.709  23.129 0.0000000000
59309  49.769  -26.265  22.118 0.0000000000
59331  49.264  -25.430  21.033 0.0000000000
59272  48.604  -25.346  22.397 0.0000000000
60659  48.813  -25.338  21.385 0.0000000000
60698  48.676  -24.797  19.404 0.0000000000
62039  48.699  -24.899  18.252 0.0000000000
62060  48.338  -24.328  16.998 0.0000000000
62092  46.831  -24.864  15.594 0.0000000000
62081  44.410  -23.401  17.404 0.0000000000
123727  45.625  -23.211  18.116 0.0000000000
123706  45.595  -23.532  17.542 0.0000000000
62063  45.939  -23.864  17.019 0.0000000000
60745  45.416  -24.717  15.811 0.0000000000
59431  45.142  -25.896  14.803 0.0000000000
59456  44.754  -26.537  14.616 0.0000000000
57041  43.979  -27.658  14.684 0.0000000000
58219  42.633  -27.178  14.875 0.0000000000
57067  42.559  -28.167  14.732 0.0000000000
123596  40.502  -25.070  18.935 0.0000000000
123680  39.798  -25.810  18.894 0.0000000000
60672  40.418  -24.476  20.570 0.0000000000
123556  38.425  -26.814  21.168 0.0000000000
59332  39.885  -26.817  21.083 0.0000000000
59352  40.648  -26.089  20.805 0.0000000000
59353  40.400  -25.865  20.180 0.0000000000
60701  39.845  -26.240  19.349 0.0000000000
59384  39.508  -26.769  18.345 0.0000000000
58182  39.193  -27.166  16.520 0.0000000000
57044  38.990  -28.040  15.977 0.0000000000
54716  38.035  -29.728  17.172 0.0000000000
57045  38.437  -28.725  15.703 0.0000000000
57070  39.232  -28.293  14.931 0.0000000000
55983  36.211  -29.580  14.494 0.0000000000
54763  36.194  -31.153  14.765 0.0000000000
59440  32.093  -26.681  15.508 0.0000000000
58204  31.589  -27.476  15.385 0.0000000000
55959  32.567  -28.984  14.863 0.0000000000
57054  30.037  -28.300  15.322 0.0000000000
55960  31.549  -29.031  14.904 0.0000000000
123621  29.362  -24.921  30.836 0.0000000000
123742  28.456  -25.354  29.068 0.0000000000
123763  27.910  -25.255  27.711 0.0000000000
60576  27.962  -25.791  29.725 0.0000000000
60597  26.933  -25.848  27.960 0.0000000000
123797  26.902  -25.709  25.863 0.0000000000
123841  25.568  -25.502  24.272 0.0000000000
59312  24.371  -25.982  22.732 0.0000000000
59335  23.352  -26.604  20.965 0.0000000000
58039  23.689  -27.755  28.686 0.0000000000
58049  23.705  -27.612  27.561 0.0000000000
58060  23.626  -27.654  26.454 0.0000000000
56909  22.342  -28.064  25.146 0.0000000000
56908  22.863  -27.910  24.612 0.0000000000
59273  23.702  -27.351  24.864 0.0000000000
58093  23.782  -27.171  23.602 0.0000000000
58123  22.784  -27.136  21.525 0.0000000000
63244  53.260  -23.504  19.844 0.0000000000
58107  52.322  -25.834  20.847 0.0000000000
123633  31.954  -24.368  32.665 0.0000000000
60645  51.585  -25.387  23.502 0.0000000000
60644  52.284  -25.454  23.053 0.0000000000
60656  51.753  -25.379  22.808 0.0000000000
60371  32.739  -25.090  43.067 0.0000000000
123713  46.125  -21.337  22.396 0.0000000000
123683  45.637  -21.255  20.005 0.0000000000
58022  24.552  -27.682  30.667 0.0000000000
122337  18.846  -23.584  40.096 0.0000000000
63019  28.886  -24.557  42.967 0.0000000000
63254  28.941  -23.531  22.086 0.0000000000
63265  29.210  -23.329  21.679 0.0000000000
62041  29.303  -23.768  20.014 0.0000000000
62042  28.537  -23.896  20.007 0.0000000000
55756  20.048  -29.430  29.677 0.0000000000
55763  20.308  -29.253  29.255 0.0000000000
55733  16.845  -29.834  37.319 0.0000000000
60439  34.284  -25.048  38.894 0.0000000000
60474  32.190  -25.618  36.561 0.0000000000
57968  29.241  -27.200  37.003 0.0000000000
57973  28.948  -27.168  35.914 0.0000000000
122265  29.811  -28.144  42.166 0.0000000000
122299  23.199  -28.330  33.333 0.0000000000
56868  23.009  -28.765  32.900 0.0000000000
122362  22.984  -28.443  33.288 0.0000000000
59382  49.736  -25.731  18.748 0.0000000000
63106  13.433  -23.471  38.442 0.0000000000
64266  12.561  -22.925  39.666 0.0000000000
61832  13.396  -24.179  38.893 0.0000000000
64255  12.200  -22.522  40.489 0.0000000000
61723  14.248  -24.094  43.425 0.0000000000
60376  14.505  -24.849  43.009 0.0000000000
60394  14.722  -24.893  42.449 0.0000000000
60375  14.955  -25.383  42.653 0.0000000000
66829  51.689  -20.432  20.991 0.0000000000
66844  51.212  -19.803  20.538 0.0000000000
65597  50.018  -22.339  21.840 0.0000000000
64391  50.705  -23.362  23.512 0.0000000000
64407  49.856  -22.942  22.818 0.0000000000
63191  49.180  -23.492  26.687 0.0000000000
61932  49.494  -24.250  26.654 0.0000000000
60620  48.727  -25.613  25.343 0.0000000000
60608  48.221  -25.209  26.019 0.0000000000
123662  48.089  -24.332  20.822 0.0000000000
63263  47.619  -23.533  18.961 0.0000000000
59433  43.518  -26.267  14.854 0.0000000000
60784  43.189  -25.866  14.884 0.0000000000
123583  38.543  -28.116  20.213 0.0000000000
58152  39.565  -28.206  19.783 0.0000000000
56997  38.614  -28.793  18.818 0.0000000000
123696  29.677  -25.612  32.894 0.0000000000
123697  29.081  -25.480  32.162 0.0000000000
60543  28.772  -25.621  32.101 0.0000000000
59232  25.303  -26.918  27.005 0.0000000000
59231  26.018  -27.015  27.332 0.0000000000
59257  25.160  -26.762  25.749 0.0000000000
59258  24.496  -27.176  25.458 0.0000000000
56898  21.466  -28.118  26.548 0.0000000000
63242  54.018  -24.254  21.114 0.0000000000
61993  54.229  -24.477  20.432 0.0000000000
63022  24.156  -23.387  43.468 0.0000000000
63037  22.957  -23.727  43.129 0.0000000000
122418  21.365  -24.489  41.181 0.0000000000
61691  25.177  -24.141  44.249 0.0000000000
123812  30.339  -24.399  27.215 0.0000000000
61983  29.987  -24.302  26.410 0.0000000000
61984  29.494  -24.300  25.549 0.0000000000
61975  28.931  -24.391  25.890 0.0000000000
123743  29.217  -24.602  28.127 0.0000000000
123787  28.579  -24.497  26.359 0.0000000000
61947  28.809  -24.538  27.290 0.0000000000
60643  52.810  -25.510  22.722 0.0000000000
59269  53.178  -25.446  22.846 0.0000000000
59284  53.069  -25.686  21.847 0.0000000000
58105  52.970  -25.980  20.864 0.0000000000
122542  15.816  -28.206  39.613 0.0000000000
122371  16.412  -27.417  39.892 0.0000000000
63048  32.636  -24.608  41.142 0.0000000000
60406  32.693  -25.503  41.030 0.0000000000
59119  33.485  -26.087  40.081 0.0000000000
59121  30.979  -26.229  40.032 0.0000000000
60741  49.051  -25.480  16.793 0.0000000000
59428  48.194  -26.593  15.569 0.0000000000
58192  48.782  -27.474  15.525 0.0000000000
63038  14.715  -23.726  44.378 0.0000000000
60335  15.301  -25.356  44.771 0.0000000000
123757  47.035  -22.464  24.851 0.0000000000
123715  46.773  -22.957  23.915 0.0000000000
123660  46.898  -23.048  23.623 0.0000000000
60747  41.725  -24.063  16.693 0.0000000000
59437  35.476  -27.666  16.449 0.0000000000
59436  35.648  -27.943  16.406 0.0000000000
57051  33.154  -28.187  15.125 0.0000000000
58173  27.368  -26.956  16.788 0.0000000000
58174  26.676  -27.068  17.333 0.0000000000
57032  26.973  -29.053  16.724 0.0000000000
55964  27.771  -29.124  15.933 0.0000000000
59189  27.708  -26.728  32.652 0.0000000000
59198  27.531  -26.636  31.573 0.0000000000
58012  27.104  -26.914  31.558 0.0000000000
58028  25.569  -27.396  29.196 0.0000000000
58020  26.366  -27.106  30.037 0.0000000000
58037  25.751  -27.299  28.076 0.0000000000
122303  22.224  -25.653  38.634 0.0000000000
122320  22.179  -25.116  39.689 0.0000000000
122308  21.599  -25.393  38.672 0.0000000000
122317  21.124  -25.111  39.148 0.0000000000
122372  18.700  -24.259  38.869 0.0000000000
61720  30.291  -24.745  42.812 0.0000000000
63033  29.599  -24.560  42.733 0.0000000000
61719  31.186  -24.902  42.618 0.0000000000
60349  30.511  -25.236  42.680 0.0000000000
60351  28.743  -25.401  43.252 0.0000000000
59077  29.382  -25.967  42.790 0.0000000000
122272  28.804  -26.385  43.032 0.0000000000
122283  28.121  -26.337  43.383 0.0000000000
63008  27.279  -24.162  44.103 0.0000000000
61688  27.196  -24.462  43.397 0.0000000000
122290  23.950  -25.858  39.697 0.0000000000
123768  35.361  -24.167  33.010 0.0000000000
62010  27.152  -24.258  21.449 0.0000000000
60687  26.606  -24.325  20.796 0.0000000000
60717  27.184  -25.204  18.631 0.0000000000
60704  25.872  -25.259  20.295 0.0000000000
59355  24.988  -25.626  20.659 0.0000000000
59333  24.790  -25.530  21.344 0.0000000000
56874  23.153  -28.801  30.464 0.0000000000
56878  22.978  -28.644  29.843 0.0000000000
56879  22.405  -28.989  29.867 0.0000000000
56885  20.494  -28.755  28.637 0.0000000000
56890  20.438  -28.423  27.754 0.0000000000
56900  19.619  -28.612  27.078 0.0000000000
54535  17.996  -30.371  27.738 0.0000000000
55777  18.450  -29.557  27.700 0.0000000000
54549  18.029  -29.998  27.204 0.0000000000
54568  19.475  -30.460  25.640 0.0000000000
56912  19.727  -28.702  26.262 0.0000000000
63210  53.314  -23.808  22.378 0.0000000000
63236  53.948  -24.161  21.735 0.0000000000
63237  54.006  -24.357  22.119 0.0000000000
60629  53.835  -25.065  22.948 0.0000000000
60655  54.409  -24.883  21.144 0.0000000000
122570  17.093  -30.056  32.491 0.0000000000
61753  33.574  -24.111  40.313 0.0000000000
60403  34.215  -24.270  39.667 0.0000000000
61789  34.900  -24.968  38.400 0.0000000000
61769  35.068  -23.861  38.980 0.0000000000
61788  35.148  -24.504  38.558 0.0000000000
60457  35.323  -24.881  37.567 0.0000000000
123635  32.117  -24.810  34.508 0.0000000000
59153  31.699  -24.766  34.036 0.0000000000
60489  31.279  -25.598  35.665 0.0000000000
60490  30.687  -25.663  35.412 0.0000000000
59138  31.711  -25.906  37.161 0.0000000000
59139  31.306  -26.367  37.602 0.0000000000
59150  29.671  -26.731  36.071 0.0000000000
59154  29.709  -26.128  34.433 0.0000000000
57985  27.957  -26.858  34.416 0.0000000000
57986  27.352  -27.087  34.125 0.0000000000
57994  26.478  -27.620  33.324 0.0000000000
59096  31.445  -26.132  41.986 0.0000000000
122258  29.764  -26.759  40.642 0.0000000000
57947  30.263  -26.821  41.297 0.0000000000
59122  30.051  -26.919  39.469 0.0000000000
59107  29.117  -27.358  39.356 0.0000000000
122259  27.434  -27.860  37.224 0.0000000000
122251  28.622  -27.404  38.090 0.0000000000
56842  27.765  -27.769  37.081 0.0000000000
57970  27.784  -27.677  36.400 0.0000000000
57976  26.591  -27.934  35.783 0.0000000000
56862  25.094  -28.449  33.889 0.0000000000
57988  25.859  -28.061  34.519 0.0000000000
57996  24.601  -28.352  33.614 0.0000000000
58016  23.740  -28.038  31.963 0.0000000000
56867  23.295  -28.843  32.332 0.0000000000
54489  22.039  -30.342  31.760 0.0000000000
54490  21.237  -30.551  31.184 0.0000000000
122405  19.253  -28.714  30.711 0.0000000000
122345  19.487  -29.260  30.575 0.0000000000
122365  19.122  -28.917  30.312 0.0000000000
55766  18.529  -29.149  29.581 0.0000000000
54512  17.987  -29.422  29.484 0.0000000000
59328  51.514  -26.092  21.178 0.0000000000
59366  51.562  -26.344  19.604 0.0000000000
58149  51.686  -26.504  19.343 0.0000000000
58170  51.179  -26.958  16.889 0.0000000000
58169  51.862  -27.079  17.413 0.0000000000
58215  46.692  -27.747  14.576 0.0000000000
58194  47.161  -27.371  14.782 0.0000000000
122382  22.364  -23.653  41.225 0.0000000000
122492  20.999  -23.881  39.414 0.0000000000
122348  18.758  -23.249  38.577 0.0000000000
63126  16.896  -23.411  36.315 0.0000000000
122518  18.509  -23.122  37.690 0.0000000000
122574  17.260  -23.159  37.249 0.0000000000
122579  17.231  -24.617  37.998 0.0000000000
122578  16.527  -24.871  38.590 0.0000000000
122577  16.820  -24.432  39.495 0.0000000000
64219  12.779  -22.656  43.081 0.0000000000
65381  12.924  -21.486  43.759 0.0000000000
64210  12.630  -22.179  43.057 0.0000000000
65391  12.933  -21.650  43.115 0.0000000000
63056  12.171  -22.822  42.294 0.0000000000
63073  12.195  -23.096  41.820 0.0000000000
63072  13.208  -23.683  41.626 0.0000000000
60410  15.574  -24.567  41.290 0.0000000000
61760  14.870  -24.309  41.061 0.0000000000
122546  16.330  -24.500  41.193 0.0000000000
122491  16.603  -24.194  41.003 0.0000000000
122489  17.344  -25.021  41.269 0.0000000000
68032  52.890  -19.362  21.320 0.0000000000
65579  52.127  -22.198  21.789 0.0000000000
66845  50.665  -20.240  20.566 0.0000000000
64419  50.788  -22.611  21.856 0.0000000000
64418  51.225  -22.351  21.534 0.0000000000
61972  51.782  -24.299  23.931 0.0000000000
61960  51.387  -24.408  24.588 0.0000000000
61945  51.359  -24.769  25.113 0.0000000000
64392  49.846  -23.390  24.051 0.0000000000
63216  49.756  -23.454  25.134 0.0000000000
60619  49.820  -25.168  25.319 0.0000000000
60633  50.395  -25.407  24.572 0.0000000000
59310  49.085  -26.038  21.638 0.0000000000
59330  49.748  -26.067  21.084 0.0000000000
59254  48.067  -25.414  24.359 0.0000000000
60660  48.335  -24.851  20.828 0.0000000000
60671  48.163  -24.870  20.182 0.0000000000
60685  48.607  -25.025  20.178 0.0000000000
60686  48.246  -24.833  19.756 0.0000000000
62023  48.796  -24.631  19.049 0.0000000000
63286  47.268  -23.731  17.661 0.0000000000
63285  48.093  -23.749  17.611 0.0000000000
62061  47.476  -24.077  16.815 0.0000000000
62091  47.186  -24.891  15.576 0.0000000000
62076  46.760  -24.506  15.890 0.0000000000
123712  45.040  -21.871  21.178 0.0000000000
123682  46.072  -23.525  17.704 0.0000000000
62064  45.490  -23.789  17.010 0.0000000000
60767  44.903  -25.004  15.163 0.0000000000
60766  45.667  -25.222  15.193 0.0000000000
58196  43.964  -27.053  14.655 0.0000000000
57042  43.668  -27.687  14.763 0.0000000000
57043  43.119  -27.707  14.888 0.0000000000
123571  40.576  -25.090  19.598 0.0000000000
123598  40.609  -25.109  19.581 0.0000000000
123628  39.951  -25.591  18.907 0.0000000000
123627  39.953  -25.889  19.218 0.0000000000
123554  39.462  -24.609  20.680 0.0000000000
123555  40.076  -24.492  21.228 0.0000000000
123561  40.448  -24.510  21.028 0.0000000000
123559  40.648  -25.000  20.659 0.0000000000
123570  38.351  -26.759  21.163 0.0000000000
59372  39.766  -26.864  19.445 0.0000000000
60714  39.667  -26.118  18.856 0.0000000000
59395  39.370  -26.210  17.212 0.0000000000
57024  39.037  -28.315  16.982 0.0000000000
56999  37.265  -29.145  17.879 0.0000000000
55905  37.772  -29.361  18.115 0.0000000000
55918  37.469  -29.328  17.477 0.0000000000
57046  37.634  -28.800  15.740 0.0000000000
55955  38.008  -29.041  16.009 0.0000000000
54785  38.985  -30.469  14.398 0.0000000000
55956  35.109  -28.782  15.035 0.0000000000
54764  35.491  -31.193  14.738 0.0000000000
59412  31.607  -26.217  15.731 0.0000000000
58205  30.656  -27.474  15.493 0.0000000000
57052  32.071  -28.226  15.125 0.0000000000
57030  28.372  -27.612  16.127 0.0000000000
55988  31.093  -29.791  14.691 0.0000000000
123764  30.039  -24.632  30.624 0.0000000000
123720  28.660  -25.469  29.940 0.0000000000
123762  27.786  -25.547  28.348 0.0000000000
59209  27.556  -26.261  30.634 0.0000000000
59208  28.123  -25.862  30.415 0.0000000000
59218  27.558  -25.882  29.943 0.0000000000
59241  26.807  -26.401  27.377 0.0000000000
59229  26.775  -26.361  27.772 0.0000000000
123796  26.910  -26.143  26.645 0.0000000000
123810  26.196  -26.197  25.246 0.0000000000
59291  24.846  -25.868  23.694 0.0000000000
59313  23.636  -26.530  22.055 0.0000000000
58061  22.633  -27.707  26.822 0.0000000000
56924  21.410  -28.315  24.629 0.0000000000
58081  22.735  -27.725  24.024 0.0000000000
58071  23.466  -27.677  25.320 0.0000000000
58080  23.361  -27.543  24.306 0.0000000000
58079  23.941  -27.292  24.130 0.0000000000
58143  22.545  -27.959  20.720 0.0000000000
59357  23.398  -26.932  20.373 0.0000000000
63243  53.691  -24.025  20.284 0.0000000000
64187  24.876  -22.688  45.181 0.0000000000
63012  24.427  -22.542  44.141 0.0000000000
123798  29.488  -24.528  27.366 0.0000000000
59285  52.535  -25.532  22.103 0.0000000000
58008  18.776  -25.805  34.843 0.0000000000
61735  32.564  -24.770  41.863 0.0000000000
60423  32.627  -25.905  40.846 0.0000000000
60407  32.312  -25.972  41.332 0.0000000000
59104  31.509  -26.503  41.400 0.0000000000
63014  14.766  -23.643  45.828 0.0000000000
123733  46.532  -20.863  22.793 0.0000000000
123755  47.368  -22.171  24.038 0.0000000000
123734  46.172  -21.408  23.272 0.0000000000
123714  45.933  -22.089  23.400 0.0000000000
123736  46.184  -22.474  23.325 0.0000000000
58201  34.885  -27.708  15.839 0.0000000000
58004  26.437  -27.342  32.295 0.0000000000
58021  25.554  -27.438  30.340 0.0000000000
61701  29.528  -24.773  43.131 0.0000000000
61690  25.904  -24.578  44.381 0.0000000000
123548  34.173  -23.179  21.588 0.0000000000
55754  22.051  -29.963  30.134 0.0000000000
55761  21.801  -29.329  29.699 0.0000000000
55762  21.221  -29.549  29.588 0.0000000000
56881  20.868  -29.000  29.247 0.0000000000
56886  19.889  -28.854  28.434 0.0000000000
64375  52.990  -23.867  22.968 0.0000000000
63211  53.304  -24.184  22.951 0.0000000000
59282  54.146  -25.405  21.974 0.0000000000
60628  54.040  -25.215  22.468 0.0000000000
122363  19.212  -24.574  36.167 0.0000000000
122401  18.428  -24.301  35.700 0.0000000000
54451  17.081  -30.261  36.556 0.0000000000
60404  33.780  -24.690  39.957 0.0000000000
60420  34.355  -24.499  39.411 0.0000000000
60458  34.646  -25.208  37.868 0.0000000000
59156  28.624  -26.718  34.968 0.0000000000
56822  30.339  -27.993  42.520 0.0000000000
56833  30.515  -28.089  41.992 0.0000000000
56848  25.923  -27.959  35.742 0.0000000000
56853  25.876  -27.938  35.186 0.0000000000
56863  24.788  -28.667  34.093 0.0000000000
57997  24.066  -28.697  33.629 0.0000000000
54481  22.181  -30.086  32.709 0.0000000000
122255  19.842  -27.374  31.545 0.0000000000
54501  17.825  -28.987  30.085 0.0000000000
59349  50.460  -26.119  20.295 0.0000000000
59381  50.463  -26.276  18.591 0.0000000000
59426  49.941  -26.792  15.937 0.0000000000
58181  50.194  -27.369  16.034 0.0000000000
63137  15.173  -24.679  36.257 0.0000000000
122614  13.856  -24.406  38.824 0.0000000000
61796  14.121  -24.394  39.518 0.0000000000
63025  13.152  -22.854  44.554 0.0000000000
61744  13.651  -23.869  42.492 0.0000000000
61762  13.816  -24.017  41.937 0.0000000000
61743  14.297  -24.445  42.267 0.0000000000
64406  50.837  -22.944  22.637 0.0000000000
63214  50.977  -24.001  24.493 0.0000000000
63217  48.939  -23.355  25.167 0.0000000000
63200  49.917  -23.736  26.085 0.0000000000
60634  49.496  -25.567  24.539 0.0000000000
61994  47.925  -24.340  20.046 0.0000000000
63262  48.203  -23.800  19.117 0.0000000000
63274  47.819  -23.531  18.368 0.0000000000
123686  44.397  -21.750  17.819 0.0000000000
62094  43.791  -24.196  16.222 0.0000000000
55978  41.098  -29.327  14.424 0.0000000000
123553  37.465  -24.103  22.082 0.0000000000
57009  38.976  -28.788  17.989 0.0000000000
57027  37.054  -28.814  16.507 0.0000000000
55919  37.073  -29.209  17.025 0.0000000000
54787  36.745  -30.495  14.522 0.0000000000
55957  34.523  -28.904  15.015 0.0000000000
54789  34.717  -30.755  14.625 0.0000000000
59414  29.935  -25.935  15.921 0.0000000000
58206  29.771  -27.262  15.625 0.0000000000
55962  29.555  -29.425  15.167 0.0000000000
123648  29.984  -25.285  32.268 0.0000000000
123650  29.750  -25.141  31.665 0.0000000000
60565  28.574  -25.591  30.343 0.0000000000
58036  26.352  -27.036  28.417 0.0000000000
59223  26.541  -26.440  28.627 0.0000000000
59242  26.390  -26.625  26.787 0.0000000000
59256  25.879  -26.558  25.918 0.0000000000
123813  25.332  -26.431  25.210 0.0000000000
58092  24.264  -27.074  24.060 0.0000000000
58051  21.899  -27.613  28.323 0.0000000000
56897  22.132  -27.986  25.975 0.0000000000
56933  21.858  -28.780  23.109 0.0000000000
58109  22.162  -27.855  22.189 0.0000000000
56978  52.719  -27.078  19.483 0.0000000000
60356  23.956  -24.642  43.296 0.0000000000
122329  22.886  -24.392  42.578 0.0000000000
63036  23.587  -23.618  43.394 0.0000000000
122430  20.157  -24.000  40.288 0.0000000000
63009  26.630  -23.979  44.664 0.0000000000
61995  29.908  -24.198  25.041 0.0000000000
61962  29.263  -24.473  26.974 0.0000000000
55765  18.750  -29.232  29.247 0.0000000000
53256  18.324  -31.610  27.912 0.0000000000
63198  52.935  -24.472  24.447 0.0000000000
61958  53.126  -24.697  23.809 0.0000000000
61943  52.957  -24.642  24.240 0.0000000000
60615  53.450  -24.959  23.717 0.0000000000
59268  53.589  -25.247  22.976 0.0000000000
59252  53.210  -25.250  23.511 0.0000000000
58088  54.062  -26.066  21.987 0.0000000000
122243  16.785  -28.586  32.447 0.0000000000
122572  16.530  -29.476  33.589 0.0000000000
122527  16.953  -24.058  37.002 0.0000000000
60388  33.333  -24.600  40.427 0.0000000000
60421  33.705  -25.311  39.719 0.0000000000
59131  33.593  -25.536  39.652 0.0000000000
60441  32.651  -25.446  38.656 0.0000000000
60442  31.893  -25.894  38.501 0.0000000000
122397  22.561  -28.529  33.185 0.0000000000
122458  22.833  -28.125  33.908 0.0000000000
59383  49.241  -25.088  18.876 0.0000000000
59394  49.011  -25.848  18.368 0.0000000000
61722  14.651  -23.838  44.044 0.0000000000
61709  14.641  -24.585  43.743 0.0000000000
60357  14.712  -25.266  43.709 0.0000000000
59069  15.245  -26.334  45.100 0.0000000000
63192  48.543  -23.348  25.474 0.0000000000
60594  47.697  -24.720  25.988 0.0000000000
60595  47.577  -24.818  25.613 0.0000000000
59239  47.612  -24.756  24.563 0.0000000000
123737  46.933  -23.018  24.496 0.0000000000
60785  42.742  -25.627  14.938 0.0000000000
123606  37.928  -28.662  18.681 0.0000000000
123608  37.557  -28.390  18.262 0.0000000000
123625  37.294  -28.635  17.868 0.0000000000
123722  36.170  -27.918  16.759 0.0000000000
58184  36.552  -28.343  16.657 0.0000000000
57028  36.232  -28.384  15.953 0.0000000000
57048  35.760  -28.585  15.106 0.0000000000
59397  27.124  -25.953  17.214 0.0000000000
57056  28.061  -28.836  15.811 0.0000000000
59178  28.795  -26.055  33.190 0.0000000000
60544  28.478  -25.796  32.197 0.0000000000
59199  27.062  -26.861  31.308 0.0000000000
55801  20.114  -28.958  25.101 0.0000000000
56925  20.665  -28.583  24.930 0.0000000000
55836  20.767  -29.211  23.997 0.0000000000
55834  21.448  -29.798  23.031 0.0000000000
66827  54.407  -20.324  20.619 0.0000000000
65611  53.021  -21.884  19.678 0.0000000000
62005  54.588  -24.816  20.022 0.0000000000
122292  22.012  -26.194  37.715 0.0000000000
122302  21.070  -25.464  37.898 0.0000000000
122310  20.077  -25.297  37.745 0.0000000000
122364  20.139  -25.714  38.941 0.0000000000
122351  20.174  -25.576  38.662 0.0000000000
63032  30.686  -24.777  42.498 0.0000000000
60372  31.882  -25.178  43.054 0.0000000000
57928  30.587  -26.439  42.311 0.0000000000
59076  30.028  -25.519  42.678 0.0000000000
57929  29.989  -26.766  42.354 0.0000000000
60352  27.647  -25.467  43.355 0.0000000000
122298  25.637  -26.008  40.818 0.0000000000
59454  46.327  -26.952  14.526 0.0000000000
123752  42.623  -22.033  16.919 0.0000000000
123543  36.261  -23.868  21.665 0.0000000000
123827  32.382  -25.967  15.951 0.0000000000
60702  27.705  -24.097  19.986 0.0000000000
59386  25.809  -26.388  18.449 0.0000000000
58153  24.654  -26.667  19.102 0.0000000000
58041  21.904  -27.873  29.223 0.0000000000
58032  22.075  -28.388  29.568 0.0000000000
56889  21.218  -28.033  27.567 0.0000000000
55776  18.978  -29.049  27.410 0.0000000000
64386  53.423  -23.771  22.188 0.0000000000
64401  53.663  -23.845  21.782 0.0000000000
61971  54.026  -24.646  22.483 0.0000000000
61982  54.141  -24.576  22.072 0.0000000000
53196  16.330  -30.326  34.666 0.0000000000
54456  15.969  -29.533  35.182 0.0000000000
60419  34.558  -24.123  39.405 0.0000000000
123666  36.070  -23.525  37.987 0.0000000000
123665  35.879  -24.382  36.647 0.0000000000
123637  35.492  -24.578  36.001 0.0000000000
123663  31.359  -24.768  33.467 0.0000000000
123644  30.850  -25.019  33.405 0.0000000000
123669  30.356  -25.499  33.422 0.0000000000
60519  29.961  -25.825  33.629 0.0000000000
59165  29.435  -26.015  33.505 0.0000000000
59179  28.327  -26.425  33.366 0.0000000000
59167  28.402  -26.686  34.326 0.0000000000
57952  30.485  -26.599  40.670 0.0000000000
57960  29.771  -27.218  38.223 0.0000000000
122250  29.171  -27.342  38.444 0.0000000000
57961  29.168  -27.274  37.847 0.0000000000
57969  28.374  -27.454  36.605 0.0000000000
57981  26.395  -27.850  35.201 0.0000000000
57987  26.508  -27.737  34.316 0.0000000000
55745  23.075  -29.536  31.972 0.0000000000
55749  23.192  -29.760  31.489 0.0000000000
54498  21.227  -30.443  30.224 0.0000000000
54499  20.461  -29.965  29.833 0.0000000000
54500  20.058  -29.689  29.909 0.0000000000
122267  21.932  -29.478  32.974 0.0000000000
54476  21.271  -30.087  32.508 0.0000000000
122324  20.315  -29.512  31.767 0.0000000000
54483  20.590  -30.272  31.422 0.0000000000
55751  20.063  -29.955  31.129 0.0000000000
55752  19.911  -29.764  30.556 0.0000000000
55757  19.686  -29.338  29.921 0.0000000000
54511  18.244  -29.402  29.246 0.0000000000
53258  17.454  -30.470  29.055 0.0000000000
53247  17.462  -29.978  29.590 0.0000000000
58138  52.020  -26.507  19.408 0.0000000000
58159  51.852  -26.806  18.093 0.0000000000
57040  47.703  -28.274  14.849 0.0000000000
122352  22.653  -23.197  42.830 0.0000000000
122347  19.149  -23.286  39.807 0.0000000000
122461  18.231  -22.933  37.185 0.0000000000
122357  19.105  -23.759  38.529 0.0000000000
122400  18.992  -23.791  38.727 0.0000000000
65416  11.631  -21.835  41.623 0.0000000000
63088  12.464  -23.198  40.990 0.0000000000
61777  13.467  -23.949  40.157 0.0000000000
122535  14.797  -24.392  40.109 0.0000000000
61761  13.997  -24.152  41.366 0.0000000000
122429  16.619  -24.285  40.299 0.0000000000
122377  17.999  -24.362  41.058 0.0000000000
122422  18.166  -25.211  40.777 0.0000000000
122484  18.014  -26.796  40.551 0.0000000000
122426  17.435  -26.992  40.652 0.0000000000
57939  15.137  -27.172  41.856 0.0000000000
68018  53.027  -19.968  21.995 0.0000000000
63227  52.559  -23.760  23.269 0.0000000000
63213  52.671  -24.562  24.321 0.0000000000
61944  52.307  -24.737  24.526 0.0000000000
61973  51.653  -24.331  24.161 0.0000000000
65580  49.209  -21.864  22.422 0.0000000000
63215  50.498  -24.005  25.046 0.0000000000
60658  50.730  -25.388  22.969 0.0000000000
59370  49.183  -24.944  19.760 0.0000000000
59253  48.176  -26.225  24.959 0.0000000000
59271  48.615  -25.604  23.247 0.0000000000
59290  48.709  -25.593  22.161 0.0000000000
60648  48.772  -25.710  21.915 0.0000000000
59351  49.105  -25.043  20.433 0.0000000000
60712  48.856  -25.134  18.585 0.0000000000
62059  48.719  -24.931  17.434 0.0000000000
63272  48.805  -24.340  18.519 0.0000000000
62074  48.573  -24.919  16.642 0.0000000000
62075  47.876  -24.665  16.081 0.0000000000
60765  46.640  -25.220  15.363 0.0000000000
123685  45.453  -21.516  20.582 0.0000000000
123728  45.379  -21.789  21.341 0.0000000000
123629  46.756  -22.706  22.359 0.0000000000
62078  45.366  -24.282  16.465 0.0000000000
62077  45.954  -24.286  16.260 0.0000000000
60744  46.094  -24.794  15.690 0.0000000000
58218  44.391  -26.739  14.635 0.0000000000
123587  40.280  -24.430  18.485 0.0000000000
123609  40.298  -24.961  18.810 0.0000000000
123544  38.618  -26.668  20.536 0.0000000000
123557  39.015  -26.920  21.670 0.0000000000
123558  39.693  -26.828  20.892 0.0000000000
123560  40.447  -26.136  20.686 0.0000000000
60673  40.877  -25.515  20.740 0.0000000000
59371  40.014  -26.252  19.651 0.0000000000
60700  39.903  -26.258  19.446 0.0000000000
55904  38.248  -29.245  18.449 0.0000000000
55917  38.228  -29.524  17.737 0.0000000000
54738  37.709  -29.676  16.933 0.0000000000
55934  38.237  -29.425  16.910 0.0000000000
57025  38.595  -28.813  16.511 0.0000000000
55979  40.003  -29.283  14.544 0.0000000000
59441  31.193  -26.769  15.603 0.0000000000
123785  27.238  -25.363  25.915 0.0000000000
60556  28.459  -25.783  31.653 0.0000000000
59207  28.436  -25.727  30.511 0.0000000000
60587  27.062  -25.890  28.798 0.0000000000
60586  27.726  -25.683  28.845 0.0000000000
123782  27.350  -25.631  27.554 0.0000000000
123783  27.334  -25.470  26.651 0.0000000000
123803  25.326  -25.123  23.925 0.0000000000
123823  24.702  -25.266  22.945 0.0000000000
59311  24.704  -25.769  23.426 0.0000000000
60661  24.678  -25.603  22.181 0.0000000000
59334  24.362  -25.861  21.536 0.0000000000
59356  23.918  -26.454  20.279 0.0000000000
58059  24.285  -27.563  25.996 0.0000000000
58070  24.047  -27.425  25.484 0.0000000000
123821  24.130  -27.056  24.632 0.0000000000
58108  23.116  -27.102  22.634 0.0000000000
62006  54.334  -24.489  19.786 0.0000000000
59286  51.792  -25.199  21.742 0.0000000000
58106  52.838  -25.963  20.758 0.0000000000
56949  52.810  -26.274  20.346 0.0000000000
53185  16.401  -30.668  35.092 0.0000000000
54475  21.530  -30.069  32.699 0.0000000000
54492  20.093  -29.871  30.154 0.0000000000
54510  20.770  -29.731  29.622 0.0000000000
54717  37.712  -29.588  17.212 0.0000000000
54718  37.462  -29.481  17.087 0.0000000000
54737  38.155  -29.717  16.877 0.0000000000
54739  37.464  -29.646  16.912 0.0000000000
55750  22.776  -30.138  31.281 0.0000000000
55755  21.415  -30.121  29.819 0.0000000000
55769  20.017  -28.993  28.681 0.0000000000
55903  38.444  -29.056  18.607 0.0000000000
55935  37.805  -29.338  16.513 0.0000000000
55936  37.448  -29.346  16.857 0.0000000000
55954  38.194  -29.095  16.315 0.0000000000
56844  27.421  -27.945  36.632 0.0000000000
56847  26.808  -28.025  36.158 0.0000000000
56858  25.376  -28.387  34.191 0.0000000000
56871  23.150  -29.748  31.218 0.0000000000
56872  19.758  -29.645  30.923 0.0000000000
56876  19.606  -29.463  31.018 0.0000000000
56922  22.776  -27.783  24.268 0.0000000000
56998  37.846  -29.081  18.514 0.0000000000
57011  37.152  -29.022  17.522 0.0000000000
57012  37.168  -29.061  17.131 0.0000000000
57956  29.703  -27.298  38.536 0.0000000000
57963  27.929  -27.685  36.866 0.0000000000
57978  28.741  -26.839  35.290 0.0000000000
57982  25.869  -27.958  34.922 0.0000000000
58047  25.493  -27.204  27.363 0.0000000000
58089  53.120  -25.936  21.572 0.0000000000
58091  52.538  -25.642  21.364 0.0000000000
58121  53.414  -26.039  20.862 0.0000000000
58141  23.516  -27.105  20.028 0.0000000000
58172  37.083  -28.891  17.688 0.0000000000
59084  32.130  -25.421  43.071 0.0000000000
59106  29.451  -27.084  40.031 0.0000000000
59118  33.736  -25.796  39.911 0.0000000000
59123  29.338  -27.365  38.902 0.0000000000
59168  27.877  -26.792  34.129 0.0000000000
59186  28.853  -25.670  32.524 0.0000000000
59187  28.639  -25.817  32.635 0.0000000000
59196  28.494  -25.767  30.892 0.0000000000
59217  27.971  -25.828  30.012 0.0000000000
59222  27.001  -25.937  29.331 0.0000000000
59259  23.931  -27.266  25.182 0.0000000000
59305  53.180  -25.898  20.994 0.0000000000
60438  34.412  -24.735  39.104 0.0000000000
60475  31.713  -25.752  36.340 0.0000000000
60566  28.337  -25.728  30.285 0.0000000000
60577  27.426  -25.833  29.441 0.0000000000
60585  28.075  -25.617  29.098 0.0000000000
60588  26.648  -26.308  28.315 0.0000000000
60596  27.420  -25.643  28.334 0.0000000000
60598  26.690  -26.213  28.068 0.0000000000
60621  47.851  -25.975  25.475 0.0000000000
60670  48.673  -25.002  20.713 0.0000000000
60699  48.377  -24.646  19.519 0.0000000000
60713  39.848  -25.947  19.151 0.0000000000
60743  46.454  -24.834  15.630 0.0000000000
61687  27.271  -24.325  43.053 0.0000000000
61751  34.521  -23.815  39.466 0.0000000000
61776  13.948  -24.203  40.429 0.0000000000
61816  13.539  -24.221  39.198 0.0000000000
61914  28.115  -25.556  28.898 0.0000000000
61923  27.334  -25.617  28.060 0.0000000000
62024  48.366  -24.224  19.231 0.0000000000
63071  13.565  -23.890  41.129 0.0000000000
63087  13.259  -23.773  40.654 0.0000000000
63099  13.116  -23.726  39.906 0.0000000000
63100  12.657  -23.317  40.205 0.0000000000
63107  13.039  -23.718  39.157 0.0000000000
63108  12.815  -23.436  39.701 0.0000000000
63118  13.420  -24.089  38.598 0.0000000000
63128  14.496  -24.585  37.278 0.0000000000
63261  48.553  -24.146  18.934 0.0000000000
63275  47.231  -23.598  18.430 0.0000000000
63284  48.797  -24.225  17.815 0.0000000000
64199  23.781  -23.321  43.386 0.0000000000
64200  23.560  -23.212  43.353 0.0000000000
64207  23.451  -23.432  43.367 0.0000000000
64208  23.299  -23.237  43.344 0.0000000000
64209  12.783  -22.280  43.558 0.0000000000
64220  12.261  -22.367  42.564 0.0000000000
64221  12.008  -22.258  42.369 0.0000000000
64231  11.836  -22.104  42.287 0.0000000000
64243  11.819  -22.408  41.276 0.0000000000
65392  12.500  -21.915  42.800 0.0000000000
65398  12.635  -21.609  42.538 0.0000000000
65399  12.213  -21.892  42.513 0.0000000000
65400  12.095  -22.107  42.475 0.0000000000
65407  11.964  -21.665  42.131 0.0000000000
65408  11.972  -21.916  42.374 0.0000000000
122270  16.881  -29.990  33.299 0.0000000000
122314  22.829  -28.562  33.129 0.0000000000
122328  21.998  -25.086  39.522 0.0000000000
122346  19.598  -29.190  31.187 0.0000000000
122379  18.677  -23.937  38.799 0.0000000000
122380  19.177  -23.370  40.093 0.0000000000
122417  18.878  -24.100  38.880 0.0000000000
122428  17.337  -24.289  41.082 0.0000000000
122431  19.491  -23.455  39.398 0.0000000000
122490  16.814  -24.587  41.201 0.0000000000
122519  18.687  -23.239  37.366 0.0000000000
122581  17.542  -25.047  37.872 0.0000000000
123546  40.364  -24.583  20.605 0.0000000000
123569  39.920  -24.163  21.120 0.0000000000
123582  40.522  -24.953  19.247 0.0000000000
123584  40.807  -24.998  19.807 0.0000000000
123585  40.549  -25.008  19.371 0.0000000000
123588  40.432  -24.819  19.029 0.0000000000
123607  37.544  -28.687  18.328 0.0000000000
123610  40.368  -25.509  19.660 0.0000000000
123613  45.158  -21.729  20.498 0.0000000000
123652  37.173  -28.929  17.818 0.0000000000
123658  45.303  -21.573  19.208 0.0000000000
123664  35.653  -24.503  36.376 0.0000000000
123672  29.932  -25.424  32.579 0.0000000000
123673  29.838  -25.352  32.235 0.0000000000
123674  29.683  -25.152  31.940 0.0000000000
123675  37.098  -28.800  17.532 0.0000000000
123687  45.253  -21.640  20.970 0.0000000000
123698  29.057  -25.339  31.681 0.0000000000
123699  29.444  -25.064  31.556 0.0000000000
123700  36.786  -28.478  16.899 0.0000000000
123705  39.762  -25.602  18.547 0.0000000000
123711  45.657  -21.559  21.427 0.0000000000
123719  28.448  -25.598  29.961 0.0000000000
123730  46.260  -21.119  21.425 0.0000000000
123731  46.229  -21.265  21.987 0.0000000000
123784  29.275  -24.505  27.242 0.0000000000
123822  24.976  -25.446  23.737 0.0000000000
