#!ascii label  , from subject sub-NDARAG610XL4 vox2ras=TkReg
2238
63013  23.942  -22.365  43.783 0.5555559993
60356  23.956  -24.642  43.296 0.4444440007
63022  24.156  -23.387  43.468 0.4444440007
61721  23.553  -24.200  43.360 0.4444440007
122342  22.275  -24.278  41.921 0.5555559993
63037  22.957  -23.727  43.129 0.4444440007
63012  24.427  -22.542  44.141 0.5555559993
122353  22.543  -23.908  42.100 0.5555559993
60374  23.493  -24.998  42.618 0.4444440007
122329  22.886  -24.392  42.578 0.4444440007
122352  22.653  -23.197  42.830 0.4444440007
122382  22.364  -23.653  41.225 0.4444440007
64189  23.334  -22.228  44.313 0.4444440007
122432  21.861  -23.733  40.579 0.4444440007
64187  24.876  -22.688  45.181 0.5555559993
64188  23.850  -22.582  45.137 0.5555559993
61707  24.486  -24.219  43.659 0.4444440007
63011  25.134  -23.107  43.893 0.4444440007
122418  21.365  -24.489  41.181 0.4444440007
122318  20.965  -24.608  41.168 0.4444440007
122321  20.599  -24.498  41.023 0.4444440007
122326  21.202  -25.226  40.239 0.2222220004
122325  20.048  -25.010  38.688 0.1111110002
65366  23.510  -21.665  45.398 0.4444440007
63010  25.686  -23.618  44.813 0.4444440007
64186  25.682  -22.696  44.731 0.4444440007
61691  25.177  -24.141  44.249 0.4444440007
122339  19.672  -23.478  39.890 0.5555559993
122327  19.848  -24.299  40.413 0.4444440007
63008  27.279  -24.162  44.103 0.4444440007
65362  27.048  -22.578  44.573 0.4444440007
65363  26.388  -22.183  44.528 0.4444440007
66651  23.266  -20.870  45.259 0.3333329856
122381  23.036  -22.252  42.635 0.3333329856
61704  26.897  -24.948  42.988 0.3333329856
61689  26.781  -24.714  43.997 0.4444440007
66649  24.834  -20.525  44.850 0.4444440007
67853  23.388  -21.133  44.301 0.3333329856
122433  22.714  -22.408  43.271 0.3333329856
61705  26.110  -25.138  43.419 0.3333329856
61706  25.129  -25.016  43.700 0.3333329856
66664  25.110  -20.349  43.620 0.3333329856
122497  23.790  -21.885  42.575 0.3333329856
122411  22.744  -23.266  41.705 0.3333329856
122430  20.157  -24.000  40.288 0.5555559993
122415  19.097  -24.363  38.859 0.1111110002
63021  27.537  -23.917  43.276 0.4444440007
63035  27.525  -24.018  42.852 0.5555559993
64205  27.735  -23.089  43.392 0.4444440007
61703  27.673  -24.693  43.034 0.3333329856
64197  27.664  -23.367  43.907 0.4444440007
64206  27.601  -22.285  43.602 0.4444440007
65388  27.675  -22.430  43.072 0.4444440007
61688  27.196  -24.462  43.397 0.3333329856
63007  27.403  -24.193  43.430 0.4444440007
64184  27.317  -23.377  44.501 0.4444440007
64198  27.550  -22.720  44.109 0.4444440007
65389  27.192  -21.683  43.087 0.5555559993
65377  26.365  -21.391  43.943 0.4444440007
60353  26.741  -25.921  43.249 0.2222220004
122441  23.403  -22.986  42.008 0.3333329856
63019  28.886  -24.557  42.967 0.4444440007
63020  28.028  -24.598  42.777 0.5555559993
64217  27.480  -23.180  42.741 0.5555559993
61702  28.611  -24.723  43.134 0.3333329856
60351  28.743  -25.401  43.252 0.3333329856
65396  27.341  -22.465  42.599 0.5555559993
122266  28.959  -26.922  42.800 0.2222220004
122283  28.121  -26.337  43.383 0.2222220004
60352  27.647  -25.467  43.355 0.2222220004
65397  26.718  -22.370  42.248 0.4444440007
66683  26.722  -21.854  42.616 0.5555559993
122264  28.509  -27.614  41.727 0.1111110002
63034  28.426  -24.600  42.675 0.5555559993
63053  27.623  -24.260  42.168 0.5555559993
61700  30.335  -24.956  42.989 0.3333329856
61701  29.528  -24.773  43.131 0.3333329856
64218  27.052  -23.119  41.920 0.5555559993
59085  31.359  -25.868  42.523 0.3333329856
60373  31.140  -25.381  42.653 0.3333329856
60349  30.511  -25.236  42.680 0.3333329856
60350  29.793  -25.238  42.963 0.3333329856
57937  30.343  -26.951  41.662 0.1111110002
57928  30.587  -26.439  42.311 0.2222220004
59086  30.375  -25.930  42.501 0.2222220004
59077  29.382  -25.967  42.790 0.2222220004
64229  27.033  -23.044  40.553 0.3333329856
122597  26.100  -22.376  41.172 0.3333329856
57946  30.798  -27.296  41.730 0.1111110002
57929  29.989  -26.766  42.354 0.1111110002
57938  29.719  -27.592  42.434 0.1111110002
56833  30.515  -28.089  41.992 0.1111110002
122268  29.854  -27.713  41.712 0.1111110002
122279  25.425  -26.616  39.605 0.1111110002
61720  30.291  -24.745  42.812 0.4444440007
63033  29.599  -24.560  42.733 0.5555559993
63054  27.329  -23.734  41.320 0.5555559993
61719  31.186  -24.902  42.618 0.5555559993
63032  30.686  -24.777  42.498 0.4444440007
61740  27.676  -24.356  41.334 0.6666669846
59095  32.283  -25.954  42.849 0.4444440007
61718  32.200  -24.462  42.981 0.4444440007
60407  32.312  -25.972  41.332 0.3333329856
60391  31.918  -25.985  41.755 0.3333329856
59096  31.445  -26.132  41.986 0.2222220004
59104  31.509  -26.503  41.400 0.3333329856
122257  28.793  -27.414  40.436 0.1111110002
122280  24.607  -27.940  36.120 0.1111110002
63051  30.038  -24.621  41.858 0.6666669846
63052  28.986  -24.721  42.242 0.6666669846
61739  28.477  -24.799  41.603 0.6666669846
63031  31.682  -24.703  42.386 0.5555559993
60390  32.313  -25.427  41.962 0.3333329856
60371  32.739  -25.090  43.067 0.4444440007
59120  32.316  -26.224  40.470 0.3333329856
61738  29.616  -24.813  41.524 0.6666669846
63030  32.304  -24.653  42.231 0.5555559993
63050  31.080  -24.754  41.857 0.6666669846
61735  32.564  -24.770  41.863 0.4444440007
61757  29.078  -25.091  40.890 0.6666669846
60422  33.059  -25.772  40.459 0.3333329856
60406  32.693  -25.503  41.030 0.3333329856
63048  32.636  -24.608  41.142 0.6666669846
59132  33.018  -25.809  39.586 0.4444440007
60405  33.197  -25.152  40.435 0.4444440007
63049  31.940  -24.582  41.343 0.6666669846
61736  31.286  -24.659  41.087 0.6666669846
61737  30.590  -24.768  41.348 0.7777780294
61756  30.344  -24.900  40.605 0.6666669846
60388  33.333  -24.600  40.427 0.4444440007
60389  32.851  -24.941  41.109 0.4444440007
59131  33.593  -25.536  39.652 0.5555559993
60440  33.592  -25.243  38.804 0.5555559993
61755  31.000  -24.574  40.727 0.7777780294
63047  33.261  -23.788  40.419 0.6666669846
64216  32.037  -24.096  40.668 0.6666669846
63067  31.650  -24.225  40.687 0.6666669846
61733  33.446  -24.316  40.383 0.5555559993
60421  33.705  -25.311  39.719 0.5555559993
60404  33.780  -24.690  39.957 0.5555559993
60439  34.284  -25.048  38.894 0.5555559993
64214  33.015  -23.566  40.344 0.6666669846
64226  32.998  -22.891  39.560 0.6666669846
63066  33.734  -23.653  39.866 0.6666669846
64215  32.437  -23.861  40.576 0.6666669846
64227  32.010  -23.455  40.215 0.6666669846
60403  34.215  -24.270  39.667 0.5555559993
61753  33.574  -24.111  40.313 0.5555559993
63082  31.526  -23.721  39.607 0.5555559993
60420  34.355  -24.499  39.411 0.5555559993
61752  33.864  -24.140  39.995 0.5555559993
61770  34.750  -24.388  39.015 0.5555559993
60472  34.342  -25.385  36.520 0.5555559993
60458  34.646  -25.208  37.868 0.5555559993
60457  35.323  -24.881  37.567 0.5555559993
65404  33.716  -22.069  39.453 0.7777780294
64239  32.467  -22.840  39.300 0.6666669846
63081  34.239  -23.284  39.494 0.6666669846
64225  33.660  -22.942  39.582 0.6666669846
64240  31.933  -23.361  39.641 0.6666669846
123694  35.059  -23.232  39.180 0.6666669846
64237  34.424  -22.788  39.421 0.7777780294
61789  34.900  -24.968  38.400 0.5555559993
61769  35.068  -23.861  38.980 0.6666669846
61809  35.245  -24.860  38.027 0.5555559993
61788  35.148  -24.504  38.558 0.6666669846
60471  35.402  -24.885  36.696 0.5555559993
65405  33.404  -21.937  39.391 0.7777780294
64238  33.000  -21.691  39.249 0.6666669846
123632  35.001  -24.684  34.832 0.6666669846
61808  35.769  -24.453  37.492 0.6666669846
123666  36.070  -23.525  37.987 0.6666669846
123637  35.492  -24.578  36.001 0.6666669846
65415  33.739  -21.402  39.368 0.6666669846
64251  32.460  -22.260  38.414 0.6666669846
123716  35.332  -22.411  38.946 0.7777780294
123739  34.704  -21.536  39.110 0.6666669846
123768  35.361  -24.167  33.010 0.7777780294
123639  36.189  -23.634  36.529 0.7777780294
123667  35.760  -22.879  38.542 0.7777780294
123638  35.721  -24.153  35.853 0.6666669846
123665  35.879  -24.382  36.647 0.6666669846
64250  32.962  -21.350  38.648 0.6666669846
123759  34.761  -21.032  37.738 0.8888890147
65425  33.725  -21.091  38.391 0.8888890147
123640  35.807  -21.775  36.681 0.8888890147
123602  34.916  -23.603  30.920 0.7777780294
123616  36.306  -23.372  34.150 0.7777780294
123590  32.914  -23.793  28.718 0.6666669846
123760  34.135  -21.953  36.517 0.7777780294
66692  33.463  -21.723  37.538 0.6666669846
123668  35.841  -20.802  34.813 0.8888890147
123717  35.393  -21.280  35.722 0.8888890147
123591  33.474  -23.173  28.734 0.7777780294
123617  35.990  -22.221  31.715 0.7777780294
123641  36.270  -21.425  33.860 0.8888890147
123738  34.954  -21.364  35.908 0.8888890147
123758  34.543  -21.643  35.774 0.7777780294
123801  35.319  -22.845  30.685 0.8888890147
123670  35.398  -20.896  34.563 0.8888890147
123770  34.800  -21.302  33.819 0.8888890147
123741  34.161  -21.849  35.016 0.7777780294
123592  32.902  -22.980  28.078 0.8888890147
123646  34.938  -20.706  33.133 0.8888890147
123577  31.700  -22.870  26.541 0.6666669846
123603  34.400  -22.570  29.708 0.8888890147
123769  35.875  -20.935  32.565 0.8888890147
123620  32.726  -21.811  29.412 0.8888890147
123805  33.974  -21.529  32.276 0.7777780294
123618  35.227  -21.150  31.454 0.8888890147
123789  35.462  -20.358  32.585 0.8888890147
123647  33.845  -21.594  31.390 0.8888890147
123593  32.193  -22.918  27.119 0.8888890147
123811  32.715  -21.978  31.124 0.6666669846
123604  33.882  -21.827  29.651 0.8888890147
123562  34.877  -23.240  21.359 0.8888890147
123548  34.173  -23.179  21.588 0.8888890147
123874  31.958  -22.822  22.736 0.7777780294
123626  32.035  -22.887  22.295 0.5555559993
123611  31.349  -22.630  23.873 0.4444440007
123619  34.227  -21.477  31.023 0.8888890147
123547  34.861  -23.254  21.456 0.6666669846
123541  35.341  -23.421  21.306 0.6666669846
123551  35.781  -23.524  21.267 0.7777780294
123612  32.847  -22.440  22.859 0.8888890147
123659  31.780  -23.159  20.685 0.2222220004
123703  34.954  -23.365  20.834 0.8888890147
123550  36.647  -23.575  21.560 0.7777780294
123553  37.465  -24.103  22.082 0.6666669846
123564  37.823  -23.930  21.250 0.7777780294
123566  38.906  -24.351  21.242 0.6666669846
123554  39.462  -24.609  20.680 0.5555559993
123777  32.944  -23.468  19.625 0.7777780294
123749  33.976  -23.338  20.486 0.8888890147
123565  36.956  -23.706  20.381 0.8888890147
123574  38.894  -24.169  20.540 0.7777780294
123552  38.421  -25.368  21.691 0.5555559993
123555  40.076  -24.492  21.228 0.6666669846
123556  38.425  -26.814  21.168 0.2222220004
123570  38.351  -26.759  21.163 0.2222220004
123545  39.705  -25.639  20.175 0.4444440007
123558  39.693  -26.828  20.892 0.3333329856
123581  37.892  -26.564  20.491 0.2222220004
58151  39.114  -28.343  20.517 0.2222220004
123583  38.543  -28.116  20.213 0.2222220004
56997  38.614  -28.793  18.818 0.2222220004
57010  38.622  -29.041  17.251 0.2222220004
123778  32.879  -23.689  19.041 0.3333329856
123817  32.029  -23.860  18.429 0.2222220004
123793  32.786  -23.939  18.371 0.2222220004
62099  36.064  -23.710  19.083 0.8888890147
123653  37.452  -23.775  19.643 0.8888890147
123563  38.349  -23.798  19.752 0.7777780294
60672  40.418  -24.476  20.570 0.6666669846
60673  40.877  -25.515  20.740 0.5555559993
123560  40.447  -26.136  20.686 0.5555559993
59332  39.885  -26.817  21.083 0.3333329856
58140  39.752  -27.597  20.501 0.3333329856
59354  39.892  -27.218  20.090 0.3333329856
58152  39.565  -28.206  19.783 0.2222220004
123807  32.807  -24.241  17.722 0.4444440007
123654  37.536  -23.673  19.007 0.8888890147
62100  34.867  -23.813  18.332 0.6666669846
123726  37.362  -24.125  17.927 0.8888890147
123655  37.771  -23.721  19.560 0.8888890147
123678  38.149  -23.669  18.607 0.8888890147
62040  38.380  -23.627  18.682 0.8888890147
123656  38.346  -23.567  19.025 0.7777780294
62065  38.539  -23.664  18.443 0.8888890147
59352  40.648  -26.089  20.805 0.4444440007
62101  33.864  -24.311  17.687 0.4444440007
62102  33.263  -24.669  17.062 0.5555559993
123704  38.130  -23.793  18.072 0.8888890147
60749  38.291  -23.836  17.700 0.8888890147
62084  38.471  -23.752  18.058 0.8888890147
63288  39.489  -23.800  19.129 0.8888890147
123676  40.145  -23.980  19.452 0.6666669846
123597  40.618  -25.472  20.012 0.5555559993
123627  39.953  -25.889  19.218 0.5555559993
123723  39.907  -24.879  18.039 0.5555559993
59353  40.400  -25.865  20.180 0.5555559993
60700  39.903  -26.258  19.446 0.4444440007
62113  35.285  -25.233  16.488 0.6666669846
62112  36.732  -24.777  17.076 0.7777780294
60773  38.041  -23.952  17.404 0.8888890147
62083  38.737  -23.764  17.763 0.8888890147
63298  39.273  -23.757  18.143 0.7777780294
123679  39.985  -23.947  18.442 0.7777780294
123575  40.368  -24.395  18.916 0.7777780294
123572  40.262  -24.178  18.303 0.7777780294
123677  40.078  -23.872  18.972 0.7777780294
123571  40.576  -25.090  19.598 0.5555559993
123588  40.432  -24.819  19.029 0.7777780294
123609  40.298  -24.961  18.810 0.6666669846
123724  41.099  -23.744  17.143 0.4444440007
62114  34.451  -24.893  16.232 0.5555559993
60788  37.613  -24.295  17.051 0.8888890147
62082  39.065  -23.827  17.421 0.8888890147
63297  39.496  -23.888  17.579 0.7777780294
123587  40.280  -24.430  18.485 0.7777780294
123599  40.190  -24.130  17.627 0.6666669846
60787  37.993  -24.145  16.852 0.8888890147
62098  38.386  -23.999  16.896 0.8888890147
123702  40.362  -23.953  17.632 0.7777780294
123586  40.208  -23.999  17.838 0.6666669846
123725  41.681  -23.139  16.881 0.6666669846
123750  43.082  -23.121  17.238 0.7777780294
62111  38.010  -24.306  16.265 0.8888890147
62110  38.715  -24.014  16.373 0.8888890147
63303  39.362  -23.882  16.369 0.8888890147
63302  40.167  -23.793  16.479 0.7777780294
63301  40.990  -23.326  16.401 0.8888890147
63311  38.938  -23.915  15.511 0.7777780294
63310  39.919  -23.503  15.447 0.6666669846
122349  19.949  -23.060  39.158 0.4444440007
122331  20.416  -23.888  40.016 0.4444440007
122385  21.713  -23.712  40.072 0.2222220004
122389  22.263  -23.579  40.056 0.2222220004
122434  20.199  -22.522  38.761 0.2222220004
60355  24.374  -25.073  43.211 0.4444440007
65365  24.421  -21.618  45.365 0.4444440007
122492  20.999  -23.881  39.414 0.4444440007
122384  20.711  -24.582  40.453 0.5555559993
122375  22.814  -22.424  43.430 0.3333329856
122493  20.997  -23.579  39.406 0.4444440007
67851  24.160  -20.234  44.803 0.3333329856
61690  25.904  -24.578  44.381 0.4444440007
64185  26.467  -23.045  44.705 0.4444440007
65364  25.587  -21.614  44.964 0.4444440007
122347  19.149  -23.286  39.807 0.5555559993
122338  19.344  -23.520  40.236 0.5555559993
63009  26.630  -23.979  44.664 0.4444440007
64183  27.549  -23.812  43.906 0.4444440007
65376  27.108  -22.018  44.060 0.4444440007
67863  24.150  -20.543  43.929 0.3333329856
65378  25.634  -20.774  44.249 0.4444440007
122440  23.009  -21.811  42.877 0.3333329856
122551  24.577  -21.057  42.846 0.3333329856
60354  25.108  -25.571  41.787 0.2222220004
65390  26.530  -21.171  43.153 0.4444440007
66663  25.982  -20.715  43.359 0.4444440007
122553  25.310  -21.222  42.673 0.4444440007
122386  20.952  -22.917  39.118 0.2222220004
122272  28.804  -26.385  43.032 0.2222220004
59087  29.713  -26.432  42.611 0.2222220004
122282  28.769  -26.052  43.121 0.2222220004
65406  26.751  -22.553  41.214 0.3333329856
60372  31.882  -25.178  43.054 0.4444440007
59076  30.028  -25.519  42.678 0.2222220004
56822  30.339  -27.993  42.520 0.1111110002
122265  29.811  -28.144  42.166 0.1111110002
60423  32.627  -25.905  40.846 0.3333329856
61717  32.677  -24.555  42.439 0.5555559993
59119  33.485  -26.087  40.081 0.5555559993
61734  33.121  -24.357  40.683 0.6666669846
61754  31.307  -24.368  40.685 0.7777780294
64228  31.588  -23.491  40.000 0.6666669846
60419  34.558  -24.123  39.405 0.5555559993
123718  34.918  -21.170  34.776 0.8888890147
123804  34.166  -21.904  33.418 0.7777780294
123549  35.104  -23.291  21.434 0.8888890147
123543  36.261  -23.868  21.665 0.6666669846
123544  38.618  -26.668  20.536 0.3333329856
123559  40.648  -25.000  20.659 0.5555559993
123561  40.448  -24.510  21.028 0.7777780294
123568  37.377  -25.919  20.751 0.3333329856
123557  39.015  -26.920  21.670 0.2222220004
58139  38.771  -27.385  20.748 0.2222220004
123580  37.983  -27.699  19.350 0.2222220004
123595  38.528  -28.380  19.547 0.2222220004
58160  39.446  -27.974  18.726 0.2222220004
55916  38.514  -29.142  18.384 0.2222220004
57009  38.976  -28.788  17.989 0.2222220004
55917  38.228  -29.524  17.737 0.2222220004
123598  40.609  -25.109  19.581 0.7777780294
59371  40.014  -26.252  19.651 0.5555559993
123628  39.951  -25.591  18.907 0.6666669846
123680  39.798  -25.810  18.894 0.4444440007
60701  39.845  -26.240  19.349 0.3333329856
123596  40.502  -25.070  18.935 0.7777780294
60748  40.399  -24.493  16.720 0.4444440007
62097  38.952  -23.895  17.029 0.7777780294
123573  40.235  -24.133  18.047 0.7777780294
64467  41.476  -22.565  16.346 0.8888890147
123752  42.623  -22.033  16.919 0.8888890147
122357  19.105  -23.759  38.529 0.4444440007
61669  -0.622  -24.257  47.523 0.1111110002
60315  -1.477  -24.677  47.231 0.1111110002
61667  1.285  -24.338  47.566 0.1111110002
61668  0.191  -24.360  47.540 0.1111110002
60332  -2.083  -24.694  46.599 0.1111110002
61696  4.065  -24.654  45.643 0.1111110002
61758  28.056  -24.823  40.829 0.5555559993
64145  4.638  -23.070  50.953 0.1111110002
61666  2.525  -23.725  47.446 0.1111110002
61653  1.394  -23.585  48.035 0.1111110002
61654  0.953  -23.670  48.066 0.1111110002
61681  4.862  -23.984  46.843 0.1111110002
61682  3.373  -23.914  46.839 0.1111110002
62989  0.205  -23.049  48.048 0.1111110002
61695  5.559  -24.323  46.028 0.1111110002
61697  2.816  -24.788  45.861 0.1111110002
60338  6.450  -25.037  46.230 0.1111110002
61759  27.406  -24.325  40.698 0.5555559993
123399  5.868  -21.719  49.655 0.2222220004
65324  5.854  -22.121  50.425 0.1111110002
123387  3.244  -22.756  47.517 0.1111110002
62988  0.698  -23.175  48.760 0.1111110002
62983  0.069  -22.993  49.008 0.1111110002
61665  3.026  -23.453  47.222 0.1111110002
61655  0.210  -23.655  47.809 0.1111110002
64153  0.255  -22.389  48.699 0.1111110002
64159  7.325  -21.930  48.942 0.3333329856
64181  0.060  -22.431  46.849 0.1111110002
64168  -0.084  -22.426  47.330 0.1111110002
60339  6.191  -24.931  46.749 0.1111110002
61680  5.739  -24.622  47.045 0.1111110002
61664  5.648  -24.063  47.410 0.1111110002
60325  6.515  -25.645  46.903 0.1111110002
61774  27.391  -24.915  39.855 0.5555559993
63084  26.876  -24.076  40.191 0.4444440007
64241  26.904  -23.566  40.294 0.3333329856
64242  26.599  -23.532  39.666 0.3333329856
122598  26.132  -23.073  39.679 0.2222220004
122554  24.854  -22.808  39.119 0.2222220004
65321  4.551  -22.416  50.711 0.1111110002
62974  4.567  -23.299  50.368 0.1111110002
123373  4.466  -22.089  48.506 0.1111110002
123378  3.292  -21.567  48.290 0.1111110002
65327  1.149  -22.423  49.358 0.1111110002
64152  0.578  -22.576  49.082 0.1111110002
65335  0.122  -21.551  48.607 0.1111110002
65343  5.700  -21.524  48.448 0.3333329856
123394  4.451  -23.053  47.513 0.1111110002
65351  -0.271  -21.409  47.518 0.1111110002
65344  -0.240  -21.569  47.938 0.1111110002
65350  7.406  -22.441  47.040 0.3333329856
123379  5.227  -22.718  48.512 0.1111110002
123386  5.394  -23.450  47.703 0.1111110002
61652  6.497  -24.331  48.532 0.1111110002
62982  5.448  -23.383  49.268 0.1111110002
62993  6.120  -23.615  47.702 0.1111110002
60326  6.408  -25.391  47.330 0.1111110002
59061  6.374  -26.364  47.345 0.1111110002
60324  6.905  -25.739  46.609 0.1111110002
61773  28.441  -25.261  40.278 0.4444440007
59059  7.347  -26.477  46.485 0.1111110002
122694  12.161  -18.920  40.684 0.2222220004
122568  25.891  -23.455  38.654 0.2222220004
65440  11.300  -20.822  39.355 0.2222220004
122448  25.152  -23.576  37.835 0.2222220004
123374  4.097  -21.452  49.178 0.1111110002
123393  2.742  -21.268  49.275 0.1111110002
67812  2.049  -20.855  49.425 0.1111110002
67818  2.765  -20.334  49.498 0.1111110002
123405  6.684  -22.196  47.002 0.3333329856
123380  2.783  -21.536  48.743 0.1111110002
65333  1.232  -21.786  49.430 0.1111110002
65334  0.731  -21.827  49.165 0.1111110002
66626  -0.523  -20.548  48.424 0.1111110002
64178  6.962  -22.424  46.366 0.3333329856
71214  12.465  -17.433  43.200 0.2222220004
70030  11.789  -17.810  43.244 0.2222220004
61772  29.459  -25.197  40.014 0.6666669846
71232  12.264  -17.622  41.896 0.3333329856
69015  11.378  -18.565  41.183 0.2222220004
63069  30.936  -24.426  40.430 0.6666669846
122736  12.153  -20.924  38.587 0.2222220004
64276  11.582  -21.728  37.807 0.1111110002
122468  22.366  -23.529  36.288 0.1111110002
123396  4.771  -21.384  49.547 0.2222220004
123406  4.231  -20.125  49.450 0.2222220004
67827  3.285  -19.609  48.981 0.1111110002
67828  1.807  -19.719  48.440 0.1111110002
123384  4.296  -21.528  49.408 0.1111110002
123402  4.223  -20.904  49.338 0.1111110002
67819  1.612  -20.020  49.343 0.1111110002
66624  0.722  -20.876  49.079 0.1111110002
68968  0.438  -19.935  48.941 0.1111110002
64194  6.966  -22.176  45.648 0.3333329856
123398  6.143  -21.657  45.473 0.3333329856
123403  6.204  -20.852  45.249 0.3333329856
123416  6.226  -19.625  45.293 0.1111110002
123411  6.966  -19.247  45.048 0.1111110002
64253  26.506  -23.742  38.849 0.4444440007
70021  8.568  -18.589  45.209 0.1111110002
61775  27.105  -24.383  39.170 0.4444440007
123422  8.102  -19.311  43.205 0.1111110002
70038  11.954  -17.660  42.588 0.2222220004
122672  11.795  -18.218  40.903 0.2222220004
63083  30.903  -24.228  40.027 0.6666669846
66700  11.420  -20.306  40.387 0.2222220004
67876  9.987  -19.385  41.678 0.1111110002
65454  11.034  -21.784  38.174 0.2222220004
122524  20.969  -23.405  37.443 0.1111110002
122569  19.760  -23.323  37.112 0.1111110002
122706  12.701  -21.433  37.359 0.1111110002
122612  19.537  -22.284  36.804 0.1111110002
65465  15.248  -20.718  38.115 0.1111110002
122680  13.643  -21.283  37.218 0.1111110002
123412  4.281  -20.399  47.955 0.2222220004
67837  2.785  -20.316  47.039 0.1111110002
66644  4.703  -20.944  45.809 0.2222220004
123410  4.997  -19.840  45.357 0.1111110002
123409  5.432  -19.903  45.377 0.1111110002
123417  5.527  -19.298  44.862 0.1111110002
123420  7.226  -19.211  44.029 0.1111110002
122508  23.713  -23.615  36.868 0.1111110002
123432  8.976  -19.021  43.104 0.1111110002
70042  9.556  -18.961  42.773 0.1111110002
122496  20.181  -23.564  37.599 0.1111110002
69017  10.398  -18.918  41.778 0.1111110002
122511  20.148  -23.644  38.180 0.1111110002
122565  19.322  -23.097  37.918 0.1111110002
122566  19.243  -22.632  37.982 0.1111110002
122567  19.560  -22.025  37.631 0.1111110002
122695  11.288  -19.483  40.856 0.1111110002
66693  10.934  -20.693  40.701 0.1111110002
122494  19.157  -21.139  38.119 0.1111110002
66701  10.564  -20.920  39.811 0.1111110002
122450  20.282  -23.216  36.573 0.1111110002
122584  17.990  -20.288  37.677 0.1111110002
64286  11.873  -21.821  37.212 0.1111110002
122587  19.869  -20.972  37.005 0.1111110002
66720  15.892  -20.430  38.192 0.1111110002
67848  4.265  -20.187  45.585 0.1111110002
67849  3.739  -20.122  45.738 0.1111110002
67850  2.927  -20.249  45.664 0.1111110002
61771  30.410  -24.723  39.669 0.4444440007
60424  29.237  -25.287  39.579 0.6666669846
122525  20.654  -23.171  35.507 0.1111110002
70041  10.040  -18.620  43.057 0.1111110002
64277  11.033  -22.049  37.687 0.1111110002
122613  19.675  -21.561  36.885 0.1111110002
67860  4.396  -19.851  45.140 0.1111110002
60425  28.762  -25.327  39.765 0.5555559993
60426  28.105  -25.370  39.821 0.4444440007
122510  26.261  -23.929  38.088 0.3333329856
65409  10.214  -20.737  41.421 0.1111110002
69012  9.691  -19.137  42.288 0.1111110002
61811  30.902  -24.187  37.901 0.4444440007
61812  30.242  -24.858  38.266 0.3333329856
61794  27.881  -25.143  39.047 0.4444440007
61795  27.286  -24.651  38.849 0.4444440007
63135  24.916  -24.118  36.945 0.2222220004
122507  24.462  -23.730  37.121 0.2222220004
66690  10.594  -20.379  41.116 0.1111110002
63105  26.822  -24.801  38.203 0.4444440007
63125  25.620  -24.038  37.427 0.3333329856
61852  23.816  -23.979  35.974 0.1111110002
67878  10.605  -19.720  41.166 0.1111110002
61815  27.475  -25.108  38.317 0.4444440007
61840  25.866  -24.723  36.992 0.2222220004
61850  25.179  -24.792  36.165 0.2222220004
61851  24.437  -24.327  36.063 0.2222220004
122538  23.173  -23.793  35.827 0.1111110002
65455  10.081  -21.803  38.224 0.1111110002
61830  26.432  -25.016  37.387 0.3333329856
61861  24.709  -24.691  34.990 0.2222220004
61862  23.954  -24.423  35.094 0.1111110002
61863  23.252  -24.247  35.041 0.1111110002
122539  22.711  -24.050  35.234 0.1111110002
61870  22.126  -24.413  34.652 0.1111110002
60524  23.388  -24.910  34.570 0.1111110002
61879  22.387  -24.881  34.005 0.1111110002
61869  22.691  -24.601  34.627 0.1111110002
66712  16.274  -20.534  38.122 0.1111110002
65467  10.760  -22.169  37.647 0.1111110002
60522  24.745  -25.408  34.298 0.1111110002
60523  24.050  -25.196  34.485 0.1111110002
60536  22.822  -25.164  34.212 0.1111110002
61880  21.932  -24.721  33.419 0.1111110002
61881  21.323  -24.431  33.229 0.1111110002
60534  24.266  -25.586  33.590 0.1111110002
60535  23.389  -25.537  33.870 0.1111110002
60547  23.572  -25.620  32.773 0.1111110002
60560  22.808  -25.794  32.014 0.1111110002
123423  4.674  -19.641  44.388 0.1111110002
66688  9.163  -19.788  41.971 0.1111110002
65410  9.622  -21.177  41.649 0.1111110002
66687  9.709  -20.056  41.477 0.1111110002
65428  10.455  -21.217  40.615 0.1111110002
61792  29.709  -25.194  39.119 0.5555559993
65441  9.870  -21.294  38.922 0.1111110002
63113  30.814  -23.593  37.218 0.4444440007
61791  30.681  -24.566  38.821 0.5555559993
61813  29.325  -25.111  38.204 0.4444440007
64271  30.404  -23.226  36.816 0.3333329856
61793  28.759  -25.316  38.908 0.5555559993
61814  28.320  -25.246  38.269 0.3333329856
65468  10.239  -22.260  37.542 0.1111110002
61828  27.849  -25.392  37.689 0.4444440007
122576  21.626  -24.180  34.798 0.1111110002
60492  27.866  -25.570  36.686 0.4444440007
60494  26.656  -25.397  36.493 0.3333329856
61849  26.003  -25.322  35.780 0.2222220004
61860  25.631  -25.383  34.522 0.1111110002
64298  12.327  -21.926  36.671 0.1111110002
60533  25.136  -25.499  33.504 0.1111110002
60559  23.686  -25.910  31.674 0.1111110002
59200  22.870  -26.162  31.176 0.1111110002
59213  21.875  -26.136  31.094 0.1111110002
61825  30.663  -24.076  37.238 0.3333329856
61826  30.029  -24.569  37.250 0.4444440007
61827  28.750  -25.203  37.275 0.3333329856
65464  29.817  -22.152  35.966 0.2222220004
64293  28.954  -22.396  35.208 0.1111110002
60477  28.143  -25.500  37.172 0.3333329856
65477  29.412  -22.244  35.300 0.2222220004
60507  28.225  -25.323  36.256 0.3333329856
122705  13.208  -21.560  36.742 0.1111110002
64287  10.841  -22.433  37.184 0.1111110002
61848  26.623  -25.466  35.458 0.2222220004
61859  26.943  -25.337  34.447 0.1111110002
60546  24.704  -25.556  32.441 0.1111110002
64281  29.691  -22.854  36.185 0.1111110002
65487  29.286  -22.310  34.147 0.2222220004
123790  30.383  -22.287  34.520 0.3333329856
61837  28.677  -25.002  36.359 0.2222220004
61847  27.902  -25.227  35.302 0.3333329856
60521  27.110  -25.404  35.170 0.2222220004
61868  25.959  -25.234  33.239 0.1111110002
61867  26.769  -24.927  33.577 0.1111110002
60545  25.384  -25.333  32.868 0.1111110002
65429  9.923  -21.629  40.520 0.1111110002
63132  29.373  -24.168  35.756 0.2222220004
61845  28.982  -24.585  35.803 0.3333329856
61857  28.118  -24.979  35.041 0.1111110002
63143  28.240  -24.470  34.834 0.2222220004
63123  29.670  -23.807  36.262 0.3333329856
123721  29.332  -22.249  31.911 0.2222220004
63144  27.801  -24.091  34.235 0.1111110002
123816  29.173  -22.116  26.447 0.1111110002
64282  29.362  -23.279  35.861 0.1111110002
123578  29.562  -22.415  23.533 0.1111110002
123771  28.832  -22.275  34.511 0.1111110002
64294  28.689  -23.021  35.438 0.1111110002
123772  28.553  -22.309  33.674 0.1111110002
63133  28.820  -23.976  35.178 0.2222220004
123567  30.207  -22.123  22.195 0.1111110002
123623  30.449  -22.893  20.381 0.1111110002
123605  30.924  -23.924  18.755 0.1111110002
123826  31.700  -24.348  17.136 0.1111110002
123622  29.888  -23.151  19.215 0.1111110002
123579  29.064  -22.401  22.038 0.1111110002
62115  33.188  -24.606  16.189 0.2222220004
63314  34.356  -24.432  15.378 0.3333329856
63312  38.305  -24.398  15.181 0.5555559993
63325  37.807  -24.336  14.345 0.5555559993
62126  35.774  -24.742  15.037 0.4444440007
63313  35.014  -24.826  15.387 0.4444440007
62125  36.640  -25.017  15.317 0.4444440007
63309  40.620  -23.239  15.753 0.7777780294
123688  43.782  -22.344  17.686 0.7777780294
123753  46.204  -22.740  19.886 0.6666669846
63315  33.533  -24.191  15.191 0.3333329856
63327  35.358  -24.313  14.297 0.4444440007
63326  36.588  -24.355  13.950 0.4444440007
63324  38.847  -23.772  14.483 0.5555559993
66879  45.892  -20.795  18.626 0.6666669846
66848  46.770  -20.401  20.476 0.6666669846
65613  46.342  -20.701  20.407 0.6666669846
123732  46.328  -21.074  22.376 0.6666669846
123713  46.125  -21.337  22.396 0.6666669846
123714  45.933  -22.089  23.400 0.5555559993
66865  46.650  -20.305  19.427 0.5555559993
123707  47.353  -23.130  22.059 0.5555559993
66896  46.162  -21.120  17.584 0.6666669846
66878  46.759  -20.537  18.398 0.6666669846
65665  46.125  -21.528  16.695 0.3333329856
68081  48.816  -19.571  18.664 0.4444440007
68097  48.181  -19.765  17.932 0.5555559993
66877  47.517  -20.183  18.163 0.3333329856
66895  47.040  -20.760  17.238 0.6666669846
65653  46.629  -21.146  16.928 0.3333329856
65679  45.730  -22.009  16.004 0.3333329856
66912  47.067  -20.924  16.603 0.5555559993
65664  47.020  -21.319  16.299 0.5555559993
65678  46.689  -22.040  15.896 0.3333329856
64477  46.287  -22.367  15.270 0.3333329856
62116  32.551  -24.489  15.830 0.1111110002
123847  30.693  -24.353  17.104 0.1111110002
63323  39.520  -23.518  14.736 0.5555559993
64480  41.195  -22.529  15.693 0.7777780294
65630  45.761  -20.897  19.326 0.6666669846
65614  45.958  -20.895  20.072 0.6666669846
123710  45.881  -21.222  20.724 0.6666669846
123630  45.825  -21.627  22.155 0.6666669846
123751  45.387  -22.195  21.323 0.6666669846
123689  45.010  -22.001  19.853 0.7777780294
66893  48.378  -19.834  17.050 0.3333329856
66894  47.808  -20.241  17.145 0.2222220004
66911  47.535  -20.762  16.189 0.4444440007
64487  45.051  -22.351  14.629 0.2222220004
64498  44.750  -22.202  13.674 0.2222220004
68080  49.581  -19.336  18.241 0.3333329856
66910  48.319  -20.237  16.221 0.2222220004
64486  45.964  -22.523  14.526 0.1111110002
64514  44.345  -22.179  12.664 0.1111110002
64515  43.666  -21.954  12.319 0.1111110002
64512  46.263  -22.510  12.770 0.1111110002
64513  45.296  -22.648  12.727 0.1111110002
66880  45.185  -21.280  18.052 0.7777780294
123684  45.505  -21.303  19.373 0.7777780294
123712  45.040  -21.871  21.178 0.7777780294
66897  45.235  -21.198  17.614 0.5555559993
66881  44.660  -21.343  17.825 0.7777780294
123657  45.315  -21.617  19.732 0.7777780294
66914  44.708  -20.833  16.764 0.4444440007
66913  45.435  -21.239  17.103 0.5555559993
65680  44.700  -21.674  15.752 0.3333329856
65690  44.210  -21.815  14.668 0.3333329856
68096  48.837  -19.461  17.529 0.3333329856
65666  45.285  -21.455  16.543 0.3333329856
65702  43.939  -21.700  13.722 0.1111110002
65717  42.930  -21.642  12.735 0.1111110002
66928  47.774  -21.188  15.572 0.4444440007
65677  47.658  -21.829  15.241 0.2222220004
64476  47.067  -22.313  15.161 0.2222220004
64496  46.552  -22.475  13.690 0.1111110002
65716  43.657  -21.641  12.994 0.1111110002
65730  41.761  -21.838  12.031 0.1111110002
66927  48.590  -21.103  15.218 0.4444440007
65689  47.821  -22.044  14.044 0.1111110002
64495  47.278  -22.325  13.843 0.1111110002
68047  50.618  -19.323  20.085 0.3333329856
65700  48.124  -21.741  13.196 0.1111110002
65715  47.569  -22.048  12.995 0.1111110002
64511  47.287  -22.238  12.811 0.1111110002
64528  45.969  -22.841  11.808 0.1111110002
65713  48.130  -21.806  12.680 0.1111110002
66915  43.722  -20.433  16.693 0.7777780294
66899  43.314  -20.664  17.298 0.7777780294
64466  42.011  -21.868  16.641 0.7777780294
65642  44.048  -21.350  17.677 0.7777780294
65641  45.013  -21.707  18.518 0.7777780294
123686  44.397  -21.750  17.819 0.7777780294
66929  44.102  -20.755  16.032 0.3333329856
65681  44.033  -20.995  15.265 0.3333329856
65691  43.372  -21.246  14.685 0.2222220004
65720  40.182  -21.373  12.632 0.2222220004
65703  43.109  -21.488  13.721 0.1111110002
65704  42.266  -21.472  13.683 0.1111110002
65719  41.146  -21.571  12.740 0.2222220004
65718  42.009  -21.573  12.808 0.1111110002
68064  50.309  -19.133  19.035 0.3333329856
68095  49.571  -19.321  16.852 0.2222220004
68109  48.784  -19.528  16.324 0.3333329856
124023  48.864  -21.041  13.978 0.3333329856
65688  48.539  -21.632  13.961 0.2222220004
69172  50.791  -18.970  19.502 0.3333329856
64494  48.528  -21.463  13.067 0.2222220004
66916  42.748  -20.574  16.538 0.7777780294
123709  42.707  -20.790  17.060 0.7777780294
65667  42.300  -21.101  16.747 0.7777780294
64465  42.383  -21.400  16.871 0.7777780294
123708  42.895  -21.345  17.235 0.7777780294
123729  42.455  -21.617  16.921 0.7777780294
66930  43.266  -20.650  15.716 0.4444440007
66938  42.685  -20.848  15.121 0.4444440007
68123  48.949  -20.120  15.387 0.3333329856
68122  49.501  -20.584  14.009 0.3333329856
68079  50.490  -19.296  17.775 0.3333329856
124041  48.997  -21.037  12.734 0.1111110002
68046  51.865  -19.189  20.653 0.3333329856
65699  48.556  -21.648  12.442 0.1111110002
69171  51.346  -18.653  19.744 0.3333329856
68033  52.329  -19.862  21.117 0.3333329856
124014  48.991  -21.439  12.085 0.1111110002
68045  52.559  -18.761  20.710 0.3333329856
124051  49.397  -21.563  12.096 0.1111110002
64489  40.114  -23.187  14.580 0.5555559993
65682  41.487  -21.653  15.539 0.7777780294
64479  41.570  -21.957  16.081 0.7777780294
66931  42.379  -20.673  15.700 0.6666669846
66917  42.086  -20.800  16.188 0.7777780294
65668  41.757  -21.314  16.176 0.7777780294
66932  41.759  -20.969  15.509 0.7777780294
65705  41.448  -21.694  13.618 0.4444440007
65706  40.525  -22.084  13.480 0.4444440007
65692  42.500  -21.200  14.502 0.2222220004
68108  49.407  -19.130  14.995 0.3333329856
69186  51.042  -19.034  18.876 0.3333329856
69228  49.883  -19.854  13.483 0.2222220004
64488  40.695  -22.802  14.958 0.5555559993
65683  41.192  -22.060  15.034 0.7777780294
65694  41.135  -22.214  14.276 0.6666669846
64499  40.576  -22.812  14.112 0.5555559993
64500  39.737  -23.055  13.883 0.5555559993
65693  41.676  -21.388  14.705 0.6666669846
65707  39.505  -22.139  13.216 0.3333329856
66940  41.763  -20.989  15.090 0.6666669846
66939  42.052  -20.860  15.069 0.5555559993
68078  51.149  -19.212  16.995 0.3333329856
68094  50.298  -18.818  16.296 0.3333329856
69198  51.280  -18.987  17.984 0.3333329856
69227  50.328  -19.106  13.502 0.3333329856
68107  50.606  -18.586  14.911 0.3333329856
123965  54.333  -18.503  13.495 0.2222220004
124010  53.853  -18.891  13.391 0.2222220004
124000  54.341  -18.989  12.446 0.3333329856
123395  5.194  -21.732  49.887 0.1111110002
123400  5.233  -20.662  49.125 0.3333329856
61648  5.431  -24.182  49.632 0.1111110002
123404  6.039  -22.110  46.404 0.3333329856
61647  6.147  -24.699  49.561 0.1111110002
123401  4.863  -20.624  49.239 0.2222220004
64149  4.446  -22.140  49.770 0.1111110002
123413  4.855  -20.069  48.993 0.3333329856
61662  7.056  -23.996  48.154 0.1111110002
65374  7.323  -21.324  45.046 0.3333329856
123408  5.761  -20.262  45.387 0.2222220004
61663  6.482  -24.338  47.623 0.1111110002
69170  52.550  -17.831  20.010 0.3333329856
69184  52.510  -17.963  18.247 0.3333329856
69185  51.763  -18.517  18.753 0.3333329856
69197  51.762  -18.528  17.273 0.3333329856
62990  -0.513  -23.396  47.495 0.1111110002
65325  5.009  -22.058  50.596 0.1111110002
62994  2.012  -22.790  48.536 0.1111110002
65332  6.575  -21.810  49.667 0.2222220004
64160  0.292  -22.282  47.932 0.1111110002
123377  4.404  -21.818  49.788 0.1111110002
123383  4.450  -21.861  50.018 0.1111110002
62978  4.817  -22.763  49.533 0.1111110002
62977  4.790  -23.856  49.962 0.1111110002
123388  1.763  -21.729  49.340 0.1111110002
66625  0.021  -20.717  48.759 0.1111110002
123375  4.868  -22.421  48.870 0.1111110002
62987  6.227  -23.260  48.471 0.1111110002
62981  5.901  -23.977  49.092 0.1111110002
62986  6.684  -23.758  48.362 0.1111110002
59062  6.146  -26.659  47.093 0.1111110002
123376  3.502  -21.341  48.891 0.1111110002
123397  3.498  -21.019  49.398 0.1111110002
66623  1.349  -21.155  49.337 0.1111110002
64193  7.525  -22.448  45.975 0.3333329856
68976  3.592  -20.226  49.523 0.1111110002
68977  1.198  -19.671  48.567 0.1111110002
123415  6.517  -20.124  45.301 0.1111110002
63098  26.723  -24.208  38.544 0.4444440007
122644  13.441  -21.496  36.676 0.1111110002
122449  26.015  -24.239  37.559 0.3333329856
61838  26.667  -25.260  36.994 0.4444440007
66866  46.197  -20.609  19.697 0.6666669846
65598  46.342  -20.856  20.763 0.6666669846
123683  45.637  -21.255  20.005 0.7777780294
123736  46.184  -22.474  23.325 0.5555559993
123715  46.773  -22.957  23.915 0.5555559993
64478  45.499  -22.338  15.299 0.3333329856
65640  45.490  -21.185  18.778 0.7777780294
123685  45.453  -21.516  20.582 0.7777780294
123728  45.379  -21.789  21.341 0.6666669846
65663  47.451  -21.233  15.800 0.4444440007
64485  46.776  -22.469  14.537 0.2222220004
64497  45.642  -22.523  13.669 0.1111110002
66898  44.358  -20.876  17.461 0.7777780294
64484  47.384  -22.286  14.666 0.1111110002
65729  42.462  -21.874  12.134 0.1111110002
65701  47.643  -22.037  13.297 0.1111110002
64527  46.801  -22.589  11.987 0.1111110002
69156  52.860  -18.631  20.751 0.3333329856
68032  52.890  -19.362  21.320 0.2222220004
68093  51.109  -18.551  16.065 0.3333329856
64501  38.623  -23.029  13.628 0.5555559993
57947  30.263  -26.821  41.297 0.1111110002
59105  31.173  -26.609  40.807 0.2222220004
59122  30.051  -26.919  39.469 0.1111110002
57953  30.113  -26.591  40.231 0.1111110002
59136  29.582  -27.343  38.715 0.1111110002
122250  29.171  -27.342  38.444 0.1111110002
59121  30.979  -26.229  40.032 0.2222220004
59134  31.131  -26.552  38.740 0.2222220004
59135  30.083  -27.209  38.693 0.2222220004
59140  30.435  -26.866  37.989 0.1111110002
57967  29.814  -27.077  37.626 0.1111110002
57961  29.168  -27.274  37.847 0.1111110002
59133  31.981  -25.894  39.381 0.2222220004
60442  31.893  -25.894  38.501 0.2222220004
60461  31.686  -26.218  38.107 0.1111110002
59139  31.306  -26.367  37.602 0.2222220004
59145  30.250  -26.729  36.922 0.1111110002
57968  29.241  -27.200  37.003 0.1111110002
60441  32.651  -25.446  38.656 0.3333329856
60460  32.240  -25.748  37.620 0.3333329856
59138  31.711  -25.906  37.161 0.2222220004
59144  31.205  -26.071  36.631 0.2222220004
60474  32.190  -25.618  36.561 0.3333329856
59143  31.722  -25.832  36.864 0.2222220004
60489  31.279  -25.598  35.665 0.2222220004
60505  30.847  -25.447  34.555 0.2222220004
60459  33.463  -25.425  37.704 0.3333329856
60473  33.128  -25.376  36.571 0.3333329856
60488  31.962  -25.424  35.534 0.2222220004
123636  32.723  -25.157  35.406 0.3333329856
60504  31.472  -25.127  34.508 0.2222220004
123631  33.721  -25.309  35.345 0.4444440007
123601  33.433  -24.195  30.467 0.6666669846
123635  32.117  -24.810  34.508 0.3333329856
59153  31.699  -24.766  34.036 0.2222220004
123589  31.473  -24.236  29.179 0.4444440007
123663  31.359  -24.768  33.467 0.2222220004
123615  34.215  -24.319  32.367 0.5555559993
123600  32.924  -24.290  31.458 0.5555559993
123614  33.004  -24.513  33.584 0.5555559993
123642  32.068  -24.212  31.752 0.4444440007
123542  36.323  -24.620  21.405 0.5555559993
63304  33.907  -24.762  16.443 0.4444440007
62124  37.525  -24.714  15.594 0.5555559993
64502  37.554  -23.310  13.570 0.4444440007
62081  44.410  -23.401  17.404 0.4444440007
68106  51.293  -18.461  15.097 0.1111110002
69226  51.857  -19.203  13.807 0.1111110002
70339  52.450  -18.830  14.481 0.1111110002
124028  53.154  -19.274  13.424 0.1111110002
70358  52.689  -19.080  14.190 0.1111110002
124009  53.688  -19.326  12.648 0.1111110002
123952  54.465  -19.942  10.553 0.1111110002
124130  59.740  -20.632  -3.751 0.1111110002
67146  60.507  -20.286  -2.742 0.1111110002
123634  31.841  -24.553  33.391 0.2222220004
123643  30.892  -24.538  31.732 0.2222220004
123633  31.954  -24.368  32.665 0.2222220004
63068  31.313  -23.974  40.355 0.5555559993
63305  33.666  -24.561  16.012 0.3333329856
57952  30.485  -26.599  40.670 0.1111110002
57960  29.771  -27.218  38.223 0.1111110002
65330  13.981  -21.207  49.033 0.2222220004
65348  13.665  -21.434  47.593 0.3333329856
64173  13.038  -21.225  46.153 0.3333329856
67823  14.980  -19.721  47.507 0.2222220004
65339  15.178  -20.928  48.223 0.2222220004
63016  13.005  -23.040  44.852 0.2222220004
63001  12.135  -23.652  45.074 0.2222220004
70014  13.750  -19.015  46.052 0.2222220004
67832  14.401  -20.007  47.020 0.2222220004
64172  13.635  -21.349  46.408 0.2222220004
70015  13.869  -18.568  45.644 0.2222220004
67842  14.019  -20.201  46.714 0.1111110002
66632  15.135  -20.518  47.025 0.2222220004
64191  12.798  -21.280  45.150 0.1111110002
67844  13.403  -19.455  45.668 0.2222220004
66640  14.025  -20.539  46.521 0.2222220004
64201  13.023  -21.714  44.743 0.1111110002
66641  13.203  -20.260  45.805 0.2222220004
65380  12.994  -21.211  44.139 0.1111110002
66622  12.353  -20.801  47.661 0.3333329856
65356  12.729  -21.116  46.129 0.3333329856
66621  12.837  -20.904  48.433 0.3333329856
67813  14.717  -19.486  49.050 0.3333329856
67814  13.727  -19.776  49.034 0.3333329856
70004  13.355  -19.153  46.976 0.2222220004
68971  13.692  -19.303  47.844 0.2222220004
70016  14.380  -18.429  45.384 0.2222220004
67856  13.382  -19.515  44.911 0.2222220004
67857  13.370  -19.932  44.380 0.2222220004
66654  13.246  -20.509  44.579 0.2222220004
122649  13.391  -21.292  42.588 0.2222220004
66668  13.543  -20.755  43.400 0.2222220004
65381  12.924  -21.486  43.759 0.2222220004
68963  12.254  -19.810  48.082 0.3333329856
68964  11.888  -19.925  47.647 0.3333329856
124123  12.364  -20.879  46.226 0.3333329856
68962  13.042  -19.512  48.343 0.3333329856
67815  12.844  -20.111  48.681 0.3333329856
64192  12.503  -21.333  45.100 0.3333329856
68961  13.774  -19.167  48.623 0.3333329856
72436  15.174  -17.023  45.437 0.1111110002
73603  15.396  -16.589  44.521 0.2222220004
71197  14.721  -17.898  45.638 0.2222220004
71196  14.058  -18.005  45.661 0.2222220004
71190  13.282  -18.243  46.309 0.2222220004
71203  15.361  -18.080  45.096 0.2222220004
122735  14.500  -18.499  43.858 0.2222220004
122688  14.103  -18.742  44.531 0.2222220004
122648  13.552  -20.620  42.067 0.1111110002
122663  13.671  -19.636  43.297 0.2222220004
64266  12.561  -22.925  39.666 0.2222220004
65427  12.202  -21.320  41.158 0.2222220004
122666  13.717  -20.323  42.924 0.2222220004
63117  13.744  -24.381  38.078 0.2222220004
64255  12.200  -22.522  40.489 0.2222220004
67817  11.843  -20.236  46.857 0.3333329856
70007  12.956  -18.640  46.607 0.2222220004
68973  12.655  -19.219  46.892 0.3333329856
70006  12.929  -19.170  46.968 0.3333329856
71188  12.659  -17.320  46.778 0.2222220004
71185  12.980  -18.877  46.673 0.2222220004
71191  13.234  -17.354  46.453 0.2222220004
72438  13.689  -16.257  45.562 0.2222220004
72453  12.527  -17.031  44.276 0.2222220004
122747  15.110  -17.537  43.825 0.1111110002
122737  13.754  -17.177  43.173 0.2222220004
122645  13.373  -20.027  40.820 0.1111110002
122693  13.663  -19.228  41.403 0.1111110002
122749  14.117  -17.406  42.953 0.1111110002
122692  13.247  -20.146  41.066 0.1111110002
122691  12.866  -20.523  41.091 0.1111110002
63106  13.433  -23.471  38.442 0.2222220004
63137  15.173  -24.679  36.257 0.2222220004
122579  17.231  -24.617  37.998 0.2222220004
67825  11.541  -19.522  46.752 0.3333329856
67834  11.227  -19.591  46.506 0.3333329856
68974  11.922  -19.463  46.889 0.3333329856
70012  11.779  -17.442  46.581 0.2222220004
122714  13.042  -20.785  40.129 0.1111110002
122641  13.275  -20.226  40.192 0.1111110002
64264  13.580  -22.914  38.422 0.2222220004
64285  14.906  -23.667  36.442 0.2222220004
63126  16.896  -23.411  36.315 0.4444440007
122462  18.739  -23.744  38.296 0.3333329856
122400  18.992  -23.791  38.727 0.3333329856
122341  22.172  -24.725  41.647 0.3333329856
68983  11.098  -18.854  46.620 0.2222220004
68984  10.611  -18.850  46.398 0.3333329856
68991  11.028  -18.066  46.391 0.2222220004
64275  13.587  -22.574  38.374 0.2222220004
65453  13.467  -21.787  38.200 0.3333329856
64284  16.190  -23.264  35.982 0.3333329856
64274  14.263  -23.063  37.881 0.3333329856
122348  18.758  -23.249  38.577 0.3333329856
63023  23.715  -23.045  43.388 0.4444440007
64273  15.650  -22.550  37.190 0.3333329856
65452  15.428  -21.437  38.121 0.2222220004
122451  17.682  -22.436  36.845 0.4444440007
66684  26.251  -22.066  42.371 0.3333329856
123812  30.339  -24.399  27.215 0.2222220004
65450  17.731  -22.085  37.726 0.3333329856
65451  16.474  -21.644  37.756 0.3333329856
122461  18.231  -22.933  37.185 0.3333329856
65437  16.992  -21.496  38.280 0.3333329856
66678  26.037  -21.443  42.738 0.2222220004
65438  16.335  -21.296  38.615 0.2222220004
122552  25.504  -22.171  41.749 0.2222220004
122495  24.549  -22.223  41.612 0.1111110002
122410  22.877  -23.339  39.879 0.2222220004
123820  30.468  -24.143  26.514 0.1111110002
122392  17.856  -22.024  38.165 0.3333329856
122366  18.470  -22.172  38.222 0.3333329856
123576  31.465  -23.775  27.205 0.2222220004
63096  31.669  -23.694  38.728 0.5555559993
63103  31.296  -23.454  38.230 0.5555559993
61790  31.369  -24.101  38.477 0.5555559993
64269  31.325  -22.560  37.171 0.3333329856
64263  31.115  -23.188  37.908 0.2222220004
61810  31.207  -23.765  38.131 0.4444440007
65449  31.001  -22.509  36.717 0.3333329856
64280  30.203  -22.467  36.339 0.1111110002
65476  29.854  -22.069  35.237 0.2222220004
64252  32.058  -23.224  38.933 0.5555559993
64262  31.451  -22.830  38.103 0.5555559993
64268  31.516  -22.356  37.032 0.5555559993
123781  32.028  -22.402  36.118 0.5555559993
65448  31.220  -22.392  36.596 0.4444440007
123761  32.071  -22.563  33.784 0.3333329856
123809  31.296  -22.269  35.697 0.3333329856
65426  33.031  -21.747  37.994 0.5555559993
123794  32.273  -22.094  37.322 0.5555559993
123780  32.853  -22.128  36.644 0.5555559993
63226  53.685  -24.295  22.582 0.1111110002
64415  53.838  -23.995  21.524 0.1111110002
63231  50.263  -23.539  24.701 0.2222220004
61946  50.258  -24.563  25.684 0.2222220004
63230  50.667  -23.628  24.344 0.2222220004
61961  50.861  -24.499  25.117 0.2222220004
63228  52.125  -24.083  23.627 0.1111110002
61973  51.653  -24.331  24.161 0.2222220004
61945  51.359  -24.769  25.113 0.2222220004
63227  52.559  -23.760  23.269 0.1111110002
63213  52.671  -24.562  24.321 0.1111110002
64387  53.041  -23.556  22.324 0.1111110002
63211  53.304  -24.184  22.951 0.1111110002
61958  53.126  -24.697  23.809 0.1111110002
64401  53.663  -23.845  21.782 0.1111110002
63210  53.314  -23.808  22.378 0.1111110002
64416  53.636  -23.760  21.223 0.1111110002
123756  46.889  -21.212  24.871 0.4444440007
123755  47.368  -22.171  24.038 0.4444440007
123737  46.933  -23.018  24.496 0.4444440007
65561  48.531  -21.120  25.067 0.4444440007
64364  47.368  -22.116  25.420 0.4444440007
123757  47.035  -22.464  24.851 0.4444440007
123660  46.898  -23.048  23.623 0.4444440007
65570  48.323  -22.012  24.102 0.4444440007
65566  48.757  -21.297  24.989 0.4444440007
63192  48.543  -23.348  25.474 0.4444440007
123691  47.470  -23.850  25.972 0.4444440007
123661  47.251  -23.801  23.602 0.4444440007
59255  48.166  -24.127  22.194 0.4444440007
64393  49.062  -22.820  24.048 0.4444440007
63202  48.628  -22.880  25.508 0.3333329856
65580  49.209  -21.864  22.422 0.3333329856
65581  48.980  -22.423  23.287 0.3333329856
63217  48.939  -23.355  25.167 0.3333329856
65597  50.018  -22.339  21.840 0.2222220004
64392  49.846  -23.390  24.051 0.2222220004
64418  51.225  -22.351  21.534 0.1111110002
64419  50.788  -22.611  21.856 0.2222220004
64391  50.705  -23.362  23.512 0.2222220004
64405  51.621  -22.607  22.210 0.1111110002
65578  52.576  -21.536  21.801 0.1111110002
64404  52.360  -22.635  22.176 0.1111110002
64403  52.971  -22.621  21.773 0.2222220004
62103  32.731  -24.563  17.054 0.1111110002
123733  46.532  -20.863  22.793 0.4444440007
123734  46.172  -21.408  23.272 0.4444440007
123690  46.488  -22.652  23.275 0.4444440007
66818  47.326  -20.388  22.295 0.4444440007
66806  48.381  -20.629  23.459 0.4444440007
123727  45.625  -23.211  18.116 0.3333329856
68019  48.433  -19.917  22.292 0.4444440007
123681  47.047  -23.450  19.198 0.3333329856
68034  49.047  -19.850  21.691 0.4444440007
66846  50.167  -20.624  20.805 0.2222220004
66831  49.770  -21.058  21.464 0.2222220004
66830  50.757  -21.082  20.936 0.1111110002
65595  51.668  -21.723  21.358 0.1111110002
65594  52.117  -20.997  21.543 0.2222220004
60727  39.566  -25.621  17.971 0.2222220004
66833  46.778  -20.662  21.412 0.4444440007
62095  43.033  -23.768  16.331 0.3333329856
60771  41.755  -24.336  15.969 0.3333329856
68036  47.613  -19.864  21.816 0.4444440007
66832  47.266  -20.188  21.304 0.4444440007
68021  47.626  -20.034  22.134 0.4444440007
68035  48.159  -19.504  21.736 0.4444440007
66817  48.065  -20.322  22.810 0.4444440007
66845  50.665  -20.240  20.566 0.3333329856
66844  51.212  -19.803  20.538 0.2222220004
62096  42.579  -23.789  16.537 0.3333329856
60747  41.725  -24.063  16.693 0.4444440007
68051  47.217  -19.997  20.593 0.4444440007
68050  47.546  -19.639  20.939 0.4444440007
66864  47.322  -20.025  19.191 0.4444440007
68049  48.507  -19.447  20.818 0.4444440007
68066  48.725  -19.552  19.757 0.4444440007
60946  58.787  -25.613  2.269 0.1111110002
63017  11.950  -22.683  44.794 0.3333329856
63000  13.326  -23.770  45.632 0.2222220004
63036  23.587  -23.618  43.394 0.3333329856
65367  22.917  -21.871  45.154 0.2222220004
122337  18.846  -23.584  40.096 0.3333329856
63097  31.232  -24.283  39.262 0.5555559993
64261  31.778  -22.376  37.517 0.5555559993
123624  31.249  -23.310  19.766 0.1111110002
122518  18.509  -23.122  37.690 0.4444440007
72452  13.256  -17.006  43.490 0.2222220004
72444  13.424  -16.296  44.603 0.2222220004
64270  30.821  -22.899  37.001 0.2222220004
65463  30.543  -22.170  36.096 0.1111110002
123754  46.568  -20.894  22.094 0.4444440007
123735  46.798  -22.652  23.489 0.4444440007
123629  46.756  -22.706  22.359 0.4444440007
68082  48.057  -19.778  18.967 0.4444440007
68068  47.165  -19.881  20.114 0.4444440007
64164  14.209  -21.457  47.188 0.1111110002
65349  12.836  -21.321  47.248 0.3333329856
64171  14.469  -21.300  46.684 0.2222220004
63015  13.709  -23.245  45.320 0.1111110002
65354  14.229  -21.004  46.352 0.1111110002
65369  13.352  -21.067  45.982 0.1111110002
65370  13.076  -21.014  45.335 0.1111110002
66655  13.383  -20.281  44.087 0.2222220004
68982  11.790  -18.363  46.537 0.3333329856
72433  13.806  -17.098  45.775 0.2222220004
73607  14.401  -16.029  44.905 0.2222220004
73606  14.809  -16.403  43.875 0.1111110002
72434  13.411  -16.645  46.042 0.2222220004
122713  15.159  -18.301  44.609 0.2222220004
122748  14.636  -17.455  42.878 0.1111110002
64254  12.359  -21.931  39.937 0.2222220004
70011  12.232  -17.628  46.637 0.2222220004
72439  12.496  -16.186  45.883 0.2222220004
72435  13.062  -16.326  46.394 0.2222220004
122697  13.231  -17.940  41.177 0.1111110002
64265  12.962  -22.507  38.892 0.2222220004
64297  15.531  -24.121  35.827 0.2222220004
63136  15.751  -23.648  36.858 0.2222220004
122574  17.260  -23.159  37.249 0.2222220004
67845  10.777  -19.611  46.182 0.3333329856
122520  18.263  -23.274  36.901 0.4444440007
64272  16.853  -22.182  36.696 0.3333329856
61983  29.987  -24.302  26.410 0.1111110002
61957  53.532  -24.669  23.259 0.1111110002
61971  54.026  -24.646  22.483 0.1111110002
64402  53.331  -23.430  21.701 0.1111110002
63236  53.948  -24.161  21.735 0.1111110002
63215  50.498  -24.005  25.046 0.2222220004
63216  49.756  -23.454  25.134 0.2222220004
63200  49.917  -23.736  26.085 0.2222220004
63214  50.977  -24.001  24.493 0.2222220004
61960  51.387  -24.408  24.588 0.2222220004
64389  52.214  -23.166  23.003 0.1111110002
64390  51.527  -23.241  23.257 0.1111110002
63198  52.935  -24.472  24.447 0.1111110002
61959  52.019  -24.591  24.147 0.1111110002
63229  51.391  -23.891  24.015 0.2222220004
61972  51.782  -24.299  23.931 0.2222220004
60617  51.930  -25.109  24.714 0.2222220004
63212  52.862  -24.367  23.627 0.1111110002
63199  52.826  -24.467  24.724 0.1111110002
64374  53.251  -23.880  22.612 0.1111110002
64375  52.990  -23.867  22.968 0.1111110002
64386  53.423  -23.771  22.188 0.1111110002
64376  52.786  -23.848  23.182 0.1111110002
61942  53.282  -24.854  23.865 0.1111110002
63225  53.650  -23.877  21.968 0.1111110002
123692  47.288  -24.407  25.208 0.4444440007
66807  47.457  -20.736  23.730 0.4444440007
65565  48.465  -20.898  24.273 0.4444440007
64371  48.600  -21.905  25.056 0.4444440007
64370  48.315  -21.390  24.672 0.4444440007
65569  48.649  -21.373  23.356 0.4444440007
64378  48.616  -22.582  24.826 0.4444440007
61933  48.394  -24.276  26.757 0.3333329856
60594  47.697  -24.720  25.988 0.4444440007
59240  47.766  -24.602  23.776 0.4444440007
59239  47.612  -24.756  24.563 0.4444440007
64377  49.206  -23.237  24.631 0.3333329856
66816  48.900  -20.601  22.589 0.4444440007
63201  49.194  -23.368  25.744 0.3333329856
63191  49.180  -23.492  26.687 0.3333329856
64408  49.457  -22.923  23.523 0.2222220004
64407  49.856  -22.942  22.818 0.2222220004
64420  50.375  -22.753  22.243 0.2222220004
65596  50.650  -22.013  21.231 0.1111110002
64406  50.837  -22.944  22.637 0.2222220004
65579  52.127  -22.198  21.789 0.1111110002
64388  52.692  -23.371  22.696 0.1111110002
66815  53.185  -20.568  22.108 0.2222220004
68048  49.621  -19.918  20.579 0.4444440007
68067  47.837  -19.535  19.967 0.4444440007
123891  34.135  -23.681  19.912 0.3333329856
123539  35.538  -23.822  21.122 0.3333329856
54803  53.557  -30.502  13.993 0.1111110002
53535  53.238  -30.969  13.821 0.1111110002
54731  52.627  -29.540  16.657 0.1111110002
55912  52.458  -28.713  17.522 0.1111110002
54750  53.491  -30.011  15.569 0.1111110002
54751  52.648  -30.292  15.613 0.1111110002
57020  52.154  -28.092  16.790 0.1111110002
54777  52.989  -30.446  15.060 0.1111110002
55929  52.045  -28.810  16.515 0.1111110002
54776  53.490  -30.380  14.509 0.1111110002
57021  51.352  -28.215  16.504 0.1111110002
55913  52.382  -28.029  17.835 0.1111110002
57008  52.301  -27.594  17.623 0.1111110002
58169  51.862  -27.079  17.413 0.1111110002
58170  51.179  -26.958  16.889 0.1111110002
55902  52.224  -28.315  18.413 0.1111110002
58150  51.892  -26.749  18.809 0.1111110002
59367  51.105  -26.441  19.361 0.1111110002
58159  51.852  -26.806  18.093 0.1111110002
59380  51.271  -26.610  18.374 0.1111110002
54730  53.426  -29.791  16.549 0.1111110002
59381  50.463  -26.276  18.591 0.1111110002
59382  49.736  -25.731  18.748 0.1111110002
59383  49.241  -25.088  18.876 0.1111110002
54711  52.838  -29.564  17.953 0.1111110002
55901  52.465  -29.163  18.637 0.1111110002
55890  52.192  -28.521  19.142 0.1111110002
59392  50.848  -26.567  17.550 0.1111110002
59393  49.831  -26.127  17.906 0.1111110002
59394  49.011  -25.848  18.368 0.1111110002
58137  51.781  -26.380  19.503 0.1111110002
59349  50.460  -26.119  20.295 0.1111110002
59310  49.085  -26.038  21.638 0.1111110002
56988  52.249  -27.561  19.044 0.1111110002
59368  50.227  -25.882  19.469 0.1111110002
59331  49.264  -25.430  21.033 0.1111110002
60685  48.607  -25.025  20.178 0.1111110002
56987  52.293  -28.090  19.761 0.1111110002
62023  48.796  -24.631  19.049 0.1111110002
59271  48.615  -25.604  23.247 0.1111110002
59272  48.604  -25.346  22.397 0.1111110002
59329  50.586  -26.179  21.251 0.1111110002
59330  49.748  -26.067  21.084 0.1111110002
59289  48.859  -26.045  22.450 0.1111110002
60649  48.526  -25.076  21.710 0.2222220004
59348  51.412  -26.187  20.100 0.1111110002
60648  48.772  -25.710  21.915 0.1111110002
60660  48.335  -24.851  20.828 0.1111110002
58138  52.020  -26.507  19.408 0.1111110002
59328  51.514  -26.092  21.178 0.1111110002
60671  48.163  -24.870  20.182 0.1111110002
61994  47.925  -24.340  20.046 0.2222220004
56978  52.719  -27.078  19.483 0.1111110002
58122  52.230  -26.097  19.980 0.1111110002
60686  48.246  -24.833  19.756 0.1111110002
63262  48.203  -23.800  19.117 0.1111110002
59254  48.067  -25.414  24.359 0.2222220004
59288  49.630  -25.911  23.368 0.1111110002
123662  48.089  -24.332  20.822 0.2222220004
59287  50.240  -25.709  23.129 0.1111110002
60658  50.730  -25.388  22.969 0.1111110002
63253  47.869  -23.744  19.546 0.2222220004
63263  47.619  -23.533  18.961 0.1111110002
60633  50.395  -25.407  24.572 0.1111110002
60657  51.135  -25.281  22.890 0.1111110002
60632  51.342  -25.411  24.366 0.1111110002
60656  51.753  -25.379  22.808 0.1111110002
59306  52.057  -25.328  22.371 0.1111110002
60645  51.585  -25.387  23.502 0.1111110002
60644  52.284  -25.454  23.053 0.1111110002
60631  52.193  -25.315  23.983 0.1111110002
60595  47.577  -24.818  25.613 0.3333329856
60608  48.221  -25.209  26.019 0.2222220004
123693  47.710  -25.143  25.404 0.2222220004
60620  48.727  -25.613  25.343 0.1111110002
60619  49.820  -25.168  25.319 0.1111110002
123706  45.595  -23.532  17.542 0.2222220004
62079  44.914  -24.236  16.557 0.1111110002
60618  50.949  -25.204  25.199 0.1111110002
62080  44.753  -23.751  16.908 0.2222220004
62094  43.791  -24.196  16.222 0.1111110002
61932  49.494  -24.250  26.654 0.2222220004
60770  42.779  -24.671  15.493 0.1111110002
62093  44.262  -24.464  16.124 0.1111110002
60785  42.742  -25.627  14.938 0.1111110002
59459  41.436  -26.369  14.835 0.1111110002
58221  40.670  -27.104  14.857 0.1111110002
58222  39.911  -27.619  14.846 0.1111110002
58171  39.332  -27.604  17.648 0.2222220004
58182  39.193  -27.166  16.520 0.2222220004
60786  41.895  -25.443  15.018 0.1111110002
59434  40.826  -25.755  15.092 0.1111110002
58199  39.632  -27.023  15.370 0.1111110002
58198  40.264  -26.474  15.149 0.1111110002
59372  39.766  -26.864  19.445 0.2222220004
60772  40.489  -25.287  15.823 0.1111110002
59410  39.661  -25.937  16.082 0.1111110002
59435  40.113  -26.067  15.452 0.1111110002
60714  39.667  -26.118  18.856 0.2222220004
59384  39.508  -26.769  18.345 0.2222220004
59395  39.370  -26.210  17.212 0.2222220004
68065  49.592  -19.464  19.420 0.2222220004
68029  55.781  -19.436  19.978 0.2222220004
123959  57.650  -19.474  10.378 0.2222220004
66829  51.689  -20.432  20.991 0.2222220004
69167  56.033  -18.633  19.038 0.2222220004
70278  56.360  -18.699  15.644 0.2222220004
67028  58.984  -20.127  7.816 0.2222220004
67027  59.243  -20.694  6.943 0.2222220004
65877  60.030  -22.725  4.253 0.1111110002
67049  60.380  -21.100  4.786 0.2222220004
66828  52.546  -20.358  21.670 0.2222220004
65577  53.371  -21.297  21.696 0.1111110002
70279  55.804  -17.721  17.749 0.2222220004
69153  55.416  -18.832  20.254 0.1111110002
68030  54.690  -19.579  20.756 0.1111110002
65576  54.103  -20.968  21.343 0.1111110002
65593  53.614  -21.927  21.013 0.1111110002
69183  56.292  -18.633  17.556 0.2222220004
65813  56.374  -18.866  11.949 0.2222220004
65835  58.427  -20.381  7.167 0.2222220004
65812  58.105  -19.454  9.183 0.2222220004
65880  59.356  -21.252  4.105 0.2222220004
65834  59.251  -20.832  6.358 0.2222220004
67037  59.921  -20.576  5.658 0.2222220004
65879  60.006  -21.572  4.194 0.1111110002
62235  58.160  -23.842  3.407 0.1111110002
64618  60.125  -22.736  4.245 0.1111110002
68018  53.027  -19.968  21.995 0.1111110002
70254  55.619  -17.909  19.027 0.2222220004
66813  54.271  -20.228  21.390 0.1111110002
66814  53.884  -20.472  21.962 0.1111110002
72715  56.182  -17.802  14.754 0.2222220004
65857  57.884  -21.113  6.111 0.1111110002
64601  57.287  -21.526  4.919 0.1111110002
64619  59.337  -22.456  3.823 0.1111110002
64621  57.832  -22.112  3.929 0.1111110002
64599  59.688  -22.585  3.872 0.1111110002
64620  58.750  -22.091  3.716 0.1111110002
63424  57.644  -23.133  3.957 0.1111110002
64639  59.200  -22.937  3.198 0.1111110002
63423  58.472  -22.956  3.598 0.1111110002
68017  53.560  -19.824  22.029 0.1111110002
69168  55.169  -18.170  19.788 0.2222220004
69154  54.479  -18.684  20.590 0.1111110002
68016  54.160  -19.854  21.689 0.1111110002
71495  55.420  -17.192  17.198 0.2222220004
71512  55.170  -17.263  16.248 0.2222220004
71494  55.802  -17.323  17.143 0.2222220004
72724  55.429  -17.842  14.524 0.2222220004
72716  55.728  -17.416  15.472 0.2222220004
64603  55.150  -21.661  4.704 0.1111110002
65836  56.807  -20.298  8.340 0.1111110002
65858  56.525  -21.231  6.228 0.1111110002
64602  56.204  -21.468  4.871 0.1111110002
70256  53.918  -17.166  19.097 0.2222220004
69155  53.446  -18.587  20.743 0.2222220004
69169  54.105  -17.810  20.077 0.2222220004
70280  54.849  -17.082  18.128 0.2222220004
70255  54.950  -17.540  19.068 0.2222220004
68031  53.855  -19.363  21.227 0.1111110002
67029  55.704  -19.784  10.028 0.2222220004
65859  55.351  -20.860  5.853 0.1111110002
65860  54.467  -21.294  5.595 0.1111110002
123947  55.691  -20.912  7.316 0.1111110002
70257  53.235  -17.436  18.616 0.2222220004
69196  52.592  -18.105  16.903 0.2222220004
69211  51.835  -18.142  15.706 0.1111110002
70282  53.237  -17.538  17.555 0.2222220004
70281  53.984  -16.864  17.859 0.2222220004
70301  53.940  -17.407  16.907 0.2222220004
124047  54.053  -18.004  15.806 0.2222220004
71496  54.797  -16.986  17.340 0.2222220004
71526  54.528  -17.439  16.360 0.2222220004
124046  54.450  -18.001  14.449 0.2222220004
71525  54.740  -17.579  15.488 0.2222220004
123993  55.196  -18.684  12.108 0.2222220004
123950  54.591  -20.795  8.849 0.1111110002
123948  54.965  -19.893  9.977 0.1111110002
69210  52.604  -17.920  15.903 0.1111110002
70302  53.261  -17.838  16.467 0.2222220004
70322  53.137  -18.117  15.449 0.1111110002
124031  52.962  -18.595  14.623 0.1111110002
124011  53.888  -18.311  13.979 0.2222220004
123984  54.910  -19.349  11.127 0.2222220004
124030  53.640  -18.224  14.743 0.2222220004
124012  53.434  -18.705  14.082 0.1111110002
60607  49.160  -24.874  26.141 0.1111110002
61944  52.307  -24.737  24.526 0.1111110002
57007  52.424  -27.914  17.327 0.1111110002
58179  51.592  -27.523  16.776 0.1111110002
58178  52.147  -27.572  17.043 0.1111110002
56996  52.294  -27.419  18.183 0.1111110002
59391  51.469  -26.731  17.844 0.1111110002
58149  51.686  -26.504  19.343 0.1111110002
59366  51.562  -26.344  19.604 0.1111110002
54710  53.439  -29.969  17.656 0.1111110002
59369  49.823  -25.185  19.365 0.1111110002
60712  48.856  -25.134  18.585 0.1111110002
59350  49.840  -25.348  20.301 0.1111110002
59370  49.183  -24.944  19.760 0.1111110002
59351  49.105  -25.043  20.433 0.1111110002
60698  48.676  -24.797  19.404 0.1111110002
60659  48.813  -25.338  21.385 0.1111110002
59253  48.176  -26.225  24.959 0.1111110002
59270  48.697  -25.980  24.363 0.1111110002
59290  48.709  -25.593  22.161 0.1111110002
59309  49.769  -26.265  22.118 0.1111110002
59308  50.622  -25.761  22.507 0.1111110002
59307  51.604  -25.469  22.031 0.1111110002
62007  48.094  -24.458  19.640 0.1111110002
58107  52.322  -25.834  20.847 0.1111110002
60634  49.496  -25.567  24.539 0.1111110002
60647  50.022  -25.615  24.046 0.1111110002
60646  50.615  -25.480  23.519 0.1111110002
60616  52.878  -25.098  24.166 0.1111110002
71511  55.920  -17.478  16.342 0.2222220004
65856  59.293  -20.846  5.402 0.2222220004
62268  57.778  -24.590  3.245 0.1111110002
63421  60.303  -23.908  3.865 0.1111110002
65881  58.429  -21.428  4.581 0.1111110002
123958  55.293  -20.573  8.839 0.1111110002
71513  54.506  -17.093  17.007 0.2222220004
123946  55.057  -18.545  13.214 0.2222220004
60290  7.045  -26.092  50.090 0.1111110002
59038  9.597  -26.944  48.959 0.2222220004
59039  9.037  -26.314  49.060 0.2222220004
61635  7.458  -25.482  49.809 0.1111110002
61636  7.227  -25.358  49.900 0.1111110002
60291  6.506  -26.110  50.716 0.1111110002
60293  8.058  -25.594  49.598 0.1111110002
59031  6.486  -26.497  50.719 0.1111110002
59036  6.494  -26.266  50.249 0.1111110002
57874  6.593  -27.336  50.168 0.1111110002
61641  7.239  -24.577  49.851 0.1111110002
61637  6.874  -24.944  50.036 0.1111110002
61638  6.176  -24.912  51.041 0.1111110002
61645  8.026  -24.621  49.485 0.1111110002
60292  5.918  -25.675  51.049 0.1111110002
59032  5.834  -26.095  50.834 0.1111110002
59044  9.442  -25.900  48.513 0.2222220004
61639  5.568  -24.780  50.905 0.1111110002
62976  6.706  -23.947  50.214 0.1111110002
60297  9.080  -25.627  48.585 0.2222220004
60298  8.573  -25.363  49.010 0.1111110002
62972  5.742  -23.995  50.996 0.1111110002
62980  7.436  -23.250  49.688 0.1111110002
65323  6.696  -22.292  50.273 0.1111110002
61650  8.604  -24.272  48.641 0.1111110002
62979  8.105  -23.641  49.300 0.1111110002
64147  6.885  -22.996  50.361 0.1111110002
60310  10.080  -25.061  47.428 0.2222220004
60303  8.827  -25.098  48.336 0.2222220004
64144  5.383  -23.256  51.045 0.1111110002
64148  6.339  -22.628  50.684 0.1111110002
60302  9.491  -25.367  47.946 0.2222220004
64151  7.353  -22.454  49.664 0.1111110002
62985  8.542  -23.139  48.545 0.2222220004
64150  8.009  -22.908  49.330 0.2222220004
61661  9.681  -24.419  47.242 0.2222220004
61649  9.036  -24.581  47.918 0.2222220004
63003  10.252  -23.292  46.148 0.2222220004
124121  8.631  -23.188  47.662 0.2222220004
64158  7.952  -22.540  48.881 0.2222220004
63004  9.581  -23.497  46.644 0.2222220004
64176  9.012  -23.172  47.041 0.2222220004
124127  10.847  -22.749  46.021 0.2222220004
61679  9.842  -23.861  46.624 0.2222220004
62991  9.412  -23.691  47.036 0.2222220004
61678  10.522  -24.372  46.409 0.2222220004
65371  9.330  -22.693  46.280 0.2222220004
124125  8.730  -22.876  47.009 0.2222220004
124124  8.616  -22.885  47.236 0.2222220004
65342  8.198  -22.581  47.648 0.2222220004
124126  11.302  -22.752  45.768 0.2222220004
64174  11.575  -22.924  45.627 0.2222220004
65358  8.011  -22.496  46.160 0.2222220004
64177  7.454  -22.464  46.525 0.2222220004
65357  8.430  -22.533  46.610 0.2222220004
65383  10.083  -22.080  45.000 0.2222220004
64203  10.969  -22.626  45.418 0.2222220004
124128  11.681  -21.915  44.598 0.2222220004
65382  11.043  -21.873  44.679 0.2222220004
66673  7.719  -20.744  44.622 0.2222220004
65386  7.934  -21.136  44.462 0.2222220004
65373  8.090  -21.955  45.428 0.2222220004
66671  9.319  -20.902  44.350 0.2222220004
66672  8.405  -20.720  44.413 0.2222220004
65385  8.399  -21.342  44.659 0.2222220004
65372  8.939  -22.119  45.796 0.2222220004
66657  10.231  -20.228  45.159 0.2222220004
66670  10.230  -21.241  44.569 0.2222220004
65384  9.209  -21.658  44.873 0.2222220004
66642  10.999  -20.092  45.995 0.2222220004
66656  11.445  -20.883  45.040 0.2222220004
66669  10.755  -21.550  44.630 0.2222220004
122698  13.370  -20.037  40.325 0.2222220004
122671  13.328  -19.971  40.106 0.2222220004
122715  12.689  -20.001  39.775 0.1111110002
66658  9.022  -20.106  44.824 0.2222220004
123407  7.174  -20.449  45.069 0.1111110002
72445  12.046  -16.590  45.071 0.1111110002
67859  8.478  -19.360  45.313 0.2222220004
67858  9.606  -19.552  45.289 0.2222220004
67846  10.349  -19.432  45.805 0.2222220004
122673  12.568  -17.803  41.322 0.1111110002
122664  12.670  -20.969  38.574 0.1111110002
66659  8.011  -20.100  44.844 0.1111110002
123421  7.833  -19.291  45.472 0.1111110002
71193  12.315  -16.803  46.667 0.1111110002
67847  9.725  -19.000  45.618 0.1111110002
71215  11.842  -17.593  43.993 0.1111110002
68992  10.260  -18.477  46.115 0.2222220004
72454  11.774  -17.293  44.692 0.1111110002
72440  11.470  -16.805  45.784 0.1111110002
70018  11.184  -17.437  46.396 0.1111110002
70019  10.400  -17.680  46.173 0.1111110002
71199  10.898  -17.062  46.148 0.1111110002
122689  12.929  -21.066  38.526 0.1111110002
70039  11.341  -18.091  42.578 0.1111110002
122284  27.127  -26.329  41.944 0.1111110002
122295  25.912  -26.164  41.096 0.1111110002
66697  17.660  -21.600  38.254 0.2222220004
65439  16.042  -21.104  38.878 0.1111110002
122298  25.637  -26.008  40.818 0.1111110002
122364  20.139  -25.714  38.941 0.1111110002
122317  21.124  -25.111  39.148 0.1111110002
122281  23.662  -25.994  38.934 0.1111110002
122319  19.871  -25.784  38.638 0.1111110002
122340  21.865  -24.972  39.694 0.1111110002
122290  23.950  -25.858  39.697 0.1111110002
122294  22.855  -25.978  39.027 0.1111110002
122308  21.599  -25.393  38.672 0.1111110002
122289  24.752  -25.792  40.377 0.1111110002
122309  20.728  -25.342  38.428 0.1111110002
122368  18.862  -21.858  38.325 0.2222220004
60392  23.083  -25.064  41.218 0.1111110002
122291  23.732  -25.363  40.865 0.1111110002
60408  22.551  -25.274  39.747 0.1111110002
122320  22.179  -25.116  39.689 0.1111110002
122288  24.062  -25.577  40.526 0.1111110002
122303  22.224  -25.653  38.634 0.1111110002
122304  21.741  -25.709  38.235 0.1111110002
122292  22.012  -26.194  37.715 0.1111110002
122302  21.070  -25.464  37.898 0.1111110002
123839  30.469  -23.620  25.412 0.2222220004
123860  29.936  -23.151  23.328 0.1111110002
63264  30.238  -23.238  21.338 0.1111110002
123885  30.998  -23.170  20.472 0.2222220004
123897  30.707  -23.865  19.237 0.1111110002
123776  35.823  -25.086  19.637 0.1111110002
123808  34.761  -24.945  17.990 0.1111110002
123878  32.191  -24.583  16.949 0.1111110002
60774  35.340  -25.631  17.291 0.1111110002
123818  33.697  -25.442  16.428 0.1111110002
123540  36.008  -24.702  20.450 0.1111110002
123792  36.735  -26.388  18.972 0.1111110002
59438  35.251  -26.786  16.609 0.1111110002
123748  35.924  -27.520  16.891 0.1111110002
59436  35.648  -27.943  16.406 0.1111110002
58184  36.552  -28.343  16.657 0.1111110002
57044  38.990  -28.040  15.977 0.1111110002
55955  38.008  -29.041  16.009 0.1111110002
57027  37.054  -28.814  16.507 0.1111110002
59411  37.050  -27.654  17.686 0.1111110002
123701  36.872  -28.354  17.165 0.1111110002
56989  37.536  -28.904  18.336 0.1111110002
123625  37.294  -28.635  17.868 0.1111110002
57024  39.037  -28.315  16.982 0.1111110002
55905  37.772  -29.361  18.115 0.1111110002
56999  37.265  -29.145  17.879 0.1111110002
123722  36.170  -27.918  16.759 0.1111110002
54716  38.035  -29.728  17.172 0.1111110002
55918  37.469  -29.328  17.477 0.1111110002
58183  36.964  -28.721  17.154 0.1111110002
55934  38.237  -29.425  16.910 0.1111110002
54738  37.709  -29.676  16.933 0.1111110002
123594  37.905  -28.054  18.888 0.1111110002
123608  37.557  -28.390  18.262 0.1111110002
55904  38.248  -29.245  18.449 0.1111110002
122725  13.095  -20.807  39.170 0.1111110002
122351  20.174  -25.576  38.662 0.1111110002
65319  5.804  -22.726  50.979 0.1111110002
71213  13.003  -17.276  42.886 0.1111110002
71194  11.569  -16.991  46.505 0.1111110002
67836  10.397  -18.946  46.105 0.2222220004
59040  8.473  -25.947  49.378 0.1111110002
61640  7.647  -25.184  49.808 0.1111110002
62971  6.464  -23.994  50.490 0.1111110002
60296  5.261  -25.572  50.952 0.1111110002
64142  6.607  -23.537  50.460 0.1111110002
64143  6.218  -23.295  50.873 0.1111110002
62984  8.967  -23.686  47.697 0.2222220004
64175  11.193  -22.846  46.110 0.2222220004
57025  38.595  -28.813  16.511 0.1111110002
55919  37.073  -29.209  17.025 0.1111110002
123606  37.928  -28.662  18.681 0.1111110002
64516  38.103  -22.453  13.218 0.2222220004
122599  26.199  -22.721  40.358 0.1111110002
122406  18.215  -21.497  38.323 0.1111110002
122437  22.301  -23.474  39.693 0.1111110002
122367  19.382  -21.987  38.332 0.1111110002
63328  34.437  -24.036  14.179 0.1111110002
63338  36.118  -23.702  13.461 0.1111110002
64503  36.817  -23.313  13.335 0.1111110002
64517  37.405  -22.534  12.987 0.1111110002
65708  38.733  -22.063  13.121 0.1111110002
65721  39.211  -21.442  12.721 0.1111110002
122522  18.293  -23.655  38.659 0.2222220004
68044  56.001  -19.688  18.830 0.1111110002
66842  55.230  -20.239  18.862 0.1111110002
66841  55.854  -20.155  17.752 0.1111110002
124035  55.997  -20.168  16.880 0.1111110002
123977  55.014  -19.770  15.683 0.1111110002
123945  56.683  -20.899  10.929 0.1111110002
123978  55.144  -20.829  11.976 0.1111110002
69166  56.291  -19.167  18.065 0.1111110002
68043  56.312  -19.702  17.565 0.1111110002
68061  55.568  -19.563  15.987 0.1111110002
124001  55.530  -20.265  14.300 0.1111110002
123963  54.883  -20.361  14.903 0.1111110002
57225  56.607  -28.697  2.351 0.1111110002
124053  56.039  -19.380  15.207 0.1111110002
124054  55.990  -19.864  13.914 0.1111110002
64577  58.923  -22.855  7.215 0.1111110002
123953  58.443  -22.467  8.806 0.1111110002
63371  59.298  -23.878  6.155 0.1111110002
63372  58.941  -23.914  6.471 0.1111110002
62165  59.820  -24.510  6.336 0.1111110002
59537  59.536  -26.435  5.633 0.1111110002
59562  59.004  -26.965  5.162 0.1111110002
58386  58.353  -27.619  3.813 0.1111110002
57209  57.551  -28.127  3.045 0.1111110002
56111  56.222  -29.115  1.700 0.1111110002
123964  56.698  -19.590  10.299 0.1111110002
65794  59.180  -21.954  8.555 0.1111110002
123961  58.497  -21.020  9.593 0.1111110002
64576  59.254  -23.224  6.431 0.1111110002
59515  60.468  -25.665  6.880 0.1111110002
58317  59.997  -26.761  6.117 0.1111110002
59536  60.469  -26.609  6.743 0.1111110002
58343  59.320  -27.245  5.447 0.1111110002
57208  58.700  -28.505  3.371 0.1111110002
57223  58.434  -29.121  2.562 0.1111110002
57224  57.765  -29.078  2.223 0.1111110002
57238  56.903  -29.247  1.400 0.1111110002
56122  56.243  -29.542  1.241 0.1111110002
56131  56.407  -29.588  0.624 0.1111110002
56148  56.020  -29.408  -1.135 0.1111110002
56141  55.272  -29.313  -0.169 0.1111110002
123973  59.390  -20.559  8.482 0.1111110002
123943  59.040  -20.443  9.432 0.1111110002
64588  59.468  -22.784  5.983 0.1111110002
62163  60.538  -24.475  6.532 0.1111110002
60847  61.187  -25.295  5.868 0.1111110002
59535  60.946  -26.227  6.609 0.1111110002
57178  60.712  -27.540  4.926 0.1111110002
57155  60.902  -27.853  5.722 0.1111110002
57193  60.055  -27.745  4.391 0.1111110002
57194  59.433  -27.911  4.709 0.1111110002
57207  59.563  -28.502  3.623 0.1111110002
56104  59.185  -29.034  3.163 0.1111110002
56109  58.911  -29.323  2.402 0.1111110002
56110  58.305  -29.341  2.241 0.1111110002
56121  58.087  -29.420  1.666 0.1111110002
56130  57.435  -29.500  0.593 0.1111110002
57247  57.015  -30.283  0.888 0.1111110002
56150  55.075  -29.355  -0.312 0.1111110002
56140  56.343  -29.239  -0.382 0.1111110002
57266  55.489  -29.380  -1.137 0.1111110002
58458  55.207  -28.556  -1.699 0.1111110002
59717  55.107  -27.479  -2.013 0.1111110002
59707  53.686  -27.602  -1.386 0.1111110002
59708  53.112  -27.730  -1.764 0.1111110002
123957  58.004  -19.554  10.537 0.1111110002
67026  59.492  -21.144  6.619 0.1111110002
63391  60.645  -23.514  5.428 0.1111110002
60867  61.334  -25.112  5.029 0.1111110002
58364  60.917  -26.811  4.225 0.1111110002
57206  60.176  -28.038  3.524 0.1111110002
57192  60.493  -27.373  4.164 0.1111110002
56103  59.470  -28.900  2.815 0.1111110002
57221  60.389  -27.877  2.307 0.1111110002
56108  59.678  -28.691  1.961 0.1111110002
56120  58.698  -28.753  1.069 0.1111110002
56129  58.273  -29.035  -0.199 0.1111110002
56139  57.494  -29.307  -0.647 0.1111110002
57256  56.855  -29.136  -0.852 0.1111110002
57265  56.397  -29.194  -1.244 0.1111110002
57275  55.723  -29.052  -1.648 0.1111110002
58459  52.656  -27.671  -1.803 0.1111110002
59719  51.983  -26.645  -2.044 0.1111110002
58457  55.983  -28.439  -2.080 0.1111110002
59718  53.203  -27.112  -1.918 0.1111110002
61031  52.965  -25.833  -1.869 0.1111110002
56138  58.341  -29.270  -1.181 0.1111110002
56147  57.769  -29.302  -1.305 0.1111110002
57255  57.213  -29.164  -1.161 0.1111110002
57273  57.101  -28.310  -2.441 0.1111110002
61032  51.764  -25.612  -1.802 0.1111110002
61033  50.723  -25.400  -2.028 0.1111110002
123020  56.399  -27.858  -2.432 0.1111110002
61030  54.387  -25.972  -2.446 0.1111110002
123011  56.781  -27.844  -2.724 0.1111110002
123005  56.871  -27.197  -3.109 0.1111110002
123032  55.656  -26.190  -2.672 0.1111110002
62363  56.289  -24.958  -3.501 0.1111110002
57263  58.553  -28.703  -2.123 0.1111110002
57272  58.002  -28.236  -3.288 0.1111110002
123002  57.864  -27.639  -3.828 0.1111110002
62345  52.581  -24.743  -2.186 0.1111110002
123006  57.616  -27.103  -4.067 0.1111110002
62343  54.922  -24.656  -2.776 0.1111110002
62344  53.720  -24.817  -2.346 0.1111110002
63516  53.262  -23.853  -2.496 0.1111110002
123034  55.414  -25.377  -2.617 0.1111110002
57271  58.209  -27.850  -3.721 0.1111110002
123001  58.070  -27.605  -4.126 0.1111110002
59754  59.295  -26.298  -5.032 0.1111110002
123021  57.864  -26.478  -4.482 0.1111110002
123027  58.004  -26.225  -4.614 0.1111110002
62394  58.913  -24.984  -5.622 0.1111110002
123007  57.430  -26.225  -4.251 0.1111110002
62381  57.280  -25.049  -4.766 0.1111110002
63537  54.783  -23.636  -3.247 0.1111110002
61088  59.679  -25.222  -6.224 0.1111110002
61075  57.729  -24.935  -5.349 0.1111110002
62411  59.073  -24.555  -6.368 0.1111110002
62382  56.674  -24.399  -4.500 0.1111110002
63552  56.858  -24.156  -5.050 0.1111110002
64708  55.072  -23.160  -3.681 0.1111110002
64739  55.825  -22.634  -5.241 0.1111110002
64724  55.336  -22.772  -4.239 0.1111110002
66012  55.780  -22.192  -5.278 0.1111110002
63560  56.883  -23.466  -5.631 0.1111110002
64738  56.422  -22.734  -5.731 0.1111110002
64748  57.424  -22.430  -6.176 0.1111110002
66011  56.266  -22.008  -5.611 0.1111110002
69182  56.401  -19.188  16.987 0.1111110002
64598  60.187  -23.188  5.051 0.1111110002
65832  59.596  -22.474  5.219 0.1111110002
66861  55.063  -20.195  17.840 0.1111110002
124048  55.740  -20.530  14.162 0.1111110002
62177  59.420  -24.387  5.839 0.1111110002
59517  59.864  -26.120  6.326 0.1111110002
62189  59.399  -25.075  5.323 0.1111110002
59591  58.822  -27.170  4.589 0.1111110002
58368  58.678  -28.078  4.127 0.1111110002
63383  60.073  -23.719  5.955 0.1111110002
57179  60.297  -27.352  5.185 0.1111110002
57237  57.342  -29.832  1.398 0.1111110002
62175  60.963  -24.166  6.279 0.1111110002
59560  61.873  -26.338  5.000 0.1111110002
58341  61.314  -27.291  5.259 0.1111110002
57222  59.893  -28.501  2.864 0.1111110002
57276  55.065  -29.038  -1.345 0.1111110002
58445  54.336  -28.347  -1.290 0.1111110002
62188  61.249  -24.252  5.291 0.1111110002
60898  61.080  -25.247  4.173 0.1111110002
57204  60.366  -26.963  3.352 0.1111110002
57205  60.364  -27.439  3.353 0.1111110002
57264  57.421  -29.007  -1.700 0.1111110002
57274  56.516  -28.915  -1.910 0.1111110002
58460  52.001  -27.438  -2.000 0.1111110002
58461  51.088  -27.143  -2.070 0.1111110002
56146  58.094  -29.117  -1.601 0.1111110002
62346  51.525  -24.573  -2.188 0.1111110002
61034  49.728  -25.251  -2.155 0.1111110002
123012  57.943  -26.766  -4.425 0.1111110002
63515  54.174  -23.937  -2.592 0.1111110002
62364  55.367  -24.226  -3.344 0.1111110002
63553  56.208  -23.599  -4.688 0.1111110002
123004  58.395  -27.390  -4.083 0.1111110002
123017  58.556  -26.595  -4.492 0.1111110002
61073  59.257  -25.595  -5.482 0.1111110002
61087  60.242  -25.199  -6.229 0.1111110002
123028  57.765  -25.761  -4.673 0.1111110002
61074  58.302  -25.548  -5.099 0.1111110002
62396  57.377  -24.365  -5.477 0.1111110002
63561  56.216  -23.134  -5.455 0.1111110002
63536  55.538  -23.674  -3.758 0.1111110002
63573  57.681  -23.187  -6.339 0.1111110002
63574  56.988  -22.815  -5.987 0.1111110002
66026  56.865  -22.216  -5.933 0.1111110002
59034  8.108  -26.479  49.695 0.1111110002
57868  8.080  -26.912  50.833 0.1111110002
59043  9.880  -26.352  48.182 0.1111110002
60301  10.159  -25.636  47.583 0.1111110002
60309  10.552  -25.271  46.963 0.1111110002
61660  10.260  -24.741  47.056 0.1111110002
60321  13.123  -25.436  46.071 0.1111110002
60322  11.996  -25.483  45.672 0.1111110002
59057  11.324  -26.104  46.393 0.1111110002
60323  11.059  -25.283  46.187 0.1111110002
61676  12.772  -24.625  45.439 0.1111110002
61677  11.540  -24.513  45.600 0.1111110002
63056  12.171  -22.822  42.294 0.1111110002
61675  13.717  -24.539  46.309 0.1111110002
64210  12.630  -22.179  43.057 0.1111110002
61853  15.750  -25.035  37.409 0.1111110002
63073  12.195  -23.096  41.820 0.1111110002
61841  15.220  -24.695  38.985 0.1111110002
61796  14.121  -24.394  39.518 0.1111110002
63086  13.709  -24.002  40.887 0.1111110002
63072  13.208  -23.683  41.626 0.1111110002
122578  16.527  -24.871  38.590 0.1111110002
71200  10.017  -17.671  45.671 0.1111110002
70020  9.644  -18.192  45.577 0.1111110002
65391  12.933  -21.650  43.115 0.1111110002
122614  13.856  -24.406  38.824 0.1111110002
64230  11.722  -22.364  42.055 0.1111110002
61797  13.510  -24.083  39.711 0.1111110002
61777  13.467  -23.949  40.157 0.1111110002
61832  13.396  -24.179  38.893 0.1111110002
59149  30.210  -26.110  35.745 0.1111110002
59148  30.852  -25.782  36.016 0.1111110002
59154  29.709  -26.128  34.433 0.1111110002
123669  30.356  -25.499  33.422 0.1111110002
61995  29.908  -24.198  25.041 0.1111110002
123645  30.258  -25.040  32.389 0.1111110002
123764  30.039  -24.632  30.624 0.1111110002
123766  29.886  -24.549  29.276 0.1111110002
123765  29.417  -24.546  27.679 0.1111110002
123800  29.955  -24.523  27.705 0.1111110002
60490  30.687  -25.663  35.412 0.1111110002
60506  30.289  -25.747  34.578 0.1111110002
123644  30.850  -25.019  33.405 0.1111110002
65416  11.631  -21.835  41.623 0.1111110002
63088  12.464  -23.198  40.990 0.1111110002
59035  7.619  -26.300  49.861 0.1111110002
59033  8.699  -26.949  49.572 0.1111110002
63002  11.192  -23.558  45.811 0.1111110002
59049  10.550  -26.144  47.133 0.1111110002
59058  10.858  -25.721  46.664 0.1111110002
59056  12.371  -26.270  46.055 0.1111110002
54717  37.712  -29.588  17.212 0.1111110002
54718  37.462  -29.481  17.087 0.1111110002
54737  38.155  -29.717  16.877 0.1111110002
54739  37.464  -29.646  16.912 0.1111110002
55903  38.444  -29.056  18.607 0.2222220004
55935  37.805  -29.338  16.513 0.1111110002
55936  37.448  -29.346  16.857 0.1111110002
55954  38.194  -29.095  16.315 0.1111110002
56149  55.389  -29.363  -0.625 0.1111110002
56998  37.846  -29.081  18.514 0.1111110002
57011  37.152  -29.022  17.522 0.1111110002
57012  37.168  -29.061  17.131 0.1111110002
57156  60.381  -27.527  5.875 0.1111110002
57157  60.228  -27.225  6.068 0.1111110002
57180  60.074  -26.948  5.460 0.1111110002
57191  60.470  -27.026  3.803 0.1111110002
57195  58.862  -28.193  4.362 0.1111110002
57219  60.315  -26.927  3.017 0.1111110002
57248  56.708  -30.005  1.231 0.1111110002
57909  5.692  -26.917  47.397 0.1111110002
57956  29.703  -27.298  38.536 0.1111110002
58168  52.233  -27.529  17.339 0.1111110002
58172  37.083  -28.891  17.688 0.1111110002
58299  60.233  -26.645  6.595 0.1111110002
58300  60.051  -26.432  6.564 0.1111110002
58314  61.894  -27.021  5.386 0.1111110002
58315  61.406  -27.152  6.005 0.1111110002
58316  60.578  -27.189  6.425 0.1111110002
58340  61.739  -27.049  4.630 0.1111110002
58342  58.968  -27.394  5.126 0.1111110002
58365  61.119  -27.295  4.638 0.1111110002
58366  58.956  -27.654  5.143 0.1111110002
58367  58.886  -27.652  4.729 0.1111110002
58383  60.414  -26.564  3.740 0.1111110002
58385  58.663  -27.397  4.283 0.1111110002
58399  60.328  -26.581  3.262 0.1111110002
59029  7.487  -26.555  50.457 0.1111110002
59084  32.130  -25.421  43.071 0.4444440007
59118  33.736  -25.796  39.911 0.5555559993
59123  29.338  -27.365  38.902 0.1111110002
59201  22.235  -26.025  31.418 0.1111110002
59212  22.240  -26.267  30.846 0.1111110002
59347  51.743  -26.239  19.709 0.1111110002
59516  60.185  -26.080  6.826 0.1111110002
59534  61.541  -26.343  5.732 0.1111110002
59561  58.938  -27.325  5.307 0.1111110002
59589  61.327  -26.232  4.469 0.1111110002
59590  58.914  -27.424  5.104 0.1111110002
59755  58.876  -26.098  -5.106 0.1111110002
60288  7.650  -25.620  49.744 0.1111110002
60289  7.377  -25.933  49.827 0.1111110002
60294  7.734  -25.998  49.703 0.1111110002
60316  -1.811  -24.340  47.157 0.1111110002
60438  34.412  -24.735  39.104 0.5555559993
60443  28.975  -25.345  39.367 0.5555559993
60444  28.373  -25.327  39.419 0.4444440007
60445  27.872  -25.255  39.553 0.4444440007
60475  31.713  -25.752  36.340 0.2222220004
60476  28.416  -25.384  37.112 0.3333329856
60478  27.572  -25.481  37.197 0.4444440007
60491  28.367  -25.389  36.817 0.3333329856
60493  27.170  -25.464  36.701 0.3333329856
60508  27.727  -25.467  35.944 0.2222220004
60509  26.985  -25.523  35.889 0.4444440007
60510  26.435  -25.438  36.081 0.3333329856
60520  27.472  -25.394  35.391 0.2222220004
60525  23.010  -24.752  34.617 0.1111110002
60621  47.851  -25.975  25.475 0.1111110002
60670  48.673  -25.002  20.713 0.1111110002
60713  39.848  -25.947  19.151 0.2222220004
60832  60.651  -25.069  6.645 0.1111110002
60833  60.127  -25.181  6.922 0.1111110002
60834  59.877  -25.317  6.446 0.1111110002
60846  61.489  -25.802  5.289 0.1111110002
60848  59.682  -25.504  5.713 0.1111110002
60866  61.373  -25.697  4.773 0.1111110002
60899  61.241  -25.129  4.592 0.1111110002
61072  59.807  -25.897  -5.563 0.1111110002
61642  6.881  -24.063  50.039 0.1111110002
61646  7.496  -23.955  49.605 0.1111110002
61651  6.812  -24.016  48.410 0.1111110002
61656  -0.393  -23.671  47.598 0.1111110002
61687  27.271  -24.325  43.053 0.3333329856
61741  27.390  -24.024  41.048 0.5555559993
61751  34.521  -23.815  39.466 0.5555559993
61776  13.948  -24.203  40.429 0.1111110002
61816  13.539  -24.221  39.198 0.1111110002
61829  26.994  -25.291  37.602 0.4444440007
61831  26.182  -24.831  37.235 0.3333329856
61836  29.329  -24.609  36.426 0.3333329856
61839  26.257  -25.164  36.727 0.2222220004
61846  28.370  -24.909  35.557 0.3333329856
61858  27.708  -25.093  34.794 0.1111110002
61943  52.957  -24.642  24.240 0.1111110002
62024  48.366  -24.224  19.231 0.1111110002
62164  60.123  -24.484  6.554 0.1111110002
62176  60.364  -24.139  6.446 0.1111110002
62970  6.633  -23.762  50.353 0.1111110002
62975  6.863  -23.782  50.073 0.1111110002
62992  6.735  -23.532  47.932 0.1111110002
63064  34.608  -23.437  39.365 0.6666669846
63065  34.248  -23.588  39.573 0.6666669846
63070  27.173  -23.753  40.695 0.3333329856
63071  13.565  -23.890  41.129 0.1111110002
63080  34.673  -23.107  39.357 0.7777780294
63085  26.855  -24.106  39.392 0.4444440007
63087  13.259  -23.773  40.654 0.1111110002
63099  13.116  -23.726  39.906 0.1111110002
63100  12.657  -23.317  40.205 0.2222220004
63104  31.053  -23.469  37.773 0.4444440007
63107  13.039  -23.718  39.157 0.1111110002
63108  12.815  -23.436  39.701 0.1111110002
63114  30.248  -23.672  36.827 0.3333329856
63115  26.567  -24.924  37.792 0.4444440007
63116  26.346  -24.489  37.775 0.4444440007
63118  13.420  -24.089  38.598 0.2222220004
63124  29.285  -23.618  35.617 0.2222220004
63127  16.501  -23.704  36.293 0.2222220004
63128  14.496  -24.585  37.278 0.2222220004
63193  48.754  -22.435  25.614 0.4444440007
63261  48.553  -24.146  18.934 0.1111110002
63370  59.513  -23.667  6.074 0.1111110002
63384  59.905  -23.967  6.354 0.1111110002
63400  61.152  -23.421  4.601 0.1111110002
63401  59.724  -23.063  3.908 0.1111110002
63402  59.255  -23.034  3.828 0.1111110002
63452  59.167  -23.375  2.955 0.1111110002
64146  4.349  -22.705  50.350 0.1111110002
64154  15.689  -21.317  47.433 0.2222220004
64155  15.568  -21.228  47.280 0.2222220004
64156  15.279  -21.280  47.441 0.2222220004
64157  14.806  -21.358  47.591 0.2222220004
64161  15.638  -21.445  47.290 0.2222220004
64162  15.484  -21.394  47.102 0.2222220004
64163  14.953  -21.553  47.078 0.2222220004
64165  13.488  -21.448  46.973 0.3333329856
64166  7.439  -22.444  46.799 0.2222220004
64167  7.206  -22.426  46.753 0.3333329856
64170  15.153  -21.340  46.845 0.2222220004
64190  13.654  -21.167  46.240 0.2222220004
64199  23.781  -23.321  43.386 0.3333329856
64200  23.560  -23.212  43.353 0.4444440007
64207  23.451  -23.432  43.367 0.4444440007
64208  23.299  -23.237  43.344 0.4444440007
64209  12.783  -22.280  43.558 0.2222220004
64220  12.261  -22.367  42.564 0.1111110002
64221  12.008  -22.258  42.369 0.1111110002
64231  11.836  -22.104  42.287 0.1111110002
64243  11.819  -22.408  41.276 0.1111110002
64283  17.476  -22.988  36.412 0.3333329856
64296  15.794  -23.801  35.981 0.2222220004
64365  48.515  -22.252  25.178 0.4444440007
64475  47.406  -22.205  15.054 0.1111110002
64582  59.470  -23.046  5.860 0.1111110002
64583  59.428  -22.662  6.565 0.1111110002
64587  59.471  -23.167  5.375 0.1111110002
64600  59.371  -22.766  3.791 0.1111110002
64640  58.976  -22.889  3.297 0.1111110002
64749  56.743  -22.388  -5.881 0.1111110002
65320  5.168  -22.594  50.955 0.1111110002
65322  4.309  -22.290  50.363 0.1111110002
65326  4.522  -21.957  50.235 0.1111110002
65328  15.169  -20.902  48.940 0.2222220004
65329  14.825  -21.088  49.040 0.2222220004
65331  13.375  -21.146  48.890 0.3333329856
65336  -0.496  -21.132  48.429 0.1111110002
65337  15.625  -21.096  47.418 0.2222220004
65338  15.468  -20.991  47.554 0.2222220004
65340  14.332  -21.330  48.169 0.2222220004
65341  13.486  -21.302  48.292 0.3333329856
65345  -1.022  -21.078  48.031 0.1111110002
65346  15.613  -21.145  47.200 0.2222220004
65347  15.461  -21.083  46.925 0.2222220004
65352  -0.702  -20.734  47.666 0.1111110002
65353  14.989  -21.066  46.722 0.2222220004
65355  13.542  -20.804  46.108 0.1111110002
65368  22.630  -21.211  45.106 0.3333329856
65379  22.650  -21.258  44.818 0.3333329856
65392  12.500  -21.915  42.800 0.1111110002
65398  12.635  -21.609  42.538 0.1111110002
65399  12.213  -21.892  42.513 0.1111110002
65400  12.095  -22.107  42.475 0.1111110002
65407  11.964  -21.665  42.131 0.1111110002
65408  11.972  -21.916  42.374 0.1111110002
65417  10.660  -21.232  41.099 0.1111110002
65418  10.141  -21.511  41.260 0.1111110002
65488  29.094  -22.201  34.822 0.2222220004
65560  48.043  -20.753  25.212 0.4444440007
65652  46.888  -21.005  16.758 0.5555559993
65714  47.792  -21.945  12.868 0.1111110002
65811  59.530  -21.794  7.537 0.1111110002
65833  59.633  -22.135  5.973 0.1111110002
65853  59.599  -22.503  5.244 0.1111110002
65854  59.995  -21.965  5.075 0.1111110002
65855  59.683  -20.545  5.520 0.2222220004
65878  60.164  -22.056  4.459 0.1111110002
66027  56.615  -22.179  -5.824 0.1111110002
66618  15.120  -20.445  49.039 0.3333329856
66619  14.348  -20.399  49.156 0.2222220004
66620  13.467  -20.602  49.084 0.3333329856
66627  15.530  -20.873  47.403 0.2222220004
66628  15.370  -20.511  47.583 0.2222220004
66629  15.252  -19.959  48.327 0.2222220004
66630  -0.775  -20.358  48.042 0.1111110002
66631  15.518  -20.835  47.176 0.2222220004
66633  14.592  -20.379  46.833 0.2222220004
66639  14.970  -20.980  46.708 0.2222220004
66643  10.586  -19.832  45.822 0.2222220004
66650  23.972  -20.812  45.257 0.4444440007
66652  22.854  -20.817  45.150 0.3333329856
66653  22.420  -20.904  45.072 0.3333329856
66665  22.881  -21.386  44.533 0.3333329856
66666  22.440  -21.125  44.899 0.3333329856
66667  13.134  -21.012  44.048 0.2222220004
66677  26.587  -21.568  42.792 0.5555559993
66686  10.214  -19.904  41.289 0.1111110002
66689  10.858  -19.886  40.955 0.1111110002
66694  10.189  -21.195  40.165 0.1111110002
66847  47.248  -20.070  20.830 0.4444440007
66849  46.311  -20.644  20.167 0.6666669846
66860  55.604  -20.172  17.071 0.1111110002
67036  60.155  -21.309  5.493 0.1111110002
67038  59.821  -20.360  5.206 0.2222220004
67048  60.346  -21.529  4.900 0.2222220004
67050  60.006  -20.522  4.613 0.2222220004
67206  56.393  -21.584  -5.390 0.1111110002
67816  12.237  -20.318  48.057 0.3333329856
67820  0.566  -20.167  49.078 0.1111110002
67821  0.087  -20.112  48.631 0.1111110002
67822  -0.345  -20.087  48.306 0.1111110002
67824  15.052  -19.137  48.203 0.2222220004
67826  11.213  -19.244  46.643 0.3333329856
67829  1.015  -19.953  48.234 0.1111110002
67833  14.181  -20.157  46.812 0.2222220004
67835  10.773  -19.198  46.438 0.3333329856
67843  13.545  -20.170  46.347 0.1111110002
67852  23.567  -20.255  44.787 0.3333329856
67854  22.809  -20.901  44.718 0.3333329856
67855  22.514  -20.869  44.675 0.3333329856
67864  23.077  -21.522  44.238 0.3333329856
67865  22.717  -21.218  44.673 0.3333329856
67872  9.674  -19.312  41.938 0.1111110002
67875  10.492  -19.288  41.448 0.1111110002
67877  9.600  -19.590  41.733 0.1111110002
68020  47.857  -19.906  22.245 0.4444440007
68960  14.374  -19.048  48.356 0.2222220004
68965  3.373  -20.702  49.519 0.1111110002
68966  1.246  -19.594  48.896 0.1111110002
68967  0.832  -19.721  49.046 0.1111110002
68969  14.086  -19.799  46.996 0.2222220004
68970  14.181  -19.370  47.643 0.2222220004
68972  13.067  -19.313  48.044 0.3333329856
68975  11.456  -19.250  46.675 0.3333329856
68978  0.843  -19.720  48.620 0.1111110002
68979  0.486  -19.841  48.677 0.1111110002
68980  13.796  -19.994  46.530 0.2222220004
68981  11.873  -18.227  46.444 0.2222220004
68986  13.383  -19.438  45.966 0.1111110002
68987  13.682  -19.025  45.761 0.2222220004
68988  13.985  -18.906  45.027 0.2222220004
68989  13.956  -18.705  44.929 0.2222220004
68990  11.461  -17.785  46.468 0.2222220004
68994  14.456  -18.625  44.928 0.2222220004
69004  9.958  -18.860  42.584 0.1111110002
69011  10.094  -18.926  42.140 0.1111110002
69016  10.840  -18.695  41.547 0.1111110002
70005  13.255  -19.329  47.074 0.2222220004
70008  12.609  -17.991  46.558 0.2222220004
70009  13.323  -19.041  46.308 0.2222220004
70010  13.174  -19.028  46.836 0.2222220004
70017  14.382  -18.569  45.179 0.2222220004
70022  14.853  -18.453  45.093 0.2222220004
70023  14.622  -18.555  45.101 0.2222220004
70033  9.538  -18.482  43.481 0.1111110002
71186  13.173  -18.173  46.566 0.2222220004
71187  12.929  -17.643  46.676 0.2222220004
71189  13.246  -18.788  46.423 0.2222220004
71192  13.014  -16.895  46.722 0.2222220004
71195  13.458  -18.619  46.137 0.2222220004
71198  11.764  -16.706  46.241 0.1111110002
71204  15.149  -18.057  45.451 0.2222220004
71221  12.334  -17.593  42.273 0.3333329856
72432  14.021  -17.515  45.652 0.2222220004
72437  14.310  -16.450  45.466 0.2222220004
72443  13.944  -16.771  43.655 0.2222220004
73604  15.175  -15.985  45.034 0.2222220004
73605  14.449  -16.114  45.266 0.2222220004
122328  21.998  -25.086  39.522 0.1111110002
122380  19.177  -23.370  40.093 0.5555559993
122383  22.727  -22.231  43.000 0.3333329856
122419  22.931  -21.697  43.904 0.3333329856
122431  19.491  -23.455  39.398 0.3333329856
122439  22.686  -21.942  43.442 0.3333329856
122472  22.746  -22.039  43.668 0.3333329856
122509  26.443  -24.155  38.131 0.3333329856
122519  18.687  -23.239  37.366 0.3333329856
122555  20.194  -23.437  37.201 0.1111110002
122623  13.497  -21.366  36.872 0.1111110002
122643  13.156  -21.354  37.296 0.1111110002
122661  13.474  -19.980  43.896 0.2222220004
122662  13.458  -19.463  44.218 0.2222220004
122665  13.703  -20.938  42.667 0.2222220004
122669  12.767  -21.306  42.078 0.2222220004
122681  13.741  -21.374  36.801 0.1111110002
122696  11.901  -17.766  41.571 0.2222220004
122701  12.501  -17.669  41.901 0.3333329856
122716  12.785  -17.508  42.437 0.1111110002
123009  58.134  -27.265  -4.243 0.1111110002
123010  58.856  -27.111  -4.037 0.1111110002
123022  58.103  -26.556  -4.528 0.1111110002
123381  3.193  -21.348  48.842 0.1111110002
123382  3.014  -21.288  49.042 0.1111110002
123385  3.394  -21.236  49.184 0.1111110002
123389  4.643  -21.749  49.874 0.1111110002
123390  4.420  -21.611  49.623 0.1111110002
123391  4.387  -21.303  49.436 0.1111110002
123392  3.790  -21.144  49.356 0.1111110002
123438  9.157  -18.452  43.588 0.1111110002
123546  40.364  -24.583  20.605 0.6666669846
123569  39.920  -24.163  21.120 0.6666669846
123582  40.522  -24.953  19.247 0.7777780294
123584  40.807  -24.998  19.807 0.7777780294
123585  40.549  -25.008  19.371 0.7777780294
123607  37.544  -28.687  18.328 0.1111110002
123610  40.368  -25.509  19.660 0.5555559993
123613  45.158  -21.729  20.498 0.7777780294
123652  37.173  -28.929  17.818 0.1111110002
123658  45.303  -21.573  19.208 0.7777780294
123664  35.653  -24.503  36.376 0.6666669846
123675  37.098  -28.800  17.532 0.1111110002
123687  45.253  -21.640  20.970 0.7777780294
123695  35.562  -21.155  35.340 0.8888890147
123700  36.786  -28.478  16.899 0.1111110002
123705  39.762  -25.602  18.547 0.4444440007
123711  45.657  -21.559  21.427 0.7777780294
123730  46.260  -21.119  21.425 0.6666669846
123731  46.229  -21.265  21.987 0.6666669846
123740  34.685  -21.437  35.433 0.8888890147
123779  47.569  -21.321  24.931 0.4444440007
123788  36.054  -20.380  32.748 0.8888890147
123795  31.671  -22.295  36.765 0.4444440007
123799  35.932  -20.487  32.086 0.8888890147
123962  54.762  -19.922  15.737 0.1111110002
123969  58.503  -19.920  9.758 0.1111110002
123970  58.896  -19.885  8.865 0.2222220004
123972  59.480  -21.329  8.765 0.1111110002
123974  55.247  -19.766  15.635 0.1111110002
123975  54.721  -19.718  15.954 0.1111110002
123976  54.956  -19.576  15.986 0.1111110002
123988  54.987  -20.549  16.026 0.1111110002
123989  55.085  -19.686  15.807 0.1111110002
123995  54.862  -20.149  16.356 0.1111110002
123996  54.744  -19.820  16.225 0.1111110002
124005  55.168  -20.151  16.646 0.1111110002
124016  55.079  -19.806  16.767 0.1111110002
124017  55.624  -19.966  16.543 0.1111110002
124020  55.607  -20.123  16.738 0.1111110002
124029  55.603  -20.232  14.733 0.1111110002
124032  53.086  -18.989  14.164 0.1111110002
124036  55.921  -20.000  16.639 0.1111110002
124037  55.370  -19.691  16.111 0.1111110002
124038  55.339  -20.253  14.797 0.1111110002
124049  55.695  -20.400  14.814 0.1111110002
124052  55.189  -19.946  14.974 0.1111110002
124055  55.436  -20.038  14.705 0.1111110002
124056  55.511  -20.950  15.074 0.1111110002
124059  49.119  -21.253  12.244 0.1111110002
124120  12.266  -20.908  47.101 0.3333329856
124122  8.835  -23.320  47.447 0.2222220004
