#!ascii label  , from subject sub-NDARAG610XL4 vox2ras=TkReg
1317
89065  55.543  0.938  -19.110 0.0000000000
92161  60.148  5.959  -23.668 0.0000000000
91192  61.381  4.026  -10.489 0.0000000000
89772  51.460  2.342  -16.580 0.0000000000
89025  54.341  1.873  -15.863 0.0000000000
89831  57.408  2.131  -22.963 0.0000000000
96860  56.540  10.931  -23.298 0.0000000000
93059  55.458  5.964  -24.838 0.0000000000
94397  59.168  7.437  -5.906 0.0000000000
90349  56.636  3.061  -5.383 0.0000000000
88405  60.559  2.153  -19.585 0.0000000000
86907  60.107  -0.285  -15.651 0.0000000000
91295  62.236  4.485  -17.261 0.0000000000
94502  61.035  8.830  -13.989 0.0000000000
92211  50.548  5.458  -27.584 0.0000000000
89132  58.957  1.303  -25.516 0.0000000000
91213  57.568  4.634  -11.596 0.0000000000
89782  54.137  2.312  -17.290 0.0000000000
89041  52.606  1.663  -16.629 0.0000000000
87698  52.579  -0.760  -18.826 0.0000000000
89804  57.332  3.273  -20.459 0.0000000000
91306  56.373  4.176  -18.080 0.0000000000
95366  53.676  9.780  -23.745 0.0000000000
93593  57.132  7.103  -4.045 0.0000000000
90316  58.213  3.577  -2.641 0.0000000000
90294  57.732  2.788  -0.893 0.0000000000
90642  50.878  3.209  -28.669 0.0000000000
89828  61.436  3.267  -22.351 0.0000000000
89072  61.347  2.132  -19.066 0.0000000000
91329  61.288  5.140  -20.515 0.0000000000
94525  57.756  8.384  -16.085 0.0000000000
94522  59.900  7.886  -16.357 0.0000000000
95966  59.077  9.960  -14.848 0.0000000000
94472  59.287  8.763  -12.656 0.0000000000
93870  58.702  7.085  -25.184 0.0000000000
91393  57.291  3.976  -25.661 0.0000000000
90595  60.419  3.542  -25.228 0.0000000000
88424  60.486  2.021  -23.130 0.0000000000
87640  61.154  0.142  -12.307 0.0000000000
89010  59.495  2.522  -14.303 0.0000000000
91193  59.438  3.712  -10.628 0.0000000000
89012  51.683  2.136  -14.521 0.0000000000
90430  52.837  3.781  -12.812 0.0000000000
88447  56.294  0.254  -24.286 0.0000000000
89844  55.182  2.533  -23.185 0.0000000000
96126  59.406  9.955  -25.012 0.0000000000
94591  60.252  8.591  -21.422 0.0000000000
96920  49.470  11.152  -27.542 0.0000000000
93873  50.573  7.914  -26.093 0.0000000000
93844  56.851  7.924  -23.397 0.0000000000
93663  60.625  6.541  -8.555 0.0000000000
91160  59.184  5.077  -7.826 0.0000000000
91998  59.080  5.380  -5.198 0.0000000000
88922  59.370  1.282  -4.292 0.0000000000
125093  58.799  1.041  -19.323 0.0000000000
86186  57.622  -2.342  -18.721 0.0000000000
87683  60.206  -0.002  -17.885 0.0000000000
88352  61.502  0.843  -15.716 0.0000000000
90459  62.075  3.341  -14.219 0.0000000000
92983  60.536  6.993  -18.597 0.0000000000
92948  61.204  6.107  -15.801 0.0000000000
92052  60.701  5.884  -12.463 0.0000000000
94436  60.139  7.921  -9.474 0.0000000000
94419  57.591  8.471  -7.676 0.0000000000
93107  51.929  5.786  -30.183 0.0000000000
89880  52.246  2.429  -27.104 0.0000000000
89877  55.653  2.405  -26.300 0.0000000000
87766  56.660  -0.061  -25.622 0.0000000000
86987  59.092  -0.218  -23.984 0.0000000000
89093  60.142  3.876  -22.146 0.0000000000
87674  57.150  -0.319  -16.593 0.0000000000
90462  56.070  3.475  -14.556 0.0000000000
91186  53.796  4.498  -9.999 0.0000000000
91172  57.205  5.062  -8.313 0.0000000000
89054  54.672  1.423  -18.139 0.0000000000
89068  52.528  1.090  -18.490 0.0000000000
88399  54.312  0.059  -19.599 0.0000000000
89796  57.829  2.514  -19.234 0.0000000000
90529  57.237  3.848  -18.830 0.0000000000
90512  56.750  2.706  -17.454 0.0000000000
90514  55.328  3.076  -17.444 0.0000000000
91971  56.291  5.348  -3.294 0.0000000000
91106  57.173  4.383  -2.518 0.0000000000
90307  56.769  3.610  -1.351 0.0000000000
89674  50.778  3.018  -10.122 0.0000000000
91350  61.110  4.581  -22.874 0.0000000000
90543  61.112  3.815  -21.027 0.0000000000
92146  60.707  5.272  -22.292 0.0000000000
95246  56.954  9.963  -15.586 0.0000000000
95244  58.736  9.253  -15.487 0.0000000000
93039  59.778  6.815  -25.354 0.0000000000
92201  59.309  5.156  -26.353 0.0000000000
92183  60.784  5.239  -25.292 0.0000000000
90583  61.101  3.560  -24.174 0.0000000000
89670  61.610  2.376  -11.262 0.0000000000
89689  60.681  2.091  -11.485 0.0000000000
90386  60.656  2.880  -10.365 0.0000000000
89773  50.534  2.371  -16.690 0.0000000000
89043  50.630  1.801  -16.539 0.0000000000
89040  53.282  1.347  -16.441 0.0000000000
89027  52.501  1.965  -15.450 0.0000000000
89760  53.020  2.150  -15.243 0.0000000000
90448  52.445  3.274  -13.719 0.0000000000
89741  53.804  2.969  -14.854 0.0000000000
87737  57.553  0.797  -23.131 0.0000000000
88426  55.757  0.252  -22.568 0.0000000000
89832  55.912  2.703  -22.547 0.0000000000
91280  53.138  3.668  -16.648 0.0000000000
91282  51.368  4.103  -16.446 0.0000000000
96876  58.273  11.788  -24.456 0.0000000000
96858  59.173  11.655  -23.339 0.0000000000
97640  57.890  12.672  -22.646 0.0000000000
95350  55.219  9.545  -23.379 0.0000000000
94613  55.028  8.610  -23.391 0.0000000000
96084  57.332  10.347  -23.986 0.0000000000
95364  57.979  9.744  -24.455 0.0000000000
93654  59.965  7.542  -7.189 0.0000000000
92870  59.836  6.260  -6.738 0.0000000000
92857  59.475  6.027  -5.364 0.0000000000
88888  59.597  1.567  -2.823 0.0000000000
90327  58.755  2.834  -3.435 0.0000000000
88261  60.185  0.587  -4.503 0.0000000000
89074  59.908  1.910  -19.422 0.0000000000
87684  59.215  0.130  -18.509 0.0000000000
87704  60.460  0.684  -18.819 0.0000000000
89788  62.113  3.033  -17.586 0.0000000000
89062  61.337  1.382  -17.268 0.0000000000
89048  61.801  2.128  -16.426 0.0000000000
89018  61.791  1.976  -14.728 0.0000000000
90479  62.128  3.479  -15.122 0.0000000000
94578  59.752  8.573  -20.409 0.0000000000
92993  60.429  7.253  -19.803 0.0000000000
93794  60.062  7.661  -18.648 0.0000000000
94511  60.287  8.235  -15.208 0.0000000000
93762  60.553  7.156  -15.571 0.0000000000
93754  60.696  7.124  -14.665 0.0000000000
92067  60.652  6.272  -14.080 0.0000000000
93729  60.571  7.491  -12.769 0.0000000000
93690  60.424  7.154  -10.451 0.0000000000
94456  60.383  8.326  -12.198 0.0000000000
93713  57.735  7.484  -11.178 0.0000000000
94446  58.397  8.109  -10.042 0.0000000000
93095  50.649  5.846  -29.110 0.0000000000
91413  50.797  4.058  -28.449 0.0000000000
90622  51.673  3.460  -27.117 0.0000000000
93062  52.232  6.750  -25.075 0.0000000000
93063  51.690  6.504  -25.678 0.0000000000
92190  53.920  5.373  -25.122 0.0000000000
89874  58.522  2.753  -25.690 0.0000000000
90618  56.055  3.265  -26.304 0.0000000000
89140  57.319  1.649  -25.929 0.0000000000
89141  56.275  1.570  -26.028 0.0000000000
88465  57.740  0.851  -25.495 0.0000000000
86230  58.237  -1.712  -25.110 0.0000000000
87744  59.373  0.343  -24.452 0.0000000000
88414  60.613  2.711  -22.517 0.0000000000
88415  60.300  2.782  -22.690 0.0000000000
89813  60.017  3.567  -21.170 0.0000000000
89802  59.593  3.544  -19.781 0.0000000000
85299  59.508  -3.032  -16.768 0.0000000000
86175  56.429  -1.892  -17.553 0.0000000000
86916  58.500  -1.106  -16.117 0.0000000000
90442  58.922  4.209  -13.763 0.0000000000
89754  58.281  3.337  -14.953 0.0000000000
91252  56.933  4.321  -13.542 0.0000000000
90427  55.326  3.731  -12.591 0.0000000000
91197  55.560  4.799  -10.791 0.0000000000
91154  57.491  5.161  -6.503 0.0000000000
91171  58.096  4.954  -8.129 0.0000000000
91155  56.604  4.377  -6.109 0.0000000000
90497  53.391  2.993  -16.655 0.0000000000
89771  52.554  2.206  -16.621 0.0000000000
89784  52.594  1.740  -16.991 0.0000000000
88369  52.335  0.894  -17.147 0.0000000000
88367  54.010  0.447  -16.823 0.0000000000
89816  58.011  3.989  -21.052 0.0000000000
90516  53.804  3.741  -16.890 0.0000000000
94373  58.044  7.891  -4.157 0.0000000000
93590  58.762  6.178  -3.885 0.0000000000
92808  58.015  5.903  -2.831 0.0000000000
90305  58.105  3.088  -1.514 0.0000000000
89091  60.907  2.882  -21.529 0.0000000000
89073  61.089  1.993  -19.211 0.0000000000
89081  61.201  2.773  -20.555 0.0000000000
90533  61.498  4.003  -20.114 0.0000000000
91305  62.272  4.554  -18.268 0.0000000000
94539  58.227  7.519  -17.450 0.0000000000
94537  59.746  7.881  -17.391 0.0000000000
94524  58.718  8.353  -15.992 0.0000000000
95243  59.483  9.076  -15.201 0.0000000000
95964  60.746  9.850  -14.513 0.0000000000
95198  60.842  9.426  -13.447 0.0000000000
95949  60.044  9.632  -13.826 0.0000000000
94490  58.302  8.762  -13.314 0.0000000000
93744  57.388  7.835  -13.042 0.0000000000
93894  50.417  7.132  -28.359 0.0000000000
93042  57.085  6.285  -24.668 0.0000000000
92188  55.986  5.307  -25.096 0.0000000000
91361  58.261  5.025  -24.882 0.0000000000
91372  58.944  4.356  -25.234 0.0000000000
89865  59.269  2.926  -24.562 0.0000000000
88444  59.546  1.266  -24.242 0.0000000000
89121  60.258  2.127  -24.281 0.0000000000
89103  60.992  2.666  -22.609 0.0000000000
86898  60.842  -0.465  -13.867 0.0000000000
87662  60.020  0.497  -15.352 0.0000000000
89008  60.370  1.284  -13.657 0.0000000000
89705  59.405  2.892  -12.844 0.0000000000
91212  58.635  4.623  -11.410 0.0000000000
88278  56.971  0.691  -5.631 0.0000000000
88927  55.488  1.741  -4.891 0.0000000000
89744  50.005  2.211  -13.949 0.0000000000
89028  51.553  1.689  -15.543 0.0000000000
89013  50.580  1.812  -14.596 0.0000000000
89726  50.389  2.154  -13.420 0.0000000000
89725  51.570  2.648  -13.591 0.0000000000
90410  51.388  3.695  -11.762 0.0000000000
91201  51.817  4.307  -11.371 0.0000000000
88449  54.561  0.024  -24.092 0.0000000000
88437  54.399  0.423  -23.200 0.0000000000
93843  60.484  7.783  -23.893 0.0000000000
93019  59.902  6.896  -22.327 0.0000000000
95345  59.802  9.580  -23.148 0.0000000000
95321  59.406  9.264  -21.966 0.0000000000
94579  58.812  8.536  -20.520 0.0000000000
93808  57.541  7.783  -19.534 0.0000000000
93784  56.526  7.714  -17.735 0.0000000000
95392  50.013  9.413  -26.665 0.0000000000
93862  51.493  8.149  -25.133 0.0000000000
93045  53.912  7.042  -24.487 0.0000000000
93028  56.463  6.916  -23.661 0.0000000000
93857  58.427  7.533  -24.220 0.0000000000
94640  59.328  8.595  -24.970 0.0000000000
92043  60.941  5.121  -10.380 0.0000000000
91179  60.213  4.443  -9.299 0.0000000000
92021  59.876  5.825  -8.004 0.0000000000
91152  59.087  5.092  -6.877 0.0000000000
91142  56.887  4.327  -4.331 0.0000000000
91967  58.419  5.648  -4.011 0.0000000000
91121  57.430  3.922  -3.891 0.0000000000
88924  57.697  1.455  -4.816 0.0000000000
89063  57.311  0.702  -18.919 0.0000000000
88397  56.243  -0.174  -19.818 0.0000000000
86207  57.636  -1.071  -19.019 0.0000000000
86947  59.380  -2.052  -18.373 0.0000000000
86922  59.714  -1.318  -17.136 0.0000000000
87694  61.054  0.485  -18.099 0.0000000000
86158  61.287  -0.400  -16.924 0.0000000000
86913  60.858  -0.643  -15.655 0.0000000000
87653  61.506  0.239  -14.449 0.0000000000
88997  62.018  1.605  -13.029 0.0000000000
90422  62.051  3.135  -12.262 0.0000000000
92999  60.390  6.475  -20.567 0.0000000000
92991  61.093  5.739  -19.340 0.0000000000
92971  62.083  6.031  -17.593 0.0000000000
93781  60.179  7.396  -17.509 0.0000000000
92958  61.445  6.254  -16.721 0.0000000000
92085  62.193  5.186  -16.505 0.0000000000
92065  61.682  4.821  -14.731 0.0000000000
91250  61.469  4.518  -13.291 0.0000000000
92048  61.077  5.020  -11.416 0.0000000000
92923  60.721  6.045  -10.036 0.0000000000
93675  60.545  7.284  -9.321 0.0000000000
94417  59.583  8.103  -7.468 0.0000000000
94445  59.305  8.016  -10.666 0.0000000000
94437  59.371  8.227  -9.536 0.0000000000
94407  58.546  8.165  -6.602 0.0000000000
94400  56.995  8.283  -6.182 0.0000000000
91421  50.910  4.253  -29.465 0.0000000000
89890  51.588  2.340  -27.919 0.0000000000
89153  53.596  0.877  -27.121 0.0000000000
91376  55.698  4.546  -25.314 0.0000000000
90620  53.703  3.430  -26.254 0.0000000000
89878  54.525  2.402  -26.460 0.0000000000
88468  55.022  0.807  -26.845 0.0000000000
87780  55.164  -0.350  -26.775 0.0000000000
86990  56.745  -1.226  -24.983 0.0000000000
86982  57.586  -0.889  -24.335 0.0000000000
125098  58.291  1.401  -23.271 0.0000000000
87727  59.495  1.628  -23.779 0.0000000000
89104  59.483  2.706  -22.966 0.0000000000
90556  58.280  3.335  -22.817 0.0000000000
89815  58.793  4.487  -20.413 0.0000000000
125100  58.355  2.287  -19.137 0.0000000000
86948  54.958  -1.817  -18.531 0.0000000000
87686  54.845  -1.192  -17.492 0.0000000000
88366  55.188  0.610  -16.575 0.0000000000
88355  58.697  1.099  -15.746 0.0000000000
89023  56.307  1.728  -15.878 0.0000000000
89757  55.502  2.393  -15.279 0.0000000000
90446  54.542  3.350  -13.568 0.0000000000
90408  53.904  4.079  -12.265 0.0000000000
90371  59.515  4.184  -9.526 0.0000000000
92041  58.415  5.272  -9.803 0.0000000000
91183  56.992  4.870  -9.396 0.0000000000
90354  55.050  3.223  -6.463 0.0000000000
91184  55.868  4.602  -9.617 0.0000000000
89555  56.934  2.411  0.113 0.0000000000
88180  58.673  0.223  0.251 0.0000000000
89066  54.497  0.828  -18.870 0.0000000000
89077  54.693  0.654  -19.570 0.0000000000
89064  56.911  1.356  -18.774 0.0000000000
89790  57.709  2.422  -17.942 0.0000000000
89053  56.055  1.712  -18.232 0.0000000000
89781  55.554  2.280  -17.665 0.0000000000
91107  56.320  4.545  -2.505 0.0000000000
92160  60.612  5.116  -23.165 0.0000000000
91351  60.815  4.872  -22.590 0.0000000000
92147  60.378  5.934  -22.622 0.0000000000
92171  60.345  6.046  -24.810 0.0000000000
92184  60.277  5.975  -25.864 0.0000000000
92170  60.419  5.239  -24.218 0.0000000000
92169  60.703  4.672  -23.815 0.0000000000
91191  61.878  3.199  -10.880 0.0000000000
89672  60.983  2.033  -10.787 0.0000000000
90368  60.780  3.319  -10.220 0.0000000000
90499  51.415  3.137  -16.572 0.0000000000
89026  53.463  1.909  -15.857 0.0000000000
89759  53.600  2.389  -15.347 0.0000000000
89105  56.535  0.996  -22.410 0.0000000000
90498  52.390  3.049  -16.545 0.0000000000
91281  52.441  4.042  -16.572 0.0000000000
96877  57.574  11.401  -24.186 0.0000000000
99339  58.230  13.884  -23.918 0.0000000000
96859  57.388  11.526  -23.238 0.0000000000
96086  55.599  10.437  -23.247 0.0000000000
95349  56.383  9.725  -23.462 0.0000000000
96085  57.013  10.533  -23.620 0.0000000000
96896  57.732  11.067  -25.026 0.0000000000
93640  59.760  7.073  -6.676 0.0000000000
93627  59.412  6.912  -5.516 0.0000000000
88900  60.180  1.214  -3.646 0.0000000000
89083  60.319  2.526  -19.992 0.0000000000
88383  60.053  0.870  -19.570 0.0000000000
88406  60.454  1.908  -19.451 0.0000000000
90521  62.237  3.733  -17.969 0.0000000000
90511  62.177  3.680  -17.002 0.0000000000
89768  62.182  2.756  -15.811 0.0000000000
90495  62.234  3.581  -16.065 0.0000000000
94563  59.590  7.943  -19.159 0.0000000000
93807  60.114  7.921  -19.721 0.0000000000
94510  60.630  8.633  -14.485 0.0000000000
94503  60.602  8.024  -14.605 0.0000000000
94489  60.757  8.066  -13.888 0.0000000000
93743  60.635  7.431  -13.666 0.0000000000
94471  60.805  8.134  -13.100 0.0000000000
94470  60.858  8.682  -12.885 0.0000000000
93694  56.764  7.501  -10.222 0.0000000000
93086  50.312  6.173  -28.409 0.0000000000
93904  50.751  6.762  -29.083 0.0000000000
91407  50.676  5.012  -28.010 0.0000000000
91406  50.999  4.429  -27.604 0.0000000000
93060  54.487  6.160  -24.945 0.0000000000
93061  53.351  6.367  -25.003 0.0000000000
89138  58.961  2.215  -25.809 0.0000000000
89875  57.788  2.575  -26.247 0.0000000000
89139  58.458  1.697  -25.909 0.0000000000
88458  58.560  0.800  -25.434 0.0000000000
87754  58.737  0.116  -25.042 0.0000000000
88457  59.450  0.917  -25.093 0.0000000000
89092  60.591  3.254  -21.650 0.0000000000
86152  59.362  -1.534  -16.459 0.0000000000
86153  58.993  -1.496  -16.120 0.0000000000
86915  59.343  -0.650  -15.946 0.0000000000
91232  58.435  4.515  -12.621 0.0000000000
91251  57.853  4.444  -13.539 0.0000000000
91233  57.275  4.427  -12.694 0.0000000000
91214  56.330  4.312  -11.920 0.0000000000
91149  56.531  4.163  -5.170 0.0000000000
90350  56.142  3.432  -5.650 0.0000000000
89770  53.405  2.463  -16.969 0.0000000000
89783  52.941  1.974  -17.251 0.0000000000
88391  51.840  0.195  -18.626 0.0000000000
89057  51.725  0.689  -17.826 0.0000000000
88377  52.203  0.269  -17.607 0.0000000000
88368  52.914  0.452  -17.039 0.0000000000
87678  53.049  -0.228  -17.404 0.0000000000
91313  56.902  4.244  -19.091 0.0000000000
90535  56.998  4.235  -19.480 0.0000000000
90515  54.402  3.295  -16.983 0.0000000000
90496  53.848  2.667  -16.878 0.0000000000
93612  57.488  7.647  -4.345 0.0000000000
92826  57.838  6.287  -3.212 0.0000000000
91969  57.769  5.784  -2.876 0.0000000000
90306  57.547  3.335  -1.300 0.0000000000
90318  57.479  3.817  -1.930 0.0000000000
89570  58.312  2.164  -0.907 0.0000000000
88879  58.760  2.009  -1.570 0.0000000000
89569  58.705  1.546  -0.644 0.0000000000
91431  51.303  3.981  -30.614 0.0000000000
89090  61.183  2.955  -21.755 0.0000000000
89812  61.191  3.442  -21.050 0.0000000000
91321  61.299  4.686  -20.742 0.0000000000
91320  61.481  4.747  -20.103 0.0000000000
90527  62.004  3.815  -19.024 0.0000000000
91312  61.925  4.628  -19.247 0.0000000000
95242  60.167  9.083  -14.710 0.0000000000
95965  60.239  9.742  -14.368 0.0000000000
96736  60.845  10.548  -14.148 0.0000000000
95950  59.155  9.999  -14.286 0.0000000000
95217  58.372  9.505  -13.543 0.0000000000
94491  57.570  8.659  -13.443 0.0000000000
94474  57.972  8.207  -13.057 0.0000000000
93041  58.324  6.286  -24.443 0.0000000000
92173  57.836  5.473  -24.777 0.0000000000
92172  58.462  5.560  -24.899 0.0000000000
92208  59.994  4.520  -26.772 0.0000000000
91390  59.232  4.578  -25.650 0.0000000000
90614  59.598  3.967  -25.687 0.0000000000
90597  58.953  3.770  -25.042 0.0000000000
90596  59.700  3.385  -25.272 0.0000000000
89129  59.589  2.229  -24.426 0.0000000000
89864  60.030  2.672  -24.831 0.0000000000
89842  61.841  3.318  -23.010 0.0000000000
89843  61.353  2.922  -23.307 0.0000000000
89102  61.264  2.898  -22.344 0.0000000000
86892  60.983  -0.555  -13.212 0.0000000000
88339  60.442  0.572  -13.457 0.0000000000
88334  60.594  0.575  -12.714 0.0000000000
89690  60.160  2.556  -11.304 0.0000000000
89704  59.940  2.667  -12.158 0.0000000000
90424  59.625  3.564  -12.151 0.0000000000
91231  59.193  4.271  -12.131 0.0000000000
91211  59.346  4.043  -11.325 0.0000000000
89745  49.559  2.476  -14.442 0.0000000000
89042  51.520  1.727  -16.391 0.0000000000
89002  51.129  2.090  -14.002 0.0000000000
90431  51.870  3.602  -12.799 0.0000000000
91237  52.222  4.051  -12.537 0.0000000000
91219  51.891  4.143  -12.228 0.0000000000
91218  52.585  4.279  -12.058 0.0000000000
87746  55.964  -0.424  -24.941 0.0000000000
88448  55.326  0.120  -24.138 0.0000000000
89106  55.477  1.546  -22.481 0.0000000000
87721  54.865  0.194  -21.982 0.0000000000
89113  55.014  1.953  -23.028 0.0000000000
89845  54.356  2.603  -23.667 0.0000000000
94623  60.110  8.713  -24.613 0.0000000000
94609  60.639  8.772  -23.574 0.0000000000
95363  60.238  9.622  -24.206 0.0000000000
96066  59.186  10.462  -22.322 0.0000000000
96026  59.160  9.144  -21.720 0.0000000000
94566  57.367  8.217  -19.858 0.0000000000
93796  56.988  7.560  -18.804 0.0000000000
96150  50.101  10.283  -27.948 0.0000000000
96130  49.851  9.969  -27.115 0.0000000000
94642  50.924  8.609  -25.292 0.0000000000
93861  52.041  7.743  -24.736 0.0000000000
94612  56.063  8.768  -23.374 0.0000000000
93845  55.760  7.782  -23.389 0.0000000000
93029  55.361  6.929  -23.603 0.0000000000
93858  57.693  6.861  -23.410 0.0000000000
94626  57.980  8.231  -23.319 0.0000000000
95391  58.964  9.865  -25.067 0.0000000000
95380  58.710  9.426  -24.890 0.0000000000
94639  59.599  9.165  -24.841 0.0000000000
94624  59.666  8.195  -24.850 0.0000000000
92911  60.678  5.908  -9.350 0.0000000000
92032  60.433  5.479  -8.840 0.0000000000
92884  60.399  6.242  -8.176 0.0000000000
92008  59.448  5.487  -6.232 0.0000000000
91146  58.814  5.120  -5.914 0.0000000000
91147  57.979  5.258  -5.657 0.0000000000
91141  57.685  5.254  -4.592 0.0000000000
91104  58.199  4.667  -2.915 0.0000000000
92824  58.507  5.835  -3.788 0.0000000000
91968  58.174  5.376  -3.437 0.0000000000
88902  59.004  1.854  -4.022 0.0000000000
90328  57.973  3.129  -3.790 0.0000000000
89600  58.527  2.272  -4.087 0.0000000000
89620  57.952  2.263  -4.414 0.0000000000
88923  58.583  1.501  -4.410 0.0000000000
88264  58.374  0.839  -4.901 0.0000000000
88263  59.134  0.714  -4.823 0.0000000000
125099  58.316  1.054  -19.103 0.0000000000
88374  57.421  0.152  -19.061 0.0000000000
89050  57.966  -0.049  -18.889 0.0000000000
87685  59.512  -1.402  -18.284 0.0000000000
87670  59.889  -0.566  -17.645 0.0000000000
86934  59.994  -2.092  -17.312 0.0000000000
86921  60.596  -0.587  -16.947 0.0000000000
88394  60.877  1.403  -18.640 0.0000000000
88381  61.124  1.184  -17.784 0.0000000000
88363  61.400  0.992  -16.400 0.0000000000
88372  61.341  0.682  -17.154 0.0000000000
87669  61.480  0.157  -16.671 0.0000000000
86920  61.343  -0.463  -16.351 0.0000000000
87660  61.578  0.179  -15.598 0.0000000000
86912  61.378  -0.388  -15.076 0.0000000000
87654  61.549  0.517  -14.982 0.0000000000
89736  62.180  2.536  -14.041 0.0000000000
89006  61.950  1.647  -13.944 0.0000000000
89719  62.121  2.417  -13.116 0.0000000000
89702  61.880  2.405  -12.330 0.0000000000
90440  61.839  3.207  -13.252 0.0000000000
93826  60.303  7.682  -21.775 0.0000000000
93008  60.101  6.647  -21.789 0.0000000000
93000  60.241  7.197  -20.893 0.0000000000
92992  60.664  6.383  -19.520 0.0000000000
92982  61.045  6.380  -18.528 0.0000000000
92981  61.640  5.901  -18.496 0.0000000000
93761  60.798  6.631  -15.450 0.0000000000
92959  60.776  6.568  -16.653 0.0000000000
92957  62.037  5.880  -16.637 0.0000000000
92947  61.752  5.629  -15.969 0.0000000000
92076  61.865  5.142  -15.496 0.0000000000
92077  61.358  5.740  -15.327 0.0000000000
92058  60.622  6.042  -13.405 0.0000000000
92057  61.023  5.314  -13.350 0.0000000000
92051  61.137  5.157  -12.374 0.0000000000
91230  61.533  4.353  -12.233 0.0000000000
92044  60.764  5.614  -10.790 0.0000000000
92049  60.754  5.723  -11.539 0.0000000000
94426  60.262  7.874  -8.480 0.0000000000
94457  59.603  8.574  -12.009 0.0000000000
94438  58.513  8.197  -9.461 0.0000000000
94428  58.502  8.347  -8.540 0.0000000000
94418  58.559  8.375  -7.571 0.0000000000
94399  57.673  8.259  -5.723 0.0000000000
93915  52.005  6.751  -30.256 0.0000000000
93914  52.956  6.931  -30.195 0.0000000000
92223  51.150  5.347  -29.657 0.0000000000
89881  51.654  2.883  -27.446 0.0000000000
90633  51.279  3.397  -27.857 0.0000000000
89145  52.443  1.764  -27.352 0.0000000000
89144  52.979  1.607  -27.008 0.0000000000
91375  56.712  4.752  -25.398 0.0000000000
90600  56.388  3.923  -25.766 0.0000000000
90601  55.342  3.889  -25.835 0.0000000000
90619  54.943  3.259  -26.305 0.0000000000
90621  52.516  3.326  -26.504 0.0000000000
88467  55.904  0.575  -26.214 0.0000000000
89142  55.292  1.518  -26.474 0.0000000000
88479  55.434  0.199  -26.852 0.0000000000
87767  55.868  -0.248  -25.868 0.0000000000
87011  56.757  -0.661  -25.356 0.0000000000
86988  58.410  -1.057  -24.502 0.0000000000
86216  58.160  -1.496  -24.221 0.0000000000
86981  58.208  -0.245  -23.871 0.0000000000
88432  60.201  1.720  -23.866 0.0000000000
88433  59.871  1.590  -23.666 0.0000000000
125109  59.669  3.788  -22.557 0.0000000000
125103  58.964  2.784  -23.441 0.0000000000
90545  59.108  4.240  -22.101 0.0000000000
89795  59.479  2.458  -19.217 0.0000000000
125101  58.806  2.646  -18.899 0.0000000000
125096  58.545  1.841  -19.340 0.0000000000
89075  57.699  1.005  -18.747 0.0000000000
86198  56.623  -1.247  -18.975 0.0000000000
87706  55.180  -1.237  -20.040 0.0000000000
86199  55.811  -1.751  -18.632 0.0000000000
86925  56.864  -1.072  -16.953 0.0000000000
86936  55.688  -1.585  -17.560 0.0000000000
87675  56.059  -0.399  -16.770 0.0000000000
87676  54.911  -0.553  -17.211 0.0000000000
88365  56.312  0.406  -16.491 0.0000000000
88354  59.769  1.225  -15.178 0.0000000000
87663  59.414  0.347  -15.685 0.0000000000
89021  58.862  2.360  -15.205 0.0000000000
90481  56.823  3.490  -15.003 0.0000000000
89755  57.628  3.048  -15.415 0.0000000000
89756  56.393  2.931  -15.382 0.0000000000
89739  55.609  3.097  -14.947 0.0000000000
90463  55.091  3.327  -14.274 0.0000000000
91215  55.227  4.472  -11.894 0.0000000000
91236  54.477  4.175  -12.249 0.0000000000
91199  53.571  4.485  -10.965 0.0000000000
91200  52.666  4.422  -11.088 0.0000000000
91187  52.845  4.352  -10.079 0.0000000000
91168  59.834  4.769  -8.925 0.0000000000
91180  59.655  4.449  -9.244 0.0000000000
91170  58.776  4.866  -8.412 0.0000000000
91182  58.192  5.006  -9.153 0.0000000000
91195  58.061  5.357  -10.352 0.0000000000
88936  54.958  1.545  -5.246 0.0000000000
90351  55.377  2.975  -5.817 0.0000000000
89634  54.653  2.155  -5.417 0.0000000000
89055  53.270  1.561  -17.912 0.0000000000
89067  53.594  0.964  -18.576 0.0000000000
88389  52.979  0.473  -18.968 0.0000000000
86960  52.937  -0.662  -19.392 0.0000000000
90536  57.544  4.118  -20.025 0.0000000000
90523  56.968  3.342  -17.703 0.0000000000
91296  56.120  3.549  -17.574 0.0000000000
91297  55.420  4.011  -17.460 0.0000000000
90513  56.354  2.895  -17.415 0.0000000000
92848  56.590  6.743  -4.058 0.0000000000
91970  57.336  5.433  -3.109 0.0000000000
91123  56.882  4.859  -2.964 0.0000000000
90295  57.164  3.009  -0.493 0.0000000000
90569  61.541  3.944  -22.905 0.0000000000
90554  61.238  4.044  -21.817 0.0000000000
90555  61.123  4.480  -21.564 0.0000000000
92135  60.928  5.340  -21.489 0.0000000000
95259  57.192  9.091  -15.781 0.0000000000
94514  58.369  8.878  -15.681 0.0000000000
95245  57.875  9.641  -15.620 0.0000000000
95951  58.435  10.694  -14.557 0.0000000000
93055  59.149  6.671  -25.918 0.0000000000
93071  58.789  5.767  -26.162 0.0000000000
93054  59.762  6.314  -26.137 0.0000000000
92200  60.262  5.096  -26.486 0.0000000000
91388  60.572  4.254  -25.915 0.0000000000
91359  61.206  4.126  -24.169 0.0000000000
90582  61.524  3.915  -23.729 0.0000000000
88990  61.270  1.248  -12.386 0.0000000000
88328  60.925  0.756  -12.314 0.0000000000
88984  60.973  1.902  -12.038 0.0000000000
89673  60.473  2.475  -10.795 0.0000000000
90387  59.968  3.183  -10.421 0.0000000000
89011  52.220  2.202  -14.813 0.0000000000
89724  52.130  2.906  -13.991 0.0000000000
89742  52.520  2.665  -14.551 0.0000000000
90465  53.182  3.309  -14.248 0.0000000000
90447  53.608  3.432  -13.477 0.0000000000
88434  56.772  0.601  -23.642 0.0000000000
88435  55.934  0.433  -23.353 0.0000000000
90500  50.424  3.202  -16.551 0.0000000000
96114  59.037  10.849  -24.655 0.0000000000
96099  59.311  10.853  -23.982 0.0000000000
96875  58.839  11.672  -24.150 0.0000000000
97639  58.453  12.713  -22.850 0.0000000000
95351  54.173  9.406  -23.597 0.0000000000
94611  57.119  9.015  -23.320 0.0000000000
94610  57.869  9.296  -23.768 0.0000000000
95365  57.683  9.980  -24.222 0.0000000000
96911  58.014  10.941  -25.582 0.0000000000
93653  60.468  6.926  -7.639 0.0000000000
92869  60.023  6.379  -7.251 0.0000000000
93639  60.088  6.612  -7.208 0.0000000000
89586  58.841  2.882  -2.603 0.0000000000
90315  58.773  3.143  -3.152 0.0000000000
89585  59.194  2.490  -3.120 0.0000000000
88901  59.489  1.750  -3.712 0.0000000000
88262  59.772  0.811  -4.854 0.0000000000
125095  59.219  1.524  -19.447 0.0000000000
88384  59.748  0.839  -19.486 0.0000000000
87696  60.158  0.503  -18.907 0.0000000000
87695  60.678  0.276  -18.201 0.0000000000
89794  61.770  3.005  -18.488 0.0000000000
89061  61.610  2.150  -17.526 0.0000000000
89049  61.459  1.529  -16.773 0.0000000000
89035  61.541  1.500  -16.036 0.0000000000
89019  61.595  1.442  -15.300 0.0000000000
89034  61.757  2.096  -15.548 0.0000000000
89753  61.971  2.709  -14.921 0.0000000000
93818  60.262  7.897  -20.660 0.0000000000
93753  60.868  6.522  -15.191 0.0000000000
92938  60.889  6.289  -14.829 0.0000000000
92939  60.626  6.794  -14.147 0.0000000000
92936  60.550  6.796  -13.441 0.0000000000
92934  60.519  6.690  -12.556 0.0000000000
92932  60.546  6.522  -11.557 0.0000000000
93710  60.377  7.376  -11.697 0.0000000000
94444  60.094  7.952  -10.645 0.0000000000
93712  58.694  7.801  -11.305 0.0000000000
93692  58.767  7.884  -10.624 0.0000000000
93693  57.838  7.860  -10.103 0.0000000000
94439  57.955  8.063  -9.502 0.0000000000
93902  52.240  7.575  -29.914 0.0000000000
93094  51.317  6.303  -29.648 0.0000000000
91422  50.693  4.502  -28.850 0.0000000000
91414  50.661  4.729  -28.402 0.0000000000
93872  51.329  7.579  -25.545 0.0000000000
93879  51.246  6.984  -26.016 0.0000000000
92191  52.613  5.674  -25.374 0.0000000000
90616  58.005  3.534  -25.900 0.0000000000
90617  57.094  3.344  -26.207 0.0000000000
89876  56.727  2.459  -26.217 0.0000000000
88466  56.839  0.782  -25.653 0.0000000000
87765  57.392  -0.052  -25.549 0.0000000000
87010  57.217  -0.874  -25.628 0.0000000000
87009  57.911  -0.953  -25.904 0.0000000000
86999  58.727  -0.341  -24.614 0.0000000000
88425  60.021  1.893  -22.739 0.0000000000
89814  60.279  3.648  -21.640 0.0000000000
85307  58.199  -2.670  -18.262 0.0000000000
86187  56.639  -2.122  -18.316 0.0000000000
86174  57.770  -2.416  -17.674 0.0000000000
86924  57.726  -1.228  -16.520 0.0000000000
87673  57.894  -0.589  -16.198 0.0000000000
89720  59.382  3.231  -13.680 0.0000000000
90460  58.047  4.021  -14.363 0.0000000000
91265  57.386  4.314  -13.973 0.0000000000
90443  56.685  4.171  -13.756 0.0000000000
90444  56.286  3.919  -13.413 0.0000000000
90426  56.086  3.991  -12.524 0.0000000000
91198  54.497  4.753  -10.897 0.0000000000
91161  58.526  5.078  -7.415 0.0000000000
92024  57.890  5.336  -6.971 0.0000000000
91162  57.702  5.228  -7.433 0.0000000000
91163  56.562  4.630  -7.301 0.0000000000
89056  52.258  1.251  -17.567 0.0000000000
89039  54.193  1.284  -16.357 0.0000000000
90557  57.634  3.135  -22.729 0.0000000000
89817  57.083  3.295  -21.949 0.0000000000
89805  56.599  3.475  -21.388 0.0000000000
91298  54.473  4.227  -17.258 0.0000000000
96103  53.760  10.092  -23.609 0.0000000000
96087  54.145  10.347  -23.226 0.0000000000
94398  58.600  7.943  -5.610 0.0000000000
93611  58.967  7.272  -4.520 0.0000000000
93591  58.525  6.760  -3.787 0.0000000000
92825  58.274  5.935  -3.283 0.0000000000
91947  58.208  5.276  -2.771 0.0000000000
91948  57.781  5.293  -2.619 0.0000000000
91105  57.854  4.385  -2.512 0.0000000000
89580  58.537  2.661  -1.912 0.0000000000
88878  59.173  1.372  -1.735 0.0000000000
89082  60.800  2.402  -20.066 0.0000000000
88395  60.688  1.591  -19.226 0.0000000000
89801  61.574  3.153  -19.752 0.0000000000
94552  59.025  7.703  -18.427 0.0000000000
94551  59.531  7.827  -18.215 0.0000000000
94538  59.147  7.911  -17.288 0.0000000000
94523  59.392  8.212  -16.125 0.0000000000
95258  58.850  8.797  -15.683 0.0000000000
95257  59.094  8.744  -15.676 0.0000000000
94512  59.830  8.524  -15.510 0.0000000000
125461  61.155  9.547  -14.168 0.0000000000
95197  61.003  9.047  -13.045 0.0000000000
97539  61.714  10.412  -13.953 0.0000000000
125457  60.316  9.401  -13.526 0.0000000000
95216  59.102  9.446  -13.595 0.0000000000
94458  58.888  8.398  -12.082 0.0000000000
93730  58.392  7.872  -11.946 0.0000000000
93731  57.694  7.632  -12.300 0.0000000000
93714  56.703  7.290  -11.294 0.0000000000
93043  55.940  6.346  -24.283 0.0000000000
93057  56.799  5.860  -25.169 0.0000000000
92186  57.174  5.440  -25.200 0.0000000000
91374  57.729  4.488  -25.121 0.0000000000
92185  58.690  5.396  -25.413 0.0000000000
91373  58.656  4.653  -25.197 0.0000000000
90599  57.917  3.873  -25.400 0.0000000000
89855  58.478  3.424  -25.155 0.0000000000
89866  58.669  2.803  -24.891 0.0000000000
89131  59.108  1.918  -25.274 0.0000000000
88456  59.386  1.664  -24.567 0.0000000000
88455  59.366  1.972  -24.193 0.0000000000
89112  60.722  2.311  -23.589 0.0000000000
89853  60.731  2.776  -24.294 0.0000000000
86906  60.592  -0.396  -14.982 0.0000000000
87655  60.352  0.176  -15.017 0.0000000000
88345  60.364  0.924  -14.399 0.0000000000
89009  60.100  1.837  -14.108 0.0000000000
88992  60.388  2.031  -12.666 0.0000000000
88999  60.246  1.901  -13.339 0.0000000000
89000  59.717  2.410  -13.530 0.0000000000
90425  59.225  3.816  -12.900 0.0000000000
88925  56.893  1.673  -4.976 0.0000000000
89632  56.250  2.766  -5.207 0.0000000000
88934  56.535  1.196  -5.312 0.0000000000
89029  50.630  1.544  -15.821 0.0000000000
89710  50.438  2.592  -12.425 0.0000000000
90449  51.939  3.186  -13.383 0.0000000000
89709  51.018  3.092  -12.202 0.0000000000
88436  55.144  0.005  -23.058 0.0000000000
87739  54.802  0.000  -22.726 0.0000000000
89818  56.071  3.420  -22.087 0.0000000000
93027  60.136  6.867  -24.248 0.0000000000
93018  60.169  6.894  -22.975 0.0000000000
93835  60.369  7.868  -22.850 0.0000000000
94600  60.383  8.672  -22.478 0.0000000000
96082  59.588  10.036  -23.432 0.0000000000
95332  59.924  9.215  -22.103 0.0000000000
95320  59.747  9.024  -21.404 0.0000000000
95307  59.288  8.949  -21.041 0.0000000000
94565  58.101  7.795  -19.875 0.0000000000
93782  57.883  7.318  -18.367 0.0000000000
93783  57.211  7.338  -18.122 0.0000000000
94540  57.195  7.980  -17.176 0.0000000000
94652  50.319  8.388  -26.670 0.0000000000
94643  50.417  8.524  -25.917 0.0000000000
93871  51.891  7.251  -24.966 0.0000000000
93046  52.787  7.069  -24.619 0.0000000000
93044  54.902  6.489  -24.239 0.0000000000
94614  54.236  8.508  -23.633 0.0000000000
93031  54.027  7.374  -24.104 0.0000000000
94625  58.345  8.747  -24.283 0.0000000000
94641  58.792  8.186  -24.928 0.0000000000
93869  59.076  7.648  -25.518 0.0000000000
93856  59.440  7.688  -25.166 0.0000000000
93855  59.897  7.693  -24.672 0.0000000000
91178  60.755  3.911  -10.041 0.0000000000
92038  60.629  5.032  -9.392 0.0000000000
92039  60.341  4.953  -9.065 0.0000000000
92034  59.498  5.332  -8.184 0.0000000000
92886  59.905  6.037  -7.337 0.0000000000
92022  59.634  5.658  -7.511 0.0000000000
91153  58.411  5.205  -6.572 0.0000000000
91148  57.019  4.943  -5.334 0.0000000000
91143  56.509  3.887  -4.724 0.0000000000
93610  59.159  6.512  -4.490 0.0000000000
92847  59.000  5.792  -4.368 0.0000000000
91989  58.053  5.380  -4.019 0.0000000000
91120  57.846  4.492  -3.662 0.0000000000
90329  57.300  3.689  -4.215 0.0000000000
90346  57.095  3.381  -4.940 0.0000000000
89621  57.263  2.362  -4.884 0.0000000000
88386  56.259  0.751  -19.597 0.0000000000
88385  56.950  0.400  -19.176 0.0000000000
125094  57.136  -0.344  -19.129 0.0000000000
86197  57.781  -1.893  -19.407 0.0000000000
86196  58.635  -1.437  -18.840 0.0000000000
86185  58.358  -2.362  -18.910 0.0000000000
85305  59.433  -3.067  -17.408 0.0000000000
86151  59.600  -1.725  -16.798 0.0000000000
86914  59.891  -0.634  -16.311 0.0000000000
87702  60.740  1.073  -18.637 0.0000000000
86946  61.474  -0.252  -17.550 0.0000000000
86945  61.721  -0.621  -17.767 0.0000000000
86170  61.283  -0.386  -17.295 0.0000000000
86905  61.080  -0.614  -14.491 0.0000000000
86897  61.161  -0.490  -13.622 0.0000000000
86890  61.418  -0.223  -12.991 0.0000000000
88343  61.599  0.920  -14.445 0.0000000000
88338  61.639  0.903  -13.662 0.0000000000
88332  61.547  0.841  -12.795 0.0000000000
88989  61.444  1.862  -12.361 0.0000000000
90403  62.056  2.851  -11.542 0.0000000000
91209  61.918  3.577  -11.349 0.0000000000
92136  60.644  5.849  -21.887 0.0000000000
93007  60.606  5.891  -21.167 0.0000000000
93006  60.918  5.571  -20.950 0.0000000000
92998  60.676  5.638  -20.315 0.0000000000
92126  61.170  5.219  -20.055 0.0000000000
92118  61.598  5.258  -19.282 0.0000000000
92109  62.089  5.322  -18.433 0.0000000000
92100  62.255  5.274  -17.463 0.0000000000
92973  60.609  6.720  -17.553 0.0000000000
93771  60.302  7.277  -16.463 0.0000000000
92972  61.306  6.298  -17.587 0.0000000000
91279  62.190  4.413  -16.282 0.0000000000
91273  62.120  4.302  -15.324 0.0000000000
91263  61.747  4.147  -14.368 0.0000000000
92066  61.096  5.525  -14.448 0.0000000000
91264  61.278  4.810  -14.079 0.0000000000
91249  61.665  3.792  -13.644 0.0000000000
90423  61.707  3.642  -12.500 0.0000000000
91229  61.806  3.807  -11.898 0.0000000000
91210  61.535  4.334  -11.261 0.0000000000
93674  60.680  6.631  -9.249 0.0000000000
92924  60.606  6.284  -10.692 0.0000000000
93689  60.579  6.682  -9.917 0.0000000000
93664  60.647  7.202  -8.477 0.0000000000
94406  59.263  7.719  -6.572 0.0000000000
94427  59.465  8.305  -8.493 0.0000000000
94386  57.938  8.111  -4.834 0.0000000000
93629  57.319  7.845  -4.977 0.0000000000
93613  56.743  7.284  -4.602 0.0000000000
89154  52.344  1.146  -27.747 0.0000000000
88481  53.379  0.222  -27.274 0.0000000000
92204  50.488  5.965  -27.119 0.0000000000
92210  51.068  4.980  -27.092 0.0000000000
92189  55.035  5.250  -24.946 0.0000000000
91395  52.801  4.054  -26.061 0.0000000000
91396  51.655  4.420  -26.539 0.0000000000
89879  53.322  2.385  -26.539 0.0000000000
89143  54.181  1.375  -26.763 0.0000000000
89152  54.213  0.833  -27.046 0.0000000000
88480  54.480  0.331  -27.135 0.0000000000
87768  54.777  -0.826  -26.043 0.0000000000
86989  57.030  -1.263  -24.773 0.0000000000
86232  57.035  -2.093  -25.192 0.0000000000
86224  56.944  -1.976  -24.714 0.0000000000
87745  56.975  -0.201  -24.779 0.0000000000
87738  57.438  0.171  -24.125 0.0000000000
125097  57.775  1.397  -23.065 0.0000000000
88445  59.521  0.795  -24.530 0.0000000000
87735  59.532  0.971  -24.044 0.0000000000
87736  59.386  0.640  -23.891 0.0000000000
86980  59.025  0.913  -23.571 0.0000000000
125102  58.410  2.511  -23.595 0.0000000000
90546  58.070  3.485  -22.065 0.0000000000
89803  58.214  3.919  -19.452 0.0000000000
88408  55.393  -0.116  -20.443 0.0000000000
86958  54.160  -1.291  -19.693 0.0000000000
86939  53.450  -1.544  -18.655 0.0000000000
86188  55.713  -2.097  -18.078 0.0000000000
86937  55.036  -1.639  -17.805 0.0000000000
87687  54.199  -1.182  -17.534 0.0000000000
87677  53.661  -0.352  -17.285 0.0000000000
89038  54.874  1.368  -16.222 0.0000000000
87664  58.471  -0.059  -15.936 0.0000000000
88356  57.796  0.761  -16.124 0.0000000000
89022  57.583  1.936  -15.910 0.0000000000
89036  57.086  1.218  -16.314 0.0000000000
88357  55.819  1.103  -16.238 0.0000000000
89024  55.251  1.666  -15.801 0.0000000000
89758  54.566  2.359  -15.310 0.0000000000
89740  54.802  2.941  -14.825 0.0000000000
90464  54.185  3.393  -14.259 0.0000000000
89721  55.127  3.255  -12.840 0.0000000000
89708  54.423  3.347  -12.709 0.0000000000
90409  53.313  4.063  -12.358 0.0000000000
90369  60.376  3.554  -9.958 0.0000000000
90370  59.837  3.840  -9.631 0.0000000000
90388  59.406  3.896  -9.910 0.0000000000
91181  59.154  4.667  -9.385 0.0000000000
91194  58.952  4.539  -10.329 0.0000000000
92046  58.378  5.372  -10.072 0.0000000000
91196  56.702  4.907  -10.637 0.0000000000
89633  55.406  2.669  -5.298 0.0000000000
90353  55.919  3.970  -6.739 0.0000000000
90358  55.917  4.204  -7.315 0.0000000000
89638  54.458  2.297  -6.341 0.0000000000
90359  55.251  3.994  -7.541 0.0000000000
91164  55.937  4.286  -7.643 0.0000000000
91173  56.036  4.387  -8.380 0.0000000000
91185  54.693  4.631  -9.645 0.0000000000
90278  56.853  3.060  0.161 0.0000000000
89571  57.610  2.441  -0.437 0.0000000000
88851  58.501  1.073  -0.188 0.0000000000
89553  58.694  1.463  -0.256 0.0000000000
85298  59.961  -2.872  -16.759 0.0000000000
85300  58.881  -3.296  -16.959 0.0000000000
85304  60.009  -3.057  -17.056 0.0000000000
85306  58.637  -3.059  -17.722 0.0000000000
85313  59.148  -3.012  -18.108 0.0000000000
85314  58.619  -2.751  -18.405 0.0000000000
85315  58.232  -2.530  -18.605 0.0000000000
86159  61.125  -0.511  -16.833 0.0000000000
86160  60.080  -2.395  -16.909 0.0000000000
86161  59.622  -2.382  -16.710 0.0000000000
86162  58.662  -2.155  -16.735 0.0000000000
86163  57.296  -1.862  -16.937 0.0000000000
86164  56.675  -1.508  -17.197 0.0000000000
86169  61.720  -0.811  -17.576 0.0000000000
86171  59.840  -2.619  -17.340 0.0000000000
86172  59.453  -2.585  -17.898 0.0000000000
86173  58.511  -2.816  -17.237 0.0000000000
86176  55.707  -1.848  -17.736 0.0000000000
86182  62.052  -1.030  -17.901 0.0000000000
86183  61.704  -0.964  -17.824 0.0000000000
86184  59.017  -2.461  -18.556 0.0000000000
86217  57.904  -1.307  -23.909 0.0000000000
86222  58.177  -1.951  -24.589 0.0000000000
86223  57.538  -2.137  -24.250 0.0000000000
86231  57.908  -2.295  -25.155 0.0000000000
86239  58.127  -1.701  -25.520 0.0000000000
86240  57.533  -1.912  -25.918 0.0000000000
86241  56.979  -1.426  -25.564 0.0000000000
86891  61.252  -0.392  -13.065 0.0000000000
86896  61.362  -0.266  -13.289 0.0000000000
86904  61.340  -0.285  -14.034 0.0000000000
86923  59.852  -1.679  -17.553 0.0000000000
86926  55.989  -1.204  -17.225 0.0000000000
86927  55.284  -1.260  -17.445 0.0000000000
86932  61.339  -0.360  -17.140 0.0000000000
86933  60.979  -0.370  -17.634 0.0000000000
86935  59.783  -2.071  -17.802 0.0000000000
86938  54.042  -1.747  -18.189 0.0000000000
86949  54.071  -2.115  -19.113 0.0000000000
86950  53.266  -1.383  -19.163 0.0000000000
86951  52.881  -0.891  -19.263 0.0000000000
86957  55.141  -1.456  -19.371 0.0000000000
86959  53.380  -0.867  -19.383 0.0000000000
86964  54.805  -1.311  -19.998 0.0000000000
86965  54.599  -1.117  -20.078 0.0000000000
87000  58.368  -0.896  -25.207 0.0000000000
87001  56.679  -0.960  -25.194 0.0000000000
87500  59.224  -0.285  0.183 0.0000000000
87501  59.054  -0.364  0.333 0.0000000000
87506  58.816  -0.518  -0.234 0.0000000000
87639  61.328  0.286  -12.377 0.0000000000
87641  60.779  0.046  -12.479 0.0000000000
87644  61.431  -0.018  -12.746 0.0000000000
87645  61.050  -0.343  -12.709 0.0000000000
87646  60.636  -0.170  -13.138 0.0000000000
87649  61.506  0.184  -13.470 0.0000000000
87650  60.483  -0.001  -14.082 0.0000000000
87656  59.923  0.001  -15.603 0.0000000000
87661  61.542  0.563  -15.347 0.0000000000
87665  57.622  -0.003  -16.047 0.0000000000
87671  59.749  -1.100  -17.847 0.0000000000
87672  59.804  -1.607  -17.869 0.0000000000
87682  61.347  0.143  -17.483 0.0000000000
87688  53.080  -0.733  -18.008 0.0000000000
87689  52.088  -0.306  -18.247 0.0000000000
87690  51.817  -0.039  -18.437 0.0000000000
87697  53.081  -1.157  -18.698 0.0000000000
87699  51.952  -0.301  -18.748 0.0000000000
87703  60.626  0.861  -18.718 0.0000000000
87705  55.621  -0.881  -19.935 0.0000000000
87707  54.002  -0.524  -19.489 0.0000000000
87708  53.093  -0.389  -19.492 0.0000000000
87709  52.536  -0.479  -19.316 0.0000000000
87710  52.191  -0.445  -19.066 0.0000000000
87713  55.450  -0.606  -20.337 0.0000000000
87714  55.000  -0.902  -20.409 0.0000000000
87715  54.432  -0.853  -20.054 0.0000000000
87719  55.528  -0.058  -21.955 0.0000000000
87720  55.025  -0.017  -21.846 0.0000000000
87728  55.446  -0.051  -22.267 0.0000000000
87729  55.081  -0.111  -22.330 0.0000000000
87730  54.809  0.131  -22.237 0.0000000000
87740  54.768  0.069  -22.489 0.0000000000
87743  59.513  0.809  -24.313 0.0000000000
87755  58.133  -0.035  -25.522 0.0000000000
87779  55.566  -0.085  -26.535 0.0000000000
88179  59.199  -0.017  0.264 0.0000000000
88218  59.762  0.905  -2.254 0.0000000000
88326  61.376  0.492  -12.496 0.0000000000
88327  61.168  0.885  -12.307 0.0000000000
88333  61.348  0.796  -12.482 0.0000000000
88344  61.564  0.915  -15.075 0.0000000000
88346  60.044  1.512  -14.617 0.0000000000
88351  61.511  0.534  -16.230 0.0000000000
88353  60.243  0.728  -15.024 0.0000000000
88358  55.306  1.232  -16.268 0.0000000000
88362  61.431  0.655  -16.691 0.0000000000
88364  57.106  0.497  -16.370 0.0000000000
88373  61.339  1.030  -16.935 0.0000000000
88375  57.338  0.399  -19.020 0.0000000000
88376  52.735  -0.102  -17.463 0.0000000000
88378  51.753  0.257  -18.146 0.0000000000
88382  61.269  1.052  -17.289 0.0000000000
88387  55.756  0.960  -19.865 0.0000000000
88388  53.938  0.347  -19.030 0.0000000000
88390  52.196  0.480  -18.897 0.0000000000
88396  60.404  1.313  -19.336 0.0000000000
88398  55.770  0.518  -20.167 0.0000000000
88400  53.430  0.027  -19.391 0.0000000000
88401  52.610  0.081  -19.403 0.0000000000
88402  52.004  -0.075  -19.191 0.0000000000
88407  55.717  -0.461  -20.240 0.0000000000
88409  54.582  -0.310  -20.196 0.0000000000
88416  55.989  0.447  -21.805 0.0000000000
88417  55.369  0.344  -21.759 0.0000000000
88418  54.983  0.414  -21.891 0.0000000000
88427  55.347  -0.016  -22.548 0.0000000000
88428  54.724  0.557  -22.340 0.0000000000
88443  59.730  1.784  -24.225 0.0000000000
88446  56.901  0.338  -24.323 0.0000000000
88469  54.504  0.825  -27.011 0.0000000000
88478  55.724  0.100  -26.415 0.0000000000
88850  59.081  0.759  0.191 0.0000000000
88864  59.197  1.141  -0.623 0.0000000000
88865  58.721  1.580  -1.116 0.0000000000
88921  60.003  1.322  -4.324 0.0000000000
88926  56.158  1.703  -4.950 0.0000000000
88933  57.161  1.093  -5.177 0.0000000000
88939  55.139  1.043  -5.825 0.0000000000
88977  61.241  1.971  -11.362 0.0000000000
88978  61.134  1.862  -11.283 0.0000000000
88982  61.263  2.182  -12.005 0.0000000000
88983  61.070  2.005  -11.833 0.0000000000
88991  60.769  1.540  -12.346 0.0000000000
88993  59.887  2.325  -12.901 0.0000000000
88998  60.408  1.263  -12.996 0.0000000000
89001  51.420  2.252  -14.040 0.0000000000
89007  61.661  1.373  -14.681 0.0000000000
89020  59.627  1.863  -14.649 0.0000000000
89037  56.525  0.988  -16.318 0.0000000000
89051  57.572  0.416  -18.921 0.0000000000
89052  56.862  1.884  -18.075 0.0000000000
89069  51.833  0.757  -18.302 0.0000000000
89076  55.281  0.851  -20.046 0.0000000000
89084  55.324  0.467  -20.350 0.0000000000
89085  54.809  0.397  -20.265 0.0000000000
89094  56.022  1.067  -21.828 0.0000000000
89095  55.514  0.862  -21.787 0.0000000000
89096  55.212  0.631  -21.814 0.0000000000
89107  55.034  1.092  -22.196 0.0000000000
89130  58.942  2.195  -24.273 0.0000000000
89554  57.920  1.839  -0.334 0.0000000000
89579  59.035  2.187  -2.300 0.0000000000
89599  58.852  2.405  -3.676 0.0000000000
89622  56.548  2.268  -4.940 0.0000000000
89623  55.796  2.257  -4.842 0.0000000000
89624  55.035  2.138  -4.756 0.0000000000
89631  56.849  2.710  -5.296 0.0000000000
89637  54.905  2.712  -5.798 0.0000000000
89671  61.403  2.202  -11.171 0.0000000000
89687  61.547  2.331  -11.660 0.0000000000
89688  61.369  2.164  -11.521 0.0000000000
89703  60.536  2.257  -12.000 0.0000000000
89706  55.119  3.414  -12.657 0.0000000000
89707  54.874  3.363  -12.643 0.0000000000
89722  54.768  3.087  -12.999 0.0000000000
89723  54.204  3.205  -13.056 0.0000000000
89737  59.035  3.418  -14.548 0.0000000000
89738  55.994  3.221  -15.020 0.0000000000
89743  51.885  2.478  -14.235 0.0000000000
89769  53.780  2.492  -17.043 0.0000000000
89778  62.190  2.834  -16.769 0.0000000000
89779  56.991  2.653  -17.467 0.0000000000
89780  56.698  2.377  -17.675 0.0000000000
89789  57.221  2.732  -17.522 0.0000000000
89829  61.328  2.880  -22.657 0.0000000000
89830  57.827  2.984  -23.452 0.0000000000
89854  58.576  3.398  -24.932 0.0000000000
89867  58.494  3.221  -25.210 0.0000000000
89873  58.807  2.394  -25.443 0.0000000000
89889  52.147  1.899  -27.513 0.0000000000
90317  57.895  3.675  -1.916 0.0000000000
90345  57.577  2.787  -4.512 0.0000000000
90347  56.504  3.733  -5.095 0.0000000000
90384  61.755  2.605  -11.083 0.0000000000
90385  61.327  2.953  -10.441 0.0000000000
90404  59.702  3.236  -11.304 0.0000000000
90405  56.086  4.131  -12.238 0.0000000000
90406  55.815  4.126  -12.247 0.0000000000
90407  54.209  4.142  -12.249 0.0000000000
90428  54.451  3.869  -12.402 0.0000000000
90429  53.800  3.575  -12.659 0.0000000000
90441  61.575  3.879  -12.980 0.0000000000
90445  55.336  3.396  -13.444 0.0000000000
90461  56.955  4.066  -14.233 0.0000000000
90466  52.689  3.143  -14.206 0.0000000000
90480  57.566  3.597  -14.820 0.0000000000
90482  56.393  3.344  -15.047 0.0000000000
90522  56.911  2.908  -17.402 0.0000000000
90528  57.017  4.142  -19.256 0.0000000000
90534  61.290  4.351  -20.622 0.0000000000
90544  61.172  4.393  -21.162 0.0000000000
90570  61.573  3.501  -23.468 0.0000000000
90584  58.716  3.630  -24.902 0.0000000000
90585  58.507  3.613  -25.035 0.0000000000
90598  58.342  3.748  -25.202 0.0000000000
90612  60.339  3.912  -25.992 0.0000000000
90613  59.977  3.779  -26.051 0.0000000000
90615  58.346  3.308  -25.523 0.0000000000
90631  59.832  4.036  -26.306 0.0000000000
90632  59.760  3.995  -26.085 0.0000000000
91091  56.496  4.137  -1.957 0.0000000000
91122  57.217  4.916  -2.857 0.0000000000
91140  58.444  5.292  -5.164 0.0000000000
91169  59.417  4.979  -8.702 0.0000000000
91216  54.264  4.364  -11.936 0.0000000000
91217  53.383  4.323  -11.791 0.0000000000
91234  56.570  4.193  -12.896 0.0000000000
91235  54.750  4.171  -12.267 0.0000000000
91238  51.968  4.009  -12.559 0.0000000000
91253  56.576  4.158  -13.285 0.0000000000
91266  57.083  4.302  -13.951 0.0000000000
91322  56.836  4.407  -19.340 0.0000000000
91330  61.223  4.858  -21.222 0.0000000000
91338  61.241  4.301  -22.418 0.0000000000
91339  60.959  4.666  -22.030 0.0000000000
91358  61.231  4.379  -23.601 0.0000000000
91360  58.541  5.156  -25.042 0.0000000000
91370  60.929  4.431  -24.198 0.0000000000
91371  60.800  4.311  -24.928 0.0000000000
91389  60.236  4.233  -26.428 0.0000000000
91391  58.921  4.822  -25.519 0.0000000000
91392  57.701  3.916  -25.500 0.0000000000
91404  59.888  4.202  -26.488 0.0000000000
91405  59.689  4.240  -26.127 0.0000000000
91949  57.421  5.017  -2.760 0.0000000000
91988  58.483  5.434  -4.528 0.0000000000
92009  58.416  5.225  -6.971 0.0000000000
92010  58.136  5.306  -6.805 0.0000000000
92023  58.191  5.276  -7.134 0.0000000000
92033  60.054  5.404  -8.574 0.0000000000
92040  58.749  4.989  -9.702 0.0000000000
92045  58.609  5.193  -10.071 0.0000000000
92134  61.142  5.319  -20.787 0.0000000000
92159  60.920  4.659  -23.357 0.0000000000
92182  60.778  4.792  -24.489 0.0000000000
92187  56.601  5.476  -25.221 0.0000000000
92199  60.673  4.716  -25.738 0.0000000000
92202  58.867  5.052  -25.789 0.0000000000
92203  50.974  5.525  -26.605 0.0000000000
92209  59.743  4.650  -26.381 0.0000000000
92216  50.504  5.374  -28.438 0.0000000000
92224  50.571  4.995  -29.058 0.0000000000
92807  58.126  5.669  -2.778 0.0000000000
92827  57.052  6.346  -3.638 0.0000000000
92885  60.144  6.173  -7.793 0.0000000000
92898  60.469  5.934  -8.563 0.0000000000
92899  60.255  5.871  -8.309 0.0000000000
92949  60.869  6.428  -16.047 0.0000000000
93009  59.766  6.967  -22.081 0.0000000000
93030  54.415  7.125  -23.822 0.0000000000
93040  59.324  7.202  -25.546 0.0000000000
93047  52.210  7.156  -24.790 0.0000000000
93056  58.671  6.142  -25.392 0.0000000000
93058  56.311  5.926  -24.972 0.0000000000
93069  59.945  5.825  -26.317 0.0000000000
93070  59.508  5.872  -26.503 0.0000000000
93079  50.360  6.435  -27.624 0.0000000000
93592  57.775  7.223  -3.715 0.0000000000
93628  59.008  7.574  -5.195 0.0000000000
93652  60.491  6.468  -8.136 0.0000000000
93691  59.093  7.917  -10.757 0.0000000000
93711  59.168  7.881  -11.062 0.0000000000
93745  56.861  7.951  -13.282 0.0000000000
93795  57.603  7.478  -19.008 0.0000000000
93809  57.083  7.799  -19.276 0.0000000000
93810  56.681  7.771  -18.999 0.0000000000
93827  59.856  7.199  -21.908 0.0000000000
93836  60.004  7.265  -22.320 0.0000000000
93859  53.756  7.493  -24.169 0.0000000000
93903  51.438  7.235  -29.591 0.0000000000
94372  58.405  7.474  -4.085 0.0000000000
94385  58.489  7.760  -4.696 0.0000000000
94416  60.345  7.629  -7.793 0.0000000000
94447  58.049  8.076  -9.871 0.0000000000
94453  61.013  9.222  -12.958 0.0000000000
94454  61.213  9.051  -12.877 0.0000000000
94455  61.064  8.823  -12.942 0.0000000000
94468  61.031  9.020  -12.810 0.0000000000
94469  61.080  8.650  -12.608 0.0000000000
94473  58.599  8.485  -12.744 0.0000000000
94487  61.026  8.821  -13.037 0.0000000000
94488  60.958  8.632  -13.356 0.0000000000
94513  58.648  8.833  -15.683 0.0000000000
94553  58.373  7.457  -18.821 0.0000000000
94615  53.669  8.596  -23.875 0.0000000000
95199  59.999  9.126  -13.183 0.0000000000
95205  59.323  9.052  -13.277 0.0000000000
95206  58.771  9.036  -13.381 0.0000000000
95241  60.831  9.302  -14.318 0.0000000000
95306  59.619  8.945  -21.024 0.0000000000
95308  58.689  8.999  -21.516 0.0000000000
95333  59.332  9.676  -22.388 0.0000000000
95346  59.232  10.028  -22.771 0.0000000000
95347  57.732  9.740  -24.082 0.0000000000
95348  57.377  9.928  -23.824 0.0000000000
95352  53.874  8.980  -23.750 0.0000000000
95378  59.647  9.673  -24.845 0.0000000000
95379  59.268  9.509  -24.925 0.0000000000
95389  59.455  10.041  -25.157 0.0000000000
95390  59.239  10.025  -25.033 0.0000000000
95963  61.021  9.848  -14.550 0.0000000000
96025  59.468  9.046  -21.373 0.0000000000
96027  58.850  9.501  -21.877 0.0000000000
96045  59.382  9.167  -21.739 0.0000000000
96083  59.314  10.527  -23.159 0.0000000000
96098  59.757  10.164  -23.790 0.0000000000
96100  57.890  10.145  -24.638 0.0000000000
96101  57.626  10.478  -24.414 0.0000000000
96102  57.223  10.904  -24.141 0.0000000000
96104  53.371  10.159  -23.864 0.0000000000
96113  59.583  10.214  -24.590 0.0000000000
96115  58.011  10.155  -24.816 0.0000000000
96116  57.855  10.684  -25.133 0.0000000000
96127  59.105  10.378  -25.018 0.0000000000
96128  58.601  10.363  -25.075 0.0000000000
96129  58.013  10.512  -25.330 0.0000000000
96139  49.837  10.396  -27.549 0.0000000000
96718  61.578  10.433  -13.912 0.0000000000
96719  61.320  10.108  -14.012 0.0000000000
96734  61.269  9.902  -14.208 0.0000000000
96735  61.393  10.528  -14.039 0.0000000000
96752  60.994  10.256  -14.926 0.0000000000
96753  60.963  10.500  -14.691 0.0000000000
96754  60.890  10.714  -14.571 0.0000000000
96878  57.027  10.992  -23.903 0.0000000000
96894  58.621  11.286  -24.854 0.0000000000
96895  58.052  11.509  -25.169 0.0000000000
96909  58.958  10.903  -24.942 0.0000000000
96910  58.593  10.940  -25.279 0.0000000000
97533  61.492  10.269  -13.934 0.0000000000
97540  61.783  10.731  -14.124 0.0000000000
97541  61.700  10.473  -13.815 0.0000000000
97552  62.191  10.817  -14.523 0.0000000000
97553  61.320  11.227  -14.065 0.0000000000
97554  60.981  11.046  -14.482 0.0000000000
97569  61.520  11.068  -14.829 0.0000000000
97570  61.087  11.068  -14.790 0.0000000000
97571  60.952  11.026  -14.736 0.0000000000
97638  58.989  12.255  -22.940 0.0000000000
97651  58.962  12.434  -23.319 0.0000000000
97652  58.631  12.802  -22.943 0.0000000000
97653  57.621  12.503  -23.083 0.0000000000
97663  58.510  12.371  -23.952 0.0000000000
97664  58.108  12.069  -24.087 0.0000000000
97665  57.837  12.182  -23.631 0.0000000000
98413  62.071  11.115  -13.954 0.0000000000
98414  62.012  10.909  -14.048 0.0000000000
98420  62.014  11.319  -14.379 0.0000000000
98421  61.961  11.579  -13.745 0.0000000000
98427  61.673  11.279  -14.661 0.0000000000
98428  61.581  11.435  -14.365 0.0000000000
98463  58.384  13.692  -22.907 0.0000000000
98464  58.001  13.648  -22.637 0.0000000000
98465  57.549  13.744  -22.721 0.0000000000
98470  58.603  12.900  -23.539 0.0000000000
98471  58.568  12.951  -23.038 0.0000000000
98472  57.655  13.308  -22.885 0.0000000000
98473  57.669  13.719  -22.784 0.0000000000
98480  58.639  12.775  -23.749 0.0000000000
98481  58.413  13.022  -23.767 0.0000000000
98482  57.998  13.067  -23.903 0.0000000000
98483  57.972  13.685  -23.171 0.0000000000
99321  58.600  13.857  -23.017 0.0000000000
99322  58.058  14.270  -22.852 0.0000000000
99323  57.919  14.394  -22.994 0.0000000000
99328  58.416  14.073  -23.052 0.0000000000
99329  57.987  14.578  -22.850 0.0000000000
99330  57.818  13.802  -22.970 0.0000000000
99337  58.395  13.880  -23.601 0.0000000000
99338  58.286  13.880  -24.163 0.0000000000
100156  57.768  14.654  -23.020 0.0000000000
100157  57.946  14.538  -23.212 0.0000000000
100163  57.987  14.549  -23.102 0.0000000000
100164  57.952  14.651  -23.504 0.0000000000
100165  57.951  14.625  -23.898 0.0000000000
100173  58.000  14.592  -23.289 0.0000000000
100174  58.095  14.509  -24.063 0.0000000000
100175  58.222  14.096  -24.268 0.0000000000
125104  58.669  2.913  -23.418 0.0000000000
125105  58.355  3.112  -23.504 0.0000000000
125106  58.672  3.211  -22.966 0.0000000000
125107  58.787  2.962  -23.149 0.0000000000
125108  58.851  2.844  -23.265 0.0000000000
125110  58.970  3.040  -22.924 0.0000000000
125453  61.051  9.011  -13.294 0.0000000000
125454  60.437  9.252  -13.380 0.0000000000
125455  61.086  9.232  -13.649 0.0000000000
125456  61.071  9.470  -13.668 0.0000000000
125458  61.094  9.191  -14.123 0.0000000000
125459  61.147  9.379  -13.935 0.0000000000
125460  61.267  9.932  -13.789 0.0000000000
