#!ascii label  , from subject sub-NDARAG610XL4 vox2ras=TkReg
1101
89605  47.853  2.239  -3.565 0.0000000000
84299  51.183  -4.593  -7.745 0.0000000000
86125  58.294  -3.305  -11.199 0.0000000000
77988  51.748  -11.615  -17.497 0.0000000000
86023  45.098  -2.956  -3.584 0.0000000000
87547  60.275  -0.443  -3.233 0.0000000000
80004  52.120  -9.500  -14.524 0.0000000000
86093  48.599  -2.639  -9.019 0.0000000000
88241  56.104  0.651  -3.454 0.0000000000
87574  50.368  -1.039  -3.996 0.0000000000
81740  48.149  -7.105  -6.536 0.0000000000
87608  53.847  -0.204  -8.397 0.0000000000
84336  50.730  -5.392  -11.162 0.0000000000
83449  56.628  -4.420  -8.204 0.0000000000
82677  51.649  -6.104  -15.054 0.0000000000
88304  49.930  0.326  -8.299 0.0000000000
88196  51.103  0.769  -0.639 0.0000000000
88227  49.366  0.507  -1.888 0.0000000000
84271  46.308  -4.562  -5.716 0.0000000000
86823  58.098  -1.139  -7.713 0.0000000000
88292  55.006  0.732  -6.401 0.0000000000
86874  55.679  -1.846  -10.246 0.0000000000
86109  52.708  -2.832  -10.386 0.0000000000
84381  54.431  -4.535  -13.628 0.0000000000
85169  53.620  -2.871  -5.930 0.0000000000
86047  56.877  -2.070  -5.661 0.0000000000
83452  53.625  -4.817  -7.735 0.0000000000
79089  53.267  -10.495  -17.117 0.0000000000
81814  51.722  -7.909  -15.744 0.0000000000
80943  52.938  -8.151  -19.980 0.0000000000
82697  51.573  -6.165  -18.587 0.0000000000
80021  50.442  -10.291  -16.920 0.0000000000
79061  49.030  -10.156  -13.890 0.0000000000
88272  44.788  0.948  -4.431 0.0000000000
87521  46.879  -0.877  -1.313 0.0000000000
86828  61.266  -1.949  -8.366 0.0000000000
81758  49.780  -7.554  -8.837 0.0000000000
82590  49.787  -6.792  -10.191 0.0000000000
79980  52.704  -9.736  -11.913 0.0000000000
77973  55.655  -10.494  -15.720 0.0000000000
88853  56.508  1.790  0.630 0.0000000000
88870  53.557  1.453  -0.287 0.0000000000
88268  53.268  0.724  -4.493 0.0000000000
85172  51.046  -3.137  -5.961 0.0000000000
86020  47.876  -1.713  -3.564 0.0000000000
85174  48.955  -3.438  -6.100 0.0000000000
83443  49.587  -5.919  -7.037 0.0000000000
79942  50.091  -9.554  -7.671 0.0000000000
89611  41.820  2.532  -4.337 0.0000000000
89644  53.870  2.701  -7.761 0.0000000000
88947  52.361  1.389  -8.336 0.0000000000
86854  51.872  -1.272  -9.076 0.0000000000
85232  49.879  -4.253  -10.182 0.0000000000
84399  47.435  -4.808  -14.541 0.0000000000
87529  58.607  -0.269  -2.375 0.0000000000
86063  59.471  -2.817  -6.541 0.0000000000
84318  57.743  -4.563  -9.551 0.0000000000
82610  50.975  -6.059  -11.352 0.0000000000
82608  53.796  -5.471  -10.400 0.0000000000
82629  54.830  -5.281  -12.044 0.0000000000
124882  50.667  -5.919  -14.036 0.0000000000
84429  48.118  -4.505  -17.408 0.0000000000
88950  49.661  1.096  -8.363 0.0000000000
88961  51.013  1.747  -8.749 0.0000000000
89582  49.585  1.560  -1.660 0.0000000000
88893  48.955  1.181  -2.691 0.0000000000
86848  58.209  -1.590  -9.379 0.0000000000
86849  57.131  -1.372  -9.407 0.0000000000
86104  57.090  -2.489  -10.715 0.0000000000
85226  55.587  -2.922  -11.315 0.0000000000
85250  56.681  -3.531  -12.077 0.0000000000
84282  52.586  -3.962  -6.343 0.0000000000
84281  53.549  -3.836  -6.568 0.0000000000
84298  52.330  -4.554  -7.401 0.0000000000
77997  52.956  -10.536  -18.215 0.0000000000
80038  53.078  -9.597  -19.073 0.0000000000
79106  52.409  -10.017  -19.512 0.0000000000
80040  51.874  -9.627  -18.982 0.0000000000
79092  50.887  -10.762  -17.705 0.0000000000
77969  49.982  -11.752  -15.417 0.0000000000
76770  50.401  -12.234  -16.393 0.0000000000
86784  44.885  -0.631  -2.691 0.0000000000
86817  60.349  -0.673  -6.596 0.0000000000
86807  60.603  -1.035  -5.461 0.0000000000
79961  51.988  -9.883  -9.926 0.0000000000
79971  50.730  -9.101  -10.748 0.0000000000
79969  52.690  -10.000  -11.028 0.0000000000
124737  56.412  -10.341  -14.338 0.0000000000
124728  56.263  -10.763  -15.201 0.0000000000
124722  55.500  -11.362  -16.186 0.0000000000
87533  50.240  0.013  -2.513 0.0000000000
88210  51.947  0.361  -1.790 0.0000000000
88246  51.515  0.437  -3.986 0.0000000000
86814  51.719  -1.499  -5.530 0.0000000000
86034  50.834  -1.842  -5.074 0.0000000000
85981  46.543  -2.489  -1.236 0.0000000000
86001  47.415  -2.068  -2.174 0.0000000000
86782  46.651  -1.960  -3.771 0.0000000000
82552  47.140  -6.502  -5.927 0.0000000000
84270  47.198  -4.537  -6.271 0.0000000000
83434  48.318  -5.456  -6.744 0.0000000000
84285  49.304  -5.263  -6.509 0.0000000000
82558  49.077  -6.719  -7.051 0.0000000000
80844  49.677  -8.538  -7.805 0.0000000000
80833  49.336  -8.438  -6.864 0.0000000000
77863  51.383  -11.680  -7.488 0.0000000000
88299  54.071  0.264  -7.773 0.0000000000
90355  54.479  2.743  -6.824 0.0000000000
88944  53.705  1.404  -7.493 0.0000000000
89645  53.114  2.410  -8.117 0.0000000000
88301  52.659  0.449  -8.511 0.0000000000
88314  51.854  -0.052  -9.065 0.0000000000
87623  52.596  -0.497  -8.973 0.0000000000
85230  52.237  -3.558  -11.194 0.0000000000
85231  51.038  -3.722  -10.522 0.0000000000
84353  49.607  -5.427  -11.872 0.0000000000
84354  48.528  -5.045  -11.816 0.0000000000
84370  48.986  -5.497  -12.840 0.0000000000
88205  56.818  0.729  -1.574 0.0000000000
88190  57.919  0.992  -0.879 0.0000000000
87549  57.557  0.201  -3.490 0.0000000000
85199  56.563  -3.644  -7.688 0.0000000000
85167  58.411  -2.723  -6.358 0.0000000000
83439  57.428  -4.609  -7.940 0.0000000000
84306  58.826  -4.156  -8.047 0.0000000000
84309  56.711  -4.297  -9.046 0.0000000000
80888  50.940  -8.720  -12.788 0.0000000000
82588  50.941  -6.298  -10.206 0.0000000000
81800  50.590  -7.410  -13.361 0.0000000000
81824  51.736  -7.038  -16.483 0.0000000000
82630  51.764  -5.714  -13.068 0.0000000000
83487  52.470  -5.368  -11.694 0.0000000000
82607  54.186  -5.461  -11.062 0.0000000000
84351  52.661  -5.333  -11.822 0.0000000000
124866  52.185  -5.374  -12.115 0.0000000000
124880  51.510  -5.755  -16.049 0.0000000000
81836  50.028  -6.925  -17.634 0.0000000000
83579  50.012  -5.358  -17.946 0.0000000000
82679  49.099  -6.504  -17.039 0.0000000000
82681  48.070  -5.833  -16.346 0.0000000000
88202  59.553  0.430  -1.426 0.0000000000
87613  49.335  -0.524  -8.378 0.0000000000
86837  49.694  -1.223  -8.538 0.0000000000
90298  51.750  2.456  -0.266 0.0000000000
90300  50.489  2.506  -1.149 0.0000000000
88197  50.307  0.624  -1.040 0.0000000000
87534  49.260  -0.629  -2.645 0.0000000000
85160  45.147  -3.548  -4.962 0.0000000000
87593  56.373  -0.116  -6.632 0.0000000000
87606  55.638  -0.541  -8.091 0.0000000000
87621  54.366  -0.735  -9.064 0.0000000000
86852  53.940  -1.700  -9.770 0.0000000000
86876  54.246  -2.316  -10.369 0.0000000000
85253  53.839  -3.560  -11.560 0.0000000000
124871  52.594  -4.630  -12.358 0.0000000000
86799  54.709  -0.991  -4.746 0.0000000000
86797  56.646  -0.875  -4.760 0.0000000000
86049  55.164  -1.992  -5.678 0.0000000000
85201  55.051  -3.489  -7.288 0.0000000000
83451  54.535  -4.719  -8.108 0.0000000000
79080  52.566  -10.120  -16.278 0.0000000000
80911  51.860  -8.662  -15.536 0.0000000000
80029  52.543  -9.034  -17.285 0.0000000000
80926  52.413  -8.272  -17.722 0.0000000000
81834  52.699  -7.270  -17.930 0.0000000000
83576  53.356  -5.812  -18.185 0.0000000000
81843  51.958  -7.076  -18.774 0.0000000000
80928  51.012  -8.644  -17.797 0.0000000000
80921  49.899  -8.483  -16.612 0.0000000000
79060  49.749  -10.901  -13.522 0.0000000000
88909  45.914  1.586  -4.068 0.0000000000
88248  47.679  0.532  -3.112 0.0000000000
87555  45.925  -0.091  -3.009 0.0000000000
87522  46.062  -0.946  -1.737 0.0000000000
85982  45.418  -2.336  -1.510 0.0000000000
87590  58.897  -0.121  -6.176 0.0000000000
86830  59.655  -1.605  -8.340 0.0000000000
86870  59.719  -1.937  -9.995 0.0000000000
82563  50.163  -6.588  -8.443 0.0000000000
83465  50.830  -5.814  -8.793 0.0000000000
81766  49.681  -7.452  -9.847 0.0000000000
79982  50.665  -8.846  -11.452 0.0000000000
79996  52.206  -9.728  -13.640 0.0000000000
124724  55.278  -10.496  -13.349 0.0000000000
124723  54.629  -10.440  -14.572 0.0000000000
79068  53.442  -10.469  -15.177 0.0000000000
79088  54.226  -10.672  -16.450 0.0000000000
76751  54.592  -11.385  -17.367 0.0000000000
76753  52.707  -11.808  -16.718 0.0000000000
76742  51.934  -12.431  -15.480 0.0000000000
88855  54.924  1.834  1.064 0.0000000000
88207  54.884  1.391  -1.299 0.0000000000
88182  52.611  0.981  0.094 0.0000000000
88224  53.771  1.293  -2.245 0.0000000000
88243  54.764  1.236  -3.815 0.0000000000
87572  54.144  -0.551  -5.208 0.0000000000
86052  52.333  -2.337  -5.725 0.0000000000
84266  51.670  -3.729  -6.088 0.0000000000
88213  48.093  -0.121  -1.813 0.0000000000
86743  48.445  -1.201  -1.994 0.0000000000
86019  49.001  -1.592  -3.588 0.0000000000
86057  47.324  -2.764  -5.435 0.0000000000
86056  48.329  -2.659  -5.448 0.0000000000
86055  49.383  -2.510  -5.477 0.0000000000
85173  50.036  -3.274  -6.036 0.0000000000
84267  50.721  -3.906  -6.427 0.0000000000
83442  50.159  -5.879  -7.555 0.0000000000
81749  49.708  -7.566  -8.058 0.0000000000
80852  50.079  -8.634  -8.762 0.0000000000
79951  51.710  -10.040  -9.269 0.0000000000
78982  50.360  -10.288  -7.512 0.0000000000
77879  51.146  -10.980  -8.197 0.0000000000
89626  44.478  2.261  -4.431 0.0000000000
88911  43.669  0.886  -4.402 0.0000000000
88255  40.962  0.435  -4.266 0.0000000000
90359  55.251  3.994  -7.541 0.0000000000
90372  54.016  4.130  -9.380 0.0000000000
88948  51.456  1.353  -8.499 0.0000000000
87611  51.072  -0.410  -8.375 0.0000000000
86856  50.041  -1.754  -9.085 0.0000000000
86089  52.294  -2.237  -9.632 0.0000000000
85213  50.562  -2.958  -10.209 0.0000000000
85215  49.228  -3.404  -9.613 0.0000000000
86758  59.620  -1.267  -2.648 0.0000000000
86809  57.677  -1.642  -5.180 0.0000000000
86029  58.879  -2.099  -4.978 0.0000000000
85157  60.316  -1.739  -5.568 0.0000000000
84289  61.645  -4.251  -7.505 0.0000000000
86077  59.814  -2.973  -8.861 0.0000000000
85247  59.014  -3.929  -11.056 0.0000000000
84322  51.416  -4.883  -9.057 0.0000000000
83474  52.288  -5.234  -9.299 0.0000000000
82573  54.305  -5.611  -9.077 0.0000000000
82649  51.070  -7.248  -13.870 0.0000000000
83488  52.255  -5.418  -10.524 0.0000000000
83472  55.111  -5.288  -9.419 0.0000000000
83485  55.939  -5.516  -10.649 0.0000000000
82626  57.244  -6.320  -11.242 0.0000000000
84349  57.417  -4.550  -12.027 0.0000000000
82657  54.562  -6.186  -14.525 0.0000000000
124870  52.317  -5.227  -12.567 0.0000000000
124875  50.693  -5.835  -12.286 0.0000000000
84427  51.630  -4.313  -17.016 0.0000000000
124883  50.137  -5.586  -16.082 0.0000000000
84383  49.178  -5.239  -13.935 0.0000000000
84410  47.722  -4.746  -15.400 0.0000000000
80006  48.511  -9.512  -13.771 0.0000000000
88962  50.356  1.732  -8.847 0.0000000000
89654  51.154  2.547  -9.253 0.0000000000
90322  48.148  2.872  -3.249 0.0000000000
89592  48.631  2.149  -2.913 0.0000000000
89604  48.145  1.712  -3.407 0.0000000000
86103  58.099  -2.677  -10.612 0.0000000000
86872  57.676  -1.938  -10.122 0.0000000000
86126  57.400  -3.097  -11.340 0.0000000000
86127  56.516  -2.870  -11.397 0.0000000000
84283  51.488  -4.245  -6.808 0.0000000000
77987  52.630  -11.399  -17.490 0.0000000000
77998  52.552  -10.857  -18.203 0.0000000000
77999  51.862  -11.219  -17.972 0.0000000000
79099  51.756  -10.492  -18.595 0.0000000000
78000  51.417  -11.432  -17.712 0.0000000000
77990  50.437  -12.005  -16.820 0.0000000000
76769  50.966  -12.217  -16.735 0.0000000000
88887  60.196  0.934  -2.889 0.0000000000
87567  60.299  -0.320  -4.309 0.0000000000
87578  60.267  -0.063  -5.225 0.0000000000
86792  60.362  -0.964  -4.811 0.0000000000
79021  53.537  -10.161  -11.080 0.0000000000
124719  57.076  -11.315  -14.196 0.0000000000
124720  56.277  -11.231  -14.926 0.0000000000
85216  48.323  -3.441  -9.572 0.0000000000
87552  50.047  -0.732  -3.418 0.0000000000
87551  50.872  0.005  -3.211 0.0000000000
87573  50.954  -0.587  -4.254 0.0000000000
86801  51.031  -1.167  -4.986 0.0000000000
86802  50.478  -1.317  -4.469 0.0000000000
86002  46.488  -2.676  -2.139 0.0000000000
86022  46.072  -2.400  -3.347 0.0000000000
82551  47.793  -6.589  -6.540 0.0000000000
83435  47.609  -5.590  -6.477 0.0000000000
82559  48.416  -6.656  -6.792 0.0000000000
81739  48.687  -7.574  -6.605 0.0000000000
88297  53.961  0.810  -7.410 0.0000000000
88300  53.466  0.543  -7.981 0.0000000000
88946  53.077  1.366  -7.926 0.0000000000
87609  53.191  -0.103  -8.574 0.0000000000
88221  56.475  0.535  -2.512 0.0000000000
88220  57.413  0.613  -2.713 0.0000000000
87550  56.756  0.308  -3.550 0.0000000000
84279  56.701  -4.336  -7.953 0.0000000000
84278  57.119  -3.967  -8.063 0.0000000000
83440  57.110  -4.639  -7.751 0.0000000000
83447  57.540  -4.799  -8.051 0.0000000000
83460  56.565  -4.390  -8.706 0.0000000000
79997  51.443  -9.220  -13.626 0.0000000000
80889  50.483  -8.080  -12.744 0.0000000000
80896  50.934  -8.514  -13.632 0.0000000000
81823  53.048  -6.285  -16.806 0.0000000000
82678  51.535  -6.555  -15.168 0.0000000000
84333  52.886  -5.399  -11.568 0.0000000000
84350  52.888  -5.312  -11.782 0.0000000000
82676  53.242  -5.945  -16.681 0.0000000000
81826  49.508  -7.198  -17.030 0.0000000000
82688  49.412  -6.287  -17.762 0.0000000000
80922  48.995  -7.815  -16.449 0.0000000000
81827  48.531  -7.003  -16.692 0.0000000000
87612  50.224  -0.416  -8.391 0.0000000000
90309  50.766  3.478  -1.369 0.0000000000
90310  50.299  2.960  -1.746 0.0000000000
88884  49.654  1.122  -1.374 0.0000000000
88211  49.629  0.456  -1.670 0.0000000000
87518  49.855  0.311  -1.875 0.0000000000
87591  57.961  -0.149  -6.540 0.0000000000
88290  56.656  0.321  -6.169 0.0000000000
87592  57.087  -0.297  -6.504 0.0000000000
86850  56.013  -1.249  -9.389 0.0000000000
86833  56.534  -0.965  -8.459 0.0000000000
86834  55.858  -0.864  -8.725 0.0000000000
87620  55.267  -0.748  -8.895 0.0000000000
86851  55.007  -1.344  -9.657 0.0000000000
86875  54.805  -2.070  -10.323 0.0000000000
85271  55.093  -3.832  -12.542 0.0000000000
85252  54.744  -3.422  -11.652 0.0000000000
85272  54.294  -3.843  -12.454 0.0000000000
85274  52.929  -4.382  -12.043 0.0000000000
84369  52.959  -4.730  -13.008 0.0000000000
86811  54.829  -1.546  -5.260 0.0000000000
86810  55.312  -1.628  -5.223 0.0000000000
86050  54.243  -2.099  -5.870 0.0000000000
84297  53.246  -4.418  -7.049 0.0000000000
85188  54.570  -3.057  -6.730 0.0000000000
84296  54.266  -4.077  -7.175 0.0000000000
84295  55.137  -3.879  -7.965 0.0000000000
80020  52.251  -9.287  -16.392 0.0000000000
79090  52.681  -9.741  -17.052 0.0000000000
80942  53.276  -8.802  -19.560 0.0000000000
80933  53.027  -8.835  -18.514 0.0000000000
80934  52.638  -8.298  -18.756 0.0000000000
81842  52.739  -7.166  -18.414 0.0000000000
80935  52.229  -8.517  -18.853 0.0000000000
80030  51.372  -9.909  -18.157 0.0000000000
80927  51.643  -9.212  -18.448 0.0000000000
80920  50.437  -9.410  -17.022 0.0000000000
88271  45.305  0.964  -4.216 0.0000000000
88250  45.761  0.647  -3.631 0.0000000000
87523  45.422  -0.769  -1.970 0.0000000000
86746  46.190  -1.649  -1.319 0.0000000000
86820  61.093  -1.581  -7.523 0.0000000000
86821  60.147  -1.140  -7.240 0.0000000000
86829  60.536  -1.645  -8.300 0.0000000000
86846  60.071  -1.760  -9.161 0.0000000000
86845  60.628  -2.209  -8.860 0.0000000000
82575  50.087  -6.736  -9.147 0.0000000000
80860  50.111  -8.465  -9.772 0.0000000000
79981  51.588  -9.249  -11.789 0.0000000000
79990  51.604  -9.264  -12.788 0.0000000000
79989  52.413  -9.876  -12.805 0.0000000000
79033  55.034  -10.770  -12.618 0.0000000000
124732  56.427  -10.430  -15.120 0.0000000000
124731  55.449  -10.182  -14.292 0.0000000000
79058  53.608  -10.431  -14.361 0.0000000000
79067  54.145  -10.525  -15.101 0.0000000000
79078  54.157  -10.624  -15.762 0.0000000000
79087  54.806  -10.375  -16.071 0.0000000000
124714  54.955  -11.960  -15.989 0.0000000000
77974  55.234  -11.125  -16.814 0.0000000000
76739  54.842  -11.865  -16.795 0.0000000000
76752  53.822  -11.896  -17.202 0.0000000000
76740  53.901  -12.488  -16.149 0.0000000000
124715  53.145  -12.827  -15.215 0.0000000000
88856  53.907  2.049  0.252 0.0000000000
89558  54.351  2.707  0.710 0.0000000000
88869  54.587  1.650  0.046 0.0000000000
88880  55.062  1.377  -0.542 0.0000000000
88881  54.260  1.565  -0.637 0.0000000000
88872  51.370  1.323  -0.083 0.0000000000
89560  52.092  2.002  -0.033 0.0000000000
88184  51.554  0.655  0.002 0.0000000000
88245  52.499  0.891  -3.725 0.0000000000
88225  52.775  0.787  -2.585 0.0000000000
88244  53.773  1.406  -3.500 0.0000000000
89603  54.398  2.415  -3.035 0.0000000000
88267  54.258  0.700  -4.625 0.0000000000
87571  54.659  -0.225  -4.903 0.0000000000
88280  53.646  0.407  -5.145 0.0000000000
86053  51.396  -2.449  -5.553 0.0000000000
85171  51.915  -3.119  -5.723 0.0000000000
88230  47.099  0.134  -2.710 0.0000000000
88229  47.758  0.059  -2.367 0.0000000000
87536  47.455  -0.359  -1.701 0.0000000000
86762  48.133  -1.551  -2.176 0.0000000000
86000  48.347  -1.674  -2.801 0.0000000000
85999  48.860  -1.597  -2.922 0.0000000000
85177  45.830  -3.851  -5.609 0.0000000000
85159  45.926  -3.158  -5.409 0.0000000000
85176  46.643  -3.510  -5.932 0.0000000000
85175  47.822  -3.544  -6.050 0.0000000000
86036  48.693  -1.863  -4.640 0.0000000000
84268  49.659  -4.276  -6.395 0.0000000000
84284  50.433  -5.027  -6.883 0.0000000000
82556  50.045  -6.352  -7.976 0.0000000000
82557  49.669  -6.681  -7.587 0.0000000000
80843  50.133  -9.140  -8.287 0.0000000000
79952  50.900  -9.695  -8.862 0.0000000000
78972  49.984  -10.398  -6.836 0.0000000000
77878  52.252  -11.271  -8.597 0.0000000000
89608  44.973  3.058  -4.194 0.0000000000
89610  43.077  2.434  -4.291 0.0000000000
89628  43.329  2.201  -4.347 0.0000000000
88912  42.942  1.254  -4.330 0.0000000000
88913  41.922  1.407  -4.349 0.0000000000
90360  54.431  3.136  -7.350 0.0000000000
90362  55.116  4.186  -8.284 0.0000000000
91174  55.150  4.411  -8.839 0.0000000000
91185  54.693  4.631  -9.645 0.0000000000
90363  54.194  3.627  -8.506 0.0000000000
89646  52.150  2.347  -8.463 0.0000000000
87610  51.647  -0.463  -8.806 0.0000000000
86835  51.199  -0.971  -8.776 0.0000000000
86836  50.520  -1.080  -8.662 0.0000000000
86855  50.893  -1.565  -9.202 0.0000000000
86088  53.088  -2.166  -9.944 0.0000000000
86853  52.862  -1.423  -9.431 0.0000000000
86111  50.998  -2.668  -10.290 0.0000000000
85214  50.189  -3.267  -9.804 0.0000000000
85233  48.741  -4.020  -10.223 0.0000000000
84371  47.734  -5.375  -12.676 0.0000000000
88203  58.439  0.448  -1.546 0.0000000000
88189  58.504  0.217  -0.584 0.0000000000
87515  58.742  -0.435  -1.274 0.0000000000
86729  59.235  -0.815  -0.771 0.0000000000
86759  59.042  -1.095  -2.326 0.0000000000
86032  56.280  -1.708  -5.029 0.0000000000
86031  57.026  -1.499  -4.937 0.0000000000
85166  58.719  -2.960  -6.409 0.0000000000
86045  58.724  -2.366  -6.000 0.0000000000
86044  59.396  -2.308  -6.037 0.0000000000
86028  59.537  -1.962  -5.009 0.0000000000
85165  60.013  -2.006  -5.954 0.0000000000
85164  60.771  -2.383  -6.315 0.0000000000
85182  60.257  -2.984  -6.943 0.0000000000
84317  58.716  -4.158  -8.932 0.0000000000
85207  59.568  -3.518  -8.462 0.0000000000
85212  59.327  -3.727  -9.366 0.0000000000
85225  59.249  -3.740  -10.224 0.0000000000
84331  58.179  -4.801  -10.382 0.0000000000
82574  50.687  -6.279  -9.333 0.0000000000
84323  50.882  -5.273  -9.042 0.0000000000
83475  51.091  -5.463  -9.473 0.0000000000
82587  51.462  -5.462  -10.353 0.0000000000
83463  53.715  -5.408  -8.754 0.0000000000
80912  51.403  -8.054  -15.130 0.0000000000
81807  51.244  -7.799  -14.494 0.0000000000
81815  51.455  -7.320  -14.987 0.0000000000
82609  51.718  -5.418  -11.473 0.0000000000
82586  54.065  -5.736  -9.526 0.0000000000
82585  54.695  -5.798  -9.956 0.0000000000
83471  55.681  -5.145  -9.838 0.0000000000
82584  55.224  -5.899  -10.469 0.0000000000
82606  55.373  -6.051  -11.158 0.0000000000
82628  55.814  -5.900  -11.713 0.0000000000
83500  57.092  -5.940  -11.608 0.0000000000
124836  56.101  -5.712  -12.652 0.0000000000
124841  56.236  -5.250  -12.960 0.0000000000
82641  54.711  -5.928  -13.085 0.0000000000
124878  50.822  -6.002  -13.832 0.0000000000
83536  53.319  -5.603  -13.884 0.0000000000
124864  50.858  -5.836  -13.129 0.0000000000
124863  51.039  -5.797  -12.195 0.0000000000
124869  50.309  -5.691  -13.514 0.0000000000
83577  52.238  -5.571  -18.191 0.0000000000
83564  52.759  -5.352  -17.420 0.0000000000
83578  51.128  -5.406  -18.108 0.0000000000
83580  49.010  -4.960  -18.274 0.0000000000
83553  49.996  -5.379  -17.110 0.0000000000
84408  49.449  -5.364  -16.328 0.0000000000
84397  49.375  -5.115  -15.027 0.0000000000
84409  48.503  -4.969  -15.707 0.0000000000
84419  47.791  -4.858  -16.178 0.0000000000
82668  47.475  -5.821  -15.692 0.0000000000
79071  49.040  -9.885  -14.752 0.0000000000
88949  50.539  1.146  -8.324 0.0000000000
90320  49.567  2.886  -2.390 0.0000000000
89591  49.437  1.996  -2.077 0.0000000000
88892  49.364  1.097  -2.001 0.0000000000
88228  48.746  0.342  -2.275 0.0000000000
86831  58.653  -1.534  -8.470 0.0000000000
86824  57.159  -1.033  -7.781 0.0000000000
86832  57.624  -1.297  -8.550 0.0000000000
86873  56.639  -1.797  -10.178 0.0000000000
86106  55.437  -2.591  -10.830 0.0000000000
86105  56.208  -2.416  -10.752 0.0000000000
85251  55.707  -3.246  -11.895 0.0000000000
85279  55.183  -4.197  -13.042 0.0000000000
85190  53.287  -3.475  -6.103 0.0000000000
85189  53.819  -3.236  -6.407 0.0000000000
83453  53.020  -4.699  -7.568 0.0000000000
77986  53.447  -10.904  -17.641 0.0000000000
80028  53.056  -9.528  -17.888 0.0000000000
79097  53.210  -10.218  -18.188 0.0000000000
80039  52.743  -9.904  -19.336 0.0000000000
80056  53.344  -9.822  -20.936 0.0000000000
80944  52.232  -8.741  -20.440 0.0000000000
79107  51.988  -10.005  -19.786 0.0000000000
79091  51.343  -10.445  -18.144 0.0000000000
79081  50.411  -10.921  -16.934 0.0000000000
77977  50.436  -11.443  -16.891 0.0000000000
77978  49.847  -11.985  -16.381 0.0000000000
76744  50.336  -12.154  -15.334 0.0000000000
88251  44.737  0.333  -4.010 0.0000000000
87556  45.048  -0.303  -3.247 0.0000000000
87557  44.117  -0.428  -3.539 0.0000000000
88286  60.072  0.600  -6.081 0.0000000000
88274  60.114  0.488  -5.467 0.0000000000
86816  60.704  -1.107  -6.434 0.0000000000
79962  50.863  -9.308  -9.824 0.0000000000
79970  51.735  -9.584  -10.865 0.0000000000
79057  57.028  -10.567  -13.751 0.0000000000
124736  57.371  -10.619  -14.228 0.0000000000
124733  56.742  -10.347  -15.021 0.0000000000
124729  55.871  -11.072  -15.570 0.0000000000
124721  55.493  -11.599  -15.358 0.0000000000
89559  53.036  2.468  0.498 0.0000000000
87508  51.142  0.592  -1.055 0.0000000000
87507  51.398  0.579  -1.027 0.0000000000
87532  51.142  0.128  -2.157 0.0000000000
88226  51.782  0.405  -2.895 0.0000000000
88269  52.379  0.490  -4.638 0.0000000000
88282  52.437  -0.002  -5.244 0.0000000000
87584  51.527  -0.640  -5.205 0.0000000000
85968  47.015  -2.433  -0.871 0.0000000000
86731  47.400  -1.989  -1.121 0.0000000000
85137  47.262  -2.785  -1.514 0.0000000000
86021  46.945  -2.047  -3.075 0.0000000000
86781  47.212  -1.707  -3.732 0.0000000000
83436  46.797  -5.490  -5.761 0.0000000000
84269  48.451  -4.649  -6.493 0.0000000000
84286  48.717  -5.323  -6.608 0.0000000000
83444  48.778  -5.877  -6.896 0.0000000000
81738  49.382  -7.587  -7.288 0.0000000000
77847  50.446  -11.238  -6.589 0.0000000000
76636  52.032  -12.285  -7.185 0.0000000000
88296  54.584  0.570  -7.116 0.0000000000
89638  54.458  2.297  -6.341 0.0000000000
88943  54.272  1.454  -6.969 0.0000000000
89641  54.136  2.246  -7.221 0.0000000000
89642  53.559  2.035  -7.680 0.0000000000
88313  52.210  0.051  -9.025 0.0000000000
86110  51.758  -2.878  -10.258 0.0000000000
84337  49.270  -4.746  -11.024 0.0000000000
84384  48.100  -5.230  -13.736 0.0000000000
88192  56.425  0.879  -0.651 0.0000000000
88867  56.734  1.347  -0.282 0.0000000000
88191  57.171  0.889  -0.868 0.0000000000
88219  58.320  0.681  -2.544 0.0000000000
87548  58.353  0.052  -3.224 0.0000000000
85186  56.423  -3.088  -7.112 0.0000000000
86066  57.072  -2.651  -6.596 0.0000000000
86065  57.645  -2.853  -6.801 0.0000000000
85184  58.195  -3.251  -6.985 0.0000000000
85197  58.734  -3.653  -7.284 0.0000000000
85196  59.407  -3.583  -7.515 0.0000000000
84291  58.773  -3.905  -7.602 0.0000000000
84307  57.886  -4.186  -8.495 0.0000000000
84319  56.868  -4.600  -9.549 0.0000000000
81777  49.813  -7.357  -10.815 0.0000000000
81786  50.144  -7.422  -12.016 0.0000000000
81793  50.421  -7.486  -12.823 0.0000000000
81825  51.624  -7.113  -15.107 0.0000000000
82667  51.179  -6.408  -14.108 0.0000000000
83486  53.228  -5.354  -11.469 0.0000000000
83502  53.305  -5.049  -11.866 0.0000000000
124868  50.935  -6.094  -14.442 0.0000000000
81835  50.495  -7.239  -18.198 0.0000000000
82698  50.353  -6.137  -18.334 0.0000000000
82687  50.094  -6.600  -17.987 0.0000000000
82699  49.303  -5.558  -18.205 0.0000000000
83568  47.707  -5.355  -17.977 0.0000000000
83569  47.264  -4.913  -17.471 0.0000000000
82680  48.516  -5.915  -17.159 0.0000000000
81828  48.211  -6.437  -16.505 0.0000000000
88217  60.211  0.199  -2.418 0.0000000000
88305  49.030  0.247  -8.430 0.0000000000
86080  48.728  -2.036  -8.679 0.0000000000
86079  49.251  -1.979  -8.766 0.0000000000
90299  51.138  3.046  -0.761 0.0000000000
88873  50.794  1.181  -0.575 0.0000000000
89581  49.938  2.025  -1.353 0.0000000000
88883  50.148  1.434  -0.899 0.0000000000
87509  50.624  0.519  -1.188 0.0000000000
86040  45.204  -3.079  -4.340 0.0000000000
84261  44.786  -4.561  -4.699 0.0000000000
84272  45.494  -4.565  -5.258 0.0000000000
83437  45.924  -5.450  -5.348 0.0000000000
82553  46.250  -6.361  -5.517 0.0000000000
81730  47.720  -7.564  -6.171 0.0000000000
81729  48.316  -8.075  -6.317 0.0000000000
80834  48.766  -8.528  -6.344 0.0000000000
88935  55.746  1.255  -5.463 0.0000000000
88291  55.771  0.515  -6.285 0.0000000000
86825  56.634  -0.850  -7.802 0.0000000000
87601  55.836  -0.216  -7.166 0.0000000000
88295  55.251  0.307  -6.883 0.0000000000
87602  55.184  -0.013  -7.483 0.0000000000
87607  54.693  -0.198  -8.125 0.0000000000
87622  53.461  -0.739  -9.079 0.0000000000
86108  53.669  -2.644  -10.567 0.0000000000
86107  54.569  -2.849  -10.858 0.0000000000
86130  54.009  -3.029  -11.097 0.0000000000
85229  53.157  -3.187  -11.132 0.0000000000
85255  52.539  -3.951  -11.612 0.0000000000
84335  51.830  -4.475  -11.607 0.0000000000
87570  55.309  -0.270  -4.578 0.0000000000
87569  56.197  -0.028  -4.421 0.0000000000
86798  55.600  -1.155  -4.828 0.0000000000
86033  55.654  -1.763  -5.227 0.0000000000
86048  55.923  -2.204  -5.588 0.0000000000
86069  54.700  -2.478  -6.152 0.0000000000
86068  55.361  -2.539  -6.219 0.0000000000
85187  55.568  -3.002  -6.890 0.0000000000
85200  55.822  -3.541  -7.497 0.0000000000
84294  56.154  -4.121  -7.912 0.0000000000
83450  55.489  -4.423  -8.422 0.0000000000
80012  52.242  -9.454  -15.487 0.0000000000
80903  51.841  -8.998  -14.869 0.0000000000
80919  52.116  -8.378  -16.533 0.0000000000
81833  53.409  -6.719  -17.485 0.0000000000
82675  54.701  -5.937  -16.800 0.0000000000
82694  54.514  -6.377  -18.200 0.0000000000
82696  52.628  -6.314  -18.572 0.0000000000
80936  51.417  -7.623  -18.366 0.0000000000
81844  51.155  -6.830  -18.522 0.0000000000
80929  50.141  -7.712  -17.514 0.0000000000
80913  49.527  -9.174  -15.778 0.0000000000
79070  49.662  -10.771  -14.778 0.0000000000
79082  50.110  -10.909  -16.093 0.0000000000
89606  46.838  2.432  -3.952 0.0000000000
88907  47.596  1.268  -3.449 0.0000000000
88908  46.773  1.465  -3.645 0.0000000000
88249  46.752  0.567  -3.181 0.0000000000
87537  46.811  -0.341  -2.091 0.0000000000
87538  45.999  -0.426  -2.322 0.0000000000
86003  45.357  -2.717  -2.562 0.0000000000
88288  58.212  0.335  -6.059 0.0000000000
87598  58.512  -0.727  -6.917 0.0000000000
87589  59.766  0.245  -6.231 0.0000000000
87597  59.448  -0.636  -6.700 0.0000000000
86822  59.090  -1.303  -7.486 0.0000000000
86871  58.764  -2.004  -10.121 0.0000000000
86102  59.316  -2.857  -10.481 0.0000000000
83455  50.503  -5.959  -8.110 0.0000000000
83466  50.743  -5.764  -8.395 0.0000000000
83454  50.610  -6.082  -8.468 0.0000000000
80870  50.078  -8.332  -10.740 0.0000000000
80880  50.323  -8.291  -11.824 0.0000000000
124712  53.505  -10.325  -11.935 0.0000000000
124718  53.659  -10.589  -13.179 0.0000000000
124734  55.541  -10.290  -13.643 0.0000000000
124726  54.837  -10.340  -13.642 0.0000000000
79050  52.897  -10.271  -13.679 0.0000000000
79059  52.815  -10.114  -14.449 0.0000000000
79069  52.681  -10.130  -15.327 0.0000000000
79079  53.309  -10.672  -16.038 0.0000000000
77984  54.896  -10.459  -16.427 0.0000000000
77985  54.535  -10.766  -16.985 0.0000000000
76765  54.214  -11.095  -17.474 0.0000000000
77976  53.175  -11.559  -17.149 0.0000000000
76754  51.771  -12.182  -16.318 0.0000000000
76741  52.674  -12.290  -15.923 0.0000000000
124716  52.701  -12.570  -14.593 0.0000000000
88854  55.803  1.653  1.215 0.0000000000
88868  55.721  1.338  0.152 0.0000000000
88206  55.773  0.786  -1.170 0.0000000000
88222  55.540  1.003  -2.349 0.0000000000
90283  52.159  3.279  -0.017 0.0000000000
88857  52.762  1.417  0.147 0.0000000000
88871  53.040  1.236  -0.082 0.0000000000
88209  52.913  0.584  -1.385 0.0000000000
88194  52.893  0.947  -0.301 0.0000000000
88208  53.743  1.279  -1.031 0.0000000000
88223  54.620  1.269  -2.026 0.0000000000
88889  55.223  1.578  -2.697 0.0000000000
88265  55.676  0.462  -4.172 0.0000000000
86800  54.403  -0.814  -5.036 0.0000000000
86812  53.970  -1.284  -5.336 0.0000000000
86813  52.850  -1.373  -5.824 0.0000000000
86051  53.303  -2.213  -5.797 0.0000000000
85170  52.801  -3.201  -5.623 0.0000000000
88247  48.381  0.539  -2.876 0.0000000000
88212  48.748  -0.114  -1.919 0.0000000000
86744  47.895  -1.572  -1.490 0.0000000000
87519  48.680  -0.498  -1.971 0.0000000000
87535  48.744  -0.912  -2.246 0.0000000000
86760  49.187  -1.346  -2.994 0.0000000000
86018  49.553  -1.470  -3.928 0.0000000000
86039  45.889  -2.618  -4.498 0.0000000000
86038  46.860  -2.371  -4.762 0.0000000000
86037  47.707  -2.133  -4.608 0.0000000000
86035  49.793  -1.756  -4.611 0.0000000000
86054  50.422  -2.497  -5.487 0.0000000000
84300  50.695  -5.379  -7.818 0.0000000000
81748  49.865  -7.119  -8.326 0.0000000000
81759  49.685  -8.001  -8.495 0.0000000000
80853  49.704  -8.200  -8.274 0.0000000000
79007  52.066  -10.258  -9.493 0.0000000000
79934  49.306  -9.519  -6.497 0.0000000000
79933  49.924  -9.946  -7.131 0.0000000000
77864  50.609  -10.921  -7.450 0.0000000000
77880  50.692  -10.646  -7.862 0.0000000000
78992  50.802  -10.289  -8.186 0.0000000000
78991  51.807  -10.444  -8.892 0.0000000000
78990  52.401  -10.804  -9.114 0.0000000000
89607  45.626  2.514  -4.284 0.0000000000
88928  45.177  1.544  -4.439 0.0000000000
89609  44.146  2.932  -4.236 0.0000000000
88929  44.417  1.414  -4.480 0.0000000000
88910  44.269  0.723  -4.353 0.0000000000
88252  43.809  0.183  -4.089 0.0000000000
88254  42.026  0.322  -4.316 0.0000000000
87559  42.265  -0.677  -4.155 0.0000000000
91186  53.796  4.498  -9.999 0.0000000000
90373  53.311  3.847  -9.328 0.0000000000
89647  51.489  2.161  -8.696 0.0000000000
88303  50.852  0.387  -8.186 0.0000000000
88302  51.753  0.360  -8.635 0.0000000000
86092  49.645  -2.604  -9.259 0.0000000000
86090  51.370  -2.204  -9.639 0.0000000000
86091  50.494  -2.389  -9.687 0.0000000000
88852  57.502  1.595  -0.399 0.0000000000
88188  59.418  0.229  -0.338 0.0000000000
87513  59.840  -0.787  -1.725 0.0000000000
86757  60.087  -1.194  -3.084 0.0000000000
87568  57.007  -0.192  -4.211 0.0000000000
86796  57.663  -0.866  -4.335 0.0000000000
86777  58.638  -0.904  -3.522 0.0000000000
86808  58.142  -1.716  -5.386 0.0000000000
86795  58.376  -1.568  -4.622 0.0000000000
86017  58.957  -1.303  -3.720 0.0000000000
85997  59.442  -1.421  -3.307 0.0000000000
85996  59.835  -1.543  -3.437 0.0000000000
86774  60.253  -1.165  -4.283 0.0000000000
86043  60.758  -1.703  -5.901 0.0000000000
86062  61.245  -2.186  -6.892 0.0000000000
86072  62.172  -2.885  -8.016 0.0000000000
85195  60.402  -3.476  -7.765 0.0000000000
84305  61.081  -4.107  -8.396 0.0000000000
86085  61.376  -2.796  -9.193 0.0000000000
86086  60.171  -2.609  -9.226 0.0000000000
86124  58.824  -3.462  -11.199 0.0000000000
84312  50.864  -5.121  -8.533 0.0000000000
84311  51.877  -4.860  -8.357 0.0000000000
83464  52.833  -4.963  -8.158 0.0000000000
83462  54.692  -4.968  -9.024 0.0000000000
81799  50.912  -7.888  -13.900 0.0000000000
124862  50.515  -6.700  -12.684 0.0000000000
124861  51.116  -5.879  -12.548 0.0000000000
83473  53.153  -5.441  -9.995 0.0000000000
82572  54.559  -5.548  -9.387 0.0000000000
83461  55.820  -4.666  -9.010 0.0000000000
84321  56.056  -4.699  -9.371 0.0000000000
83470  56.407  -4.954  -10.143 0.0000000000
83469  57.086  -4.981  -10.225 0.0000000000
83484  56.723  -5.659  -10.550 0.0000000000
83483  57.391  -5.735  -10.516 0.0000000000
83499  57.607  -5.668  -11.277 0.0000000000
84348  58.079  -4.757  -11.210 0.0000000000
85249  57.548  -3.755  -11.854 0.0000000000
85269  56.810  -4.257  -12.467 0.0000000000
124842  55.568  -5.094  -13.736 0.0000000000
84407  54.775  -4.889  -14.638 0.0000000000
83516  53.772  -5.421  -12.945 0.0000000000
84396  53.384  -4.845  -13.635 0.0000000000
124876  52.652  -5.029  -13.316 0.0000000000
124867  50.683  -5.825  -11.880 0.0000000000
124865  50.348  -5.747  -12.084 0.0000000000
83552  52.347  -5.546  -16.655 0.0000000000
124885  51.823  -4.811  -16.401 0.0000000000
124881  51.045  -5.627  -15.810 0.0000000000
83566  50.799  -4.947  -17.346 0.0000000000
124884  50.620  -5.381  -16.438 0.0000000000
124872  50.683  -5.774  -14.802 0.0000000000
83527  50.151  -5.592  -14.132 0.0000000000
83517  49.909  -5.588  -13.342 0.0000000000
83503  49.953  -5.615  -12.624 0.0000000000
84398  48.412  -4.851  -14.699 0.0000000000
83556  47.526  -5.140  -16.361 0.0000000000
84420  47.337  -4.869  -15.846 0.0000000000
76755  50.959  -12.353  -16.054 0.0000000000
76731  50.774  -12.053  -14.834 0.0000000000
76732  50.330  -11.895  -15.030 0.0000000000
76743  50.904  -12.307  -15.416 0.0000000000
76756  50.240  -12.317  -15.855 0.0000000000
76766  53.959  -11.376  -17.508 0.0000000000
76767  52.170  -11.749  -17.209 0.0000000000
76768  51.691  -12.035  -17.056 0.0000000000
77975  53.440  -11.420  -17.402 0.0000000000
77989  50.990  -11.737  -17.448 0.0000000000
79077  54.741  -10.492  -15.508 0.0000000000
79098  52.618  -10.165  -18.714 0.0000000000
79100  51.309  -11.182  -17.948 0.0000000000
79115  53.080  -10.195  -20.951 0.0000000000
79116  52.671  -10.106  -20.567 0.0000000000
79117  51.822  -9.968  -20.701 0.0000000000
79127  52.893  -10.144  -21.158 0.0000000000
79128  52.318  -10.111  -21.250 0.0000000000
79129  51.840  -9.742  -21.304 0.0000000000
79943  49.584  -9.019  -7.201 0.0000000000
79960  52.709  -10.251  -10.512 0.0000000000
80005  51.411  -9.034  -14.307 0.0000000000
80031  50.843  -9.835  -17.521 0.0000000000
80047  53.265  -9.485  -20.135 0.0000000000
80048  52.896  -9.838  -19.897 0.0000000000
80049  51.860  -9.357  -20.019 0.0000000000
80057  53.155  -9.920  -20.415 0.0000000000
80058  51.681  -9.279  -20.963 0.0000000000
80065  52.803  -9.712  -21.395 0.0000000000
80066  52.233  -9.602  -21.449 0.0000000000
80067  51.955  -9.377  -21.367 0.0000000000
80879  50.997  -8.889  -12.122 0.0000000000
80897  50.616  -7.882  -13.303 0.0000000000
80904  51.325  -8.449  -14.580 0.0000000000
80925  52.822  -8.885  -17.889 0.0000000000
80951  53.489  -8.855  -20.615 0.0000000000
80952  52.831  -8.436  -21.116 0.0000000000
80953  52.127  -8.937  -21.283 0.0000000000
80964  53.215  -9.142  -21.328 0.0000000000
80965  52.572  -9.167  -21.464 0.0000000000
80966  52.190  -9.287  -21.418 0.0000000000
81767  49.625  -6.992  -10.110 0.0000000000
81778  49.692  -6.925  -10.381 0.0000000000
81822  53.942  -6.185  -16.897 0.0000000000
81831  55.027  -6.539  -17.508 0.0000000000
81832  54.405  -6.424  -17.391 0.0000000000
81839  55.062  -6.617  -17.750 0.0000000000
81840  54.527  -6.785  -17.919 0.0000000000
81841  53.667  -6.746  -18.085 0.0000000000
82562  50.539  -6.306  -8.784 0.0000000000
82564  49.951  -6.881  -8.035 0.0000000000
82589  50.065  -6.668  -9.986 0.0000000000
82603  57.666  -6.176  -10.943 0.0000000000
82604  57.025  -6.387  -10.794 0.0000000000
82605  56.286  -6.034  -11.034 0.0000000000
82611  50.295  -6.728  -11.065 0.0000000000
82612  49.882  -6.808  -10.491 0.0000000000
82625  57.468  -6.099  -11.281 0.0000000000
82627  56.640  -6.109  -11.464 0.0000000000
82639  56.102  -5.872  -12.207 0.0000000000
82640  55.425  -5.829  -12.484 0.0000000000
82646  55.511  -5.910  -13.281 0.0000000000
82647  54.701  -6.153  -13.929 0.0000000000
82648  54.109  -6.120  -14.256 0.0000000000
82656  55.201  -6.089  -14.176 0.0000000000
82658  54.032  -6.096  -14.755 0.0000000000
82665  54.807  -5.980  -14.978 0.0000000000
82666  54.163  -5.913  -15.124 0.0000000000
82674  55.187  -5.715  -17.389 0.0000000000
82685  55.305  -6.181  -17.591 0.0000000000
82686  54.961  -6.386  -17.305 0.0000000000
82689  48.555  -5.571  -18.147 0.0000000000
82693  55.151  -6.420  -18.094 0.0000000000
82695  53.623  -6.365  -18.267 0.0000000000
82700  48.709  -5.252  -18.432 0.0000000000
83441  56.854  -4.520  -7.832 0.0000000000
83445  48.119  -6.022  -6.843 0.0000000000
83448  57.017  -5.169  -7.902 0.0000000000
83458  57.339  -4.556  -8.266 0.0000000000
83459  57.072  -4.769  -8.401 0.0000000000
83468  57.607  -5.051  -10.376 0.0000000000
83482  57.861  -5.454  -10.765 0.0000000000
83501  56.598  -5.894  -11.805 0.0000000000
83525  55.033  -4.526  -13.483 0.0000000000
83526  54.094  -5.936  -13.700 0.0000000000
83535  53.701  -5.277  -14.431 0.0000000000
83542  54.336  -5.400  -14.893 0.0000000000
83543  53.860  -5.726  -14.734 0.0000000000
83549  55.271  -5.656  -17.741 0.0000000000
83550  54.727  -5.575  -17.516 0.0000000000
83551  53.700  -5.597  -17.175 0.0000000000
83554  49.342  -5.024  -17.231 0.0000000000
83555  47.794  -5.362  -17.127 0.0000000000
83561  55.238  -5.910  -18.117 0.0000000000
83562  54.898  -5.494  -18.015 0.0000000000
83563  54.063  -5.671  -17.779 0.0000000000
83565  51.826  -4.926  -17.536 0.0000000000
83567  49.657  -5.004  -17.676 0.0000000000
83574  54.988  -6.154  -18.323 0.0000000000
83575  54.479  -5.917  -18.246 0.0000000000
83581  48.136  -4.966  -18.570 0.0000000000
83582  47.423  -4.728  -18.208 0.0000000000
84265  52.245  -3.554  -5.878 0.0000000000
84275  61.100  -3.975  -6.807 0.0000000000
84276  60.784  -4.123  -7.296 0.0000000000
84277  57.630  -3.952  -8.081 0.0000000000
84280  54.009  -3.541  -6.747 0.0000000000
84288  62.133  -4.063  -7.656 0.0000000000
84290  61.011  -4.186  -8.003 0.0000000000
84292  58.117  -4.038  -7.811 0.0000000000
84293  56.692  -3.974  -7.973 0.0000000000
84303  62.186  -4.154  -8.096 0.0000000000
84304  61.599  -4.483  -8.518 0.0000000000
84308  57.139  -4.177  -8.897 0.0000000000
84310  56.327  -4.491  -9.121 0.0000000000
84313  50.747  -5.610  -8.200 0.0000000000
84315  62.179  -4.030  -8.674 0.0000000000
84316  62.036  -4.332  -9.157 0.0000000000
84320  56.343  -4.667  -9.508 0.0000000000
84328  62.120  -3.857  -8.967 0.0000000000
84329  62.125  -3.936  -9.209 0.0000000000
84330  58.740  -4.305  -9.846 0.0000000000
84332  53.116  -5.319  -11.653 0.0000000000
84334  52.350  -4.189  -11.714 0.0000000000
84347  58.735  -4.346  -10.585 0.0000000000
84352  52.664  -4.244  -11.845 0.0000000000
84382  53.908  -4.586  -13.628 0.0000000000
84394  54.743  -4.713  -14.087 0.0000000000
84395  54.126  -4.781  -14.287 0.0000000000
84406  55.236  -4.874  -14.081 0.0000000000
84417  48.792  -4.852  -17.099 0.0000000000
84418  48.347  -4.843  -16.634 0.0000000000
84425  52.425  -4.891  -16.807 0.0000000000
84426  52.277  -4.503  -17.042 0.0000000000
84428  48.748  -4.716  -17.781 0.0000000000
84430  47.630  -4.627  -16.971 0.0000000000
84435  48.425  -4.727  -18.245 0.0000000000
84436  47.988  -4.508  -18.103 0.0000000000
84437  47.493  -4.462  -17.698 0.0000000000
85125  47.383  -2.722  -1.155 0.0000000000
85126  47.385  -2.822  -0.821 0.0000000000
85138  47.001  -2.985  -1.056 0.0000000000
85146  47.059  -2.856  -1.901 0.0000000000
85147  46.848  -2.922  -1.533 0.0000000000
85152  60.084  -1.572  -4.882 0.0000000000
85153  59.946  -1.637  -4.562 0.0000000000
85158  59.929  -1.731  -5.053 0.0000000000
85168  54.141  -2.698  -6.284 0.0000000000
85180  62.013  -3.289  -7.492 0.0000000000
85181  61.493  -3.278  -6.960 0.0000000000
85183  59.149  -3.227  -6.792 0.0000000000
85185  57.225  -3.369  -7.461 0.0000000000
85193  62.120  -3.624  -7.849 0.0000000000
85194  62.041  -3.813  -7.392 0.0000000000
85198  56.916  -3.744  -7.900 0.0000000000
85204  62.136  -3.414  -8.336 0.0000000000
85205  60.959  -3.983  -8.617 0.0000000000
85206  60.661  -3.419  -8.531 0.0000000000
85209  62.128  -3.343  -8.803 0.0000000000
85210  61.377  -3.718  -9.103 0.0000000000
85211  60.899  -3.156  -9.131 0.0000000000
85223  62.116  -3.606  -9.056 0.0000000000
85224  62.027  -3.846  -9.622 0.0000000000
85227  55.250  -3.090  -11.243 0.0000000000
85228  53.661  -3.070  -11.105 0.0000000000
85248  58.295  -3.956  -11.538 0.0000000000
85254  52.971  -3.896  -11.688 0.0000000000
85270  55.791  -4.283  -13.000 0.0000000000
85273  53.463  -4.455  -12.504 0.0000000000
85280  54.694  -4.164  -13.071 0.0000000000
85281  54.039  -4.235  -13.150 0.0000000000
85282  53.678  -4.540  -13.247 0.0000000000
85967  47.403  -2.393  -0.931 0.0000000000
85980  47.424  -2.267  -1.360 0.0000000000
85995  60.053  -1.495  -3.572 0.0000000000
85998  59.115  -1.248  -3.365 0.0000000000
86014  60.049  -1.522  -4.179 0.0000000000
86015  59.708  -1.651  -4.205 0.0000000000
86016  59.176  -1.560  -4.113 0.0000000000
86027  60.322  -1.414  -5.011 0.0000000000
86030  58.460  -1.911  -5.446 0.0000000000
86046  57.947  -2.193  -6.160 0.0000000000
86058  46.515  -2.792  -5.300 0.0000000000
86061  61.983  -2.717  -7.281 0.0000000000
86064  59.106  -2.804  -6.296 0.0000000000
86067  56.210  -2.594  -6.314 0.0000000000
86073  61.722  -2.210  -7.768 0.0000000000
86075  62.031  -2.917  -8.713 0.0000000000
86076  61.790  -2.385  -8.577 0.0000000000
86078  59.574  -3.292  -9.054 0.0000000000
86084  62.088  -3.173  -9.154 0.0000000000
86087  59.627  -3.167  -9.574 0.0000000000
86099  62.100  -3.454  -9.266 0.0000000000
86100  61.750  -3.285  -9.538 0.0000000000
86101  59.918  -2.311  -9.900 0.0000000000
86128  55.891  -2.760  -11.278 0.0000000000
86129  54.300  -3.251  -11.245 0.0000000000
86730  59.072  -0.774  -0.437 0.0000000000
86732  47.223  -2.125  -0.917 0.0000000000
86740  59.883  -1.118  -2.226 0.0000000000
86741  59.436  -1.036  -1.622 0.0000000000
86742  58.972  -1.027  -0.996 0.0000000000
86745  47.127  -1.731  -1.061 0.0000000000
86756  60.154  -1.315  -3.756 0.0000000000
86761  48.704  -1.299  -2.523 0.0000000000
86775  60.263  -0.914  -3.821 0.0000000000
86776  58.818  -1.385  -4.057 0.0000000000
86778  58.119  -0.385  -3.694 0.0000000000
86779  49.960  -1.310  -3.965 0.0000000000
86780  49.512  -1.267  -3.510 0.0000000000
86783  46.236  -2.186  -3.983 0.0000000000
86793  60.292  -0.822  -4.376 0.0000000000
86794  58.808  -1.660  -4.407 0.0000000000
86803  47.524  -1.733  -4.082 0.0000000000
86804  47.089  -1.913  -4.257 0.0000000000
86805  46.547  -2.169  -4.277 0.0000000000
86844  61.282  -2.322  -8.778 0.0000000000
86847  59.226  -1.699  -9.310 0.0000000000
86869  60.190  -2.071  -9.558 0.0000000000
87505  59.226  -0.458  -0.137 0.0000000000
87514  59.460  -0.412  -1.076 0.0000000000
87516  51.315  0.407  -1.320 0.0000000000
87517  50.701  0.279  -1.599 0.0000000000
87520  47.871  -0.716  -1.319 0.0000000000
87528  60.133  -0.661  -2.353 0.0000000000
87530  57.336  0.424  -3.101 0.0000000000
87531  57.091  0.344  -3.039 0.0000000000
87539  45.340  -0.513  -2.565 0.0000000000
87553  49.459  -1.019  -3.155 0.0000000000
87554  46.517  -0.061  -2.690 0.0000000000
87566  60.293  -0.690  -4.657 0.0000000000
87577  60.341  -0.613  -5.057 0.0000000000
87579  59.662  0.512  -6.054 0.0000000000
87580  59.419  0.353  -5.957 0.0000000000
87581  54.161  0.056  -5.298 0.0000000000
87582  53.354  -0.339  -5.496 0.0000000000
87583  52.298  -0.651  -5.545 0.0000000000
87587  60.516  -0.555  -5.679 0.0000000000
87588  60.382  -0.075  -6.118 0.0000000000
87596  60.056  -0.430  -6.574 0.0000000000
87599  57.567  -0.743  -7.065 0.0000000000
87600  56.655  -0.672  -7.191 0.0000000000
87605  56.239  -0.671  -7.745 0.0000000000
87624  52.010  -0.421  -9.157 0.0000000000
88181  58.388  0.869  -0.370 0.0000000000
88183  52.247  0.761  0.168 0.0000000000
88193  53.372  1.196  -0.495 0.0000000000
88195  51.798  0.515  -0.713 0.0000000000
88201  59.952  -0.277  -1.720 0.0000000000
88204  57.746  1.117  -1.743 0.0000000000
88238  60.342  0.383  -3.507 0.0000000000
88239  57.930  0.628  -3.171 0.0000000000
88240  57.630  0.509  -3.149 0.0000000000
88242  55.504  1.111  -3.514 0.0000000000
88266  55.037  0.471  -4.274 0.0000000000
88270  51.723  0.003  -4.856 0.0000000000
88275  59.675  0.577  -5.728 0.0000000000
88276  58.806  0.393  -5.538 0.0000000000
88277  57.799  0.688  -5.440 0.0000000000
88279  56.323  0.785  -5.762 0.0000000000
88281  53.011  0.353  -5.110 0.0000000000
88283  51.990  -0.300  -5.246 0.0000000000
88287  59.798  0.565  -6.086 0.0000000000
88289  57.446  0.323  -6.123 0.0000000000
88858  51.798  1.210  0.266 0.0000000000
88859  51.223  0.968  0.011 0.0000000000
88866  57.311  1.239  -0.608 0.0000000000
88874  49.973  0.882  -0.875 0.0000000000
88882  53.824  1.458  -0.647 0.0000000000
88890  54.585  1.841  -2.463 0.0000000000
88891  54.071  1.995  -2.785 0.0000000000
88903  55.173  1.756  -3.333 0.0000000000
88904  54.662  1.912  -3.437 0.0000000000
88905  54.291  2.130  -3.179 0.0000000000
88906  48.324  1.188  -3.260 0.0000000000
88930  43.723  1.664  -4.424 0.0000000000
88931  43.321  1.952  -4.359 0.0000000000
88940  54.576  1.359  -6.090 0.0000000000
89561  51.668  1.570  -0.016 0.0000000000
89572  51.793  2.095  -0.224 0.0000000000
89573  51.460  1.892  -0.394 0.0000000000
89574  50.664  1.982  -0.851 0.0000000000
89587  55.062  2.172  -2.885 0.0000000000
89588  54.530  2.296  -2.809 0.0000000000
89589  54.219  2.296  -2.907 0.0000000000
89590  49.830  2.413  -1.761 0.0000000000
89593  48.323  2.644  -3.169 0.0000000000
89601  55.054  2.201  -3.315 0.0000000000
89602  54.716  2.442  -3.204 0.0000000000
89625  44.923  1.935  -4.529 0.0000000000
89627  43.656  2.240  -4.370 0.0000000000
90311  49.994  3.356  -2.174 0.0000000000
90319  49.774  2.579  -1.992 0.0000000000
90331  47.832  3.305  -3.426 0.0000000000
91096  50.168  3.588  -2.008 0.0000000000
124725  55.267  -10.342  -13.549 0.0000000000
124727  56.858  -10.801  -14.822 0.0000000000
124730  56.559  -10.607  -15.057 0.0000000000
124735  56.799  -10.329  -14.789 0.0000000000
124738  56.987  -10.483  -14.841 0.0000000000
124837  55.372  -6.001  -13.801 0.0000000000
124838  56.547  -5.668  -12.155 0.0000000000
124839  55.491  -5.799  -13.730 0.0000000000
124840  55.397  -5.576  -14.167 0.0000000000
124843  55.362  -5.240  -14.283 0.0000000000
124844  55.142  -5.284  -14.791 0.0000000000
124845  57.145  -5.289  -11.828 0.0000000000
124873  50.944  -5.980  -15.099 0.0000000000
124874  52.751  -5.375  -13.254 0.0000000000
124877  50.239  -5.482  -15.488 0.0000000000
124879  51.124  -5.723  -15.366 0.0000000000
124886  51.244  -5.008  -16.301 0.0000000000
124887  51.280  -4.743  -16.693 0.0000000000
