#!ascii label  , from subject sub-NDARAG610XL4 vox2ras=TkReg
2220
65387  1.732  -21.539  44.571 0.1111110002
65375  1.543  -21.832  45.423 0.1111110002
64195  1.481  -22.715  45.638 0.2222220004
63005  0.596  -23.249  45.614 0.4444440007
123423  4.674  -19.641  44.388 0.1111110002
67861  3.469  -20.169  44.938 0.1111110002
66675  2.617  -20.601  44.342 0.1111110002
123424  5.020  -20.288  43.470 0.1111110002
67866  3.984  -19.898  44.047 0.1111110002
66674  3.073  -20.133  44.073 0.1111110002
66676  2.237  -21.042  44.561 0.1111110002
123420  7.226  -19.211  44.029 0.2222220004
64204  1.550  -22.374  44.667 0.3333329856
63018  1.052  -23.207  45.399 0.4444440007
63006  -0.188  -23.383  45.815 0.4444440007
123336  -0.250  -23.438  45.074 0.4444440007
123328  -1.475  -23.655  45.821 0.4444440007
123327  -1.702  -24.069  44.683 0.2222220004
65395  2.048  -21.369  44.059 0.1111110002
123471  5.945  -22.288  42.164 0.2222220004
67869  4.176  -20.447  43.512 0.2222220004
66681  2.678  -20.828  43.604 0.1111110002
64213  1.697  -22.045  43.760 0.2222220004
123453  7.105  -21.940  42.309 0.2222220004
66680  3.532  -20.825  43.238 0.2222220004
63046  1.443  -23.098  43.973 0.4444440007
123472  6.659  -22.229  41.213 0.2222220004
123346  0.474  -23.290  43.340 0.4444440007
123329  -0.843  -23.627  44.545 0.4444440007
123343  -0.571  -22.964  43.276 0.4444440007
123337  -1.103  -23.496  43.933 0.3333329856
60370  -2.051  -24.678  44.725 0.2222220004
60387  -0.930  -23.975  44.034 0.3333329856
123335  -1.674  -23.603  42.874 0.2222220004
65394  2.288  -21.505  43.569 0.1111110002
63045  1.797  -22.889  43.417 0.4444440007
123428  5.252  -22.727  42.156 0.2222220004
123425  4.699  -22.266  42.639 0.2222220004
65402  3.575  -22.016  42.927 0.2222220004
65444  6.842  -21.622  39.107 0.2222220004
65432  7.015  -21.862  40.496 0.2222220004
64222  4.017  -22.703  42.615 0.3333329856
64234  3.732  -23.279  42.291 0.3333329856
63063  1.588  -22.802  43.061 0.5555559993
123492  4.544  -22.511  40.166 0.3333329856
64224  1.000  -22.543  42.845 0.5555559993
123344  0.319  -22.260  43.213 0.4444440007
123350  -0.151  -21.943  43.306 0.4444440007
123334  -1.378  -23.355  44.157 0.4444440007
65471  6.998  -21.745  37.009 0.2222220004
123338  -1.788  -22.021  42.916 0.4444440007
123341  -0.869  -23.840  42.431 0.1111110002
64211  2.755  -22.781  43.568 0.4444440007
63062  1.774  -23.697  43.207 0.5555559993
123451  4.940  -22.691  41.246 0.3333329856
63089  3.780  -23.042  41.065 0.3333329856
63090  2.444  -23.502  41.493 0.5555559993
64235  1.365  -22.552  42.275 0.5555559993
65445  5.703  -22.125  39.460 0.3333329856
123469  3.806  -22.607  39.940 0.5555559993
64258  2.429  -22.146  39.834 0.5555559993
65413  1.088  -21.847  42.537 0.6666669846
123513  4.696  -21.793  38.229 0.3333329856
123516  4.350  -22.163  38.763 0.5555559993
123470  3.070  -21.711  38.955 0.6666669846
65423  0.535  -21.238  42.394 0.6666669846
123339  -1.183  -23.104  43.454 0.5555559993
65472  6.463  -21.704  37.370 0.4444440007
123352  0.217  -21.569  43.105 0.7777780294
123356  -0.512  -21.239  43.043 0.5555559993
66713  7.536  -21.502  35.726 0.6666669846
66714  6.851  -21.037  35.837 0.3333329856
123348  -2.445  -22.967  42.082 0.2222220004
64247  1.567  -22.998  41.533 0.5555559993
64246  1.947  -22.285  40.640 0.5555559993
65422  1.194  -21.550  41.431 0.5555559993
66708  5.475  -21.188  37.217 0.5555559993
123514  4.526  -21.398  37.876 0.6666669846
123528  4.057  -21.159  37.942 0.6666669846
65421  1.352  -21.322  40.426 0.7777780294
67883  4.887  -20.588  36.926 0.7777780294
69042  4.016  -20.088  37.322 0.8888890147
66721  8.277  -21.370  34.894 0.6666669846
67894  5.919  -20.030  36.047 0.7777780294
123345  -2.499  -21.754  42.496 0.2222220004
123537  3.467  -19.742  37.538 0.8888890147
123527  2.081  -20.202  38.224 0.8888890147
69053  5.295  -19.097  36.564 0.8888890147
69041  4.419  -19.549  36.983 0.8888890147
123533  3.599  -18.316  38.060 0.8888890147
66723  6.998  -20.335  35.267 0.6666669846
67893  6.576  -19.745  35.543 0.7777780294
70095  4.502  -18.510  37.086 0.8888890147
69030  4.079  -18.926  37.227 0.8888890147
65493  8.670  -21.566  34.629 0.6666669846
66722  7.697  -20.880  35.028 0.6666669846
70102  5.585  -18.156  36.211 0.8888890147
69040  4.827  -18.644  36.864 0.8888890147
123532  4.254  -18.157  37.618 0.7777780294
67910  7.148  -19.630  35.034 0.7777780294
69052  6.029  -18.833  35.902 0.8888890147
65510  9.825  -21.418  33.492 0.7777780294
66732  8.982  -20.914  33.950 0.7777780294
66734  8.140  -20.211  34.580 0.7777780294
65491  11.558  -22.478  34.600 0.7777780294
65509  10.887  -21.494  33.884 0.7777780294
70094  5.285  -17.601  37.054 0.8888890147
69063  6.702  -18.704  35.444 0.8888890147
70101  6.410  -17.415  35.972 0.8888890147
70093  6.136  -16.959  36.913 0.7777780294
67925  8.910  -19.881  34.436 0.7777780294
69061  8.174  -18.376  34.799 0.8888890147
122639  14.852  -20.783  36.424 0.5555559993
122726  14.378  -21.870  35.231 0.5555559993
65490  12.895  -22.451  34.694 0.7777780294
65508  12.445  -22.059  33.826 0.7777780294
66747  11.795  -21.057  33.383 0.7777780294
66749  9.629  -20.694  32.940 0.7777780294
122709  14.927  -21.088  35.702 0.6666669846
65507  14.237  -22.392  34.119 0.7777780294
66746  13.425  -21.666  32.686 0.7777780294
122569  19.760  -23.323  37.112 0.3333329856
122575  20.253  -22.523  35.709 0.4444440007
70111  7.447  -17.698  35.291 0.8888890147
70100  7.554  -16.837  35.781 0.8888890147
122632  16.410  -20.046  37.255 0.4444440007
122592  15.474  -20.972  36.350 0.3333329856
67924  9.503  -19.797  33.801 0.7777780294
67907  9.253  -19.144  34.395 0.8888890147
69060  9.198  -18.293  34.592 0.8888890147
70110  8.389  -16.975  34.924 0.8888890147
122591  15.940  -20.816  36.640 0.4444440007
67945  11.090  -20.176  33.391 0.8888890147
122656  16.041  -20.278  36.949 0.6666669846
122640  14.954  -20.465  36.808 0.6666669846
122646  15.255  -20.606  35.911 0.7777780294
122728  14.976  -21.676  34.968 0.7777780294
65520  14.665  -22.298  32.831 0.7777780294
122634  16.616  -19.947  36.984 0.7777780294
122686  16.180  -20.014  36.639 0.7777780294
122710  15.807  -20.557  35.466 0.7777780294
122612  19.537  -22.284  36.804 0.3333329856
122567  19.560  -22.025  37.631 0.2222220004
122613  19.675  -21.561  36.885 0.3333329856
64321  19.488  -23.071  34.453 0.4444440007
122587  19.869  -20.972  37.005 0.3333329856
70099  8.093  -16.407  35.715 0.7777780294
71286  7.256  -16.533  36.473 0.6666669846
122586  19.592  -19.770  37.316 0.5555559993
67906  9.746  -19.100  34.194 0.8888890147
69059  9.545  -18.757  34.401 0.8888890147
64330  19.048  -23.103  33.377 0.5555559993
122585  18.968  -19.167  37.074 0.6666669846
67944  12.182  -20.304  32.646 0.8888890147
67923  10.397  -19.349  33.678 0.8888890147
122633  17.006  -19.655  37.063 0.7777780294
122729  15.675  -21.300  34.562 0.7777780294
66756  15.380  -21.968  33.319 0.8888890147
122635  16.971  -19.667  36.999 0.7777780294
122652  16.005  -20.596  34.864 0.7777780294
66719  20.015  -21.297  36.134 0.5555559993
65504  19.517  -22.185  34.366 0.4444440007
66730  20.074  -21.517  35.202 0.5555559993
70109  9.782  -17.334  34.681 0.7777780294
64322  18.862  -22.595  33.647 0.5555559993
66731  20.037  -21.086  35.504 0.5555559993
69071  11.125  -18.663  33.716 0.8888890147
70122  10.011  -17.936  34.427 0.7777780294
63159  19.058  -23.275  32.626 0.5555559993
66744  19.222  -21.533  34.233 0.5555559993
67920  19.436  -21.127  34.540 0.5555559993
67921  19.713  -20.778  35.281 0.5555559993
67922  11.416  -19.466  33.235 0.8888890147
63167  19.366  -23.800  31.967 0.5555559993
64331  18.536  -22.807  32.741 0.6666669846
65518  17.854  -21.675  33.217 0.6666669846
66745  18.543  -21.381  33.821 0.7777780294
67942  19.127  -20.254  34.369 0.7777780294
122618  19.437  -20.000  35.780 0.7777780294
66757  15.576  -21.572  31.874 0.8888890147
67943  13.801  -20.192  31.654 0.8888890147
63174  18.801  -23.725  30.823 0.6666669846
63175  18.264  -23.035  30.846 0.6666669846
64338  18.099  -22.536  31.878 0.6666669846
65530  17.548  -22.016  32.331 0.6666669846
67941  18.901  -20.885  34.101 0.7777780294
122442  19.138  -19.004  35.905 0.7777780294
122619  17.770  -19.111  37.099 0.7777780294
122744  16.148  -21.146  33.420 0.7777780294
61907  21.804  -25.572  28.849 0.5555559993
61918  21.320  -24.968  28.106 0.5555559993
61919  20.100  -24.796  28.295 0.7777780294
61920  19.217  -24.543  28.785 0.6666669846
61910  19.004  -24.146  29.730 0.6666669846
63179  18.465  -23.387  29.816 0.6666669846
64343  17.948  -22.233  30.863 0.7777780294
63183  19.261  -24.353  27.969 0.7777780294
63184  18.780  -23.541  28.478 0.6666669846
64347  18.248  -22.768  29.138 0.7777780294
70120  11.909  -17.716  33.812 0.8888890147
70121  10.620  -17.902  34.333 0.7777780294
69080  12.283  -18.848  32.372 0.8888890147
66755  18.281  -21.139  33.100 0.7777780294
60591  23.407  -25.559  28.217 0.5555559993
61917  22.440  -25.146  28.030 0.5555559993
65529  17.697  -21.716  32.101 0.6666669846
67960  18.510  -20.527  33.340 0.7777780294
122637  18.997  -19.700  34.551 0.7777780294
122616  18.680  -19.001  36.127 0.7777780294
122602  17.571  -19.329  35.831 0.8888890147
122730  16.595  -19.895  34.610 0.8888890147
61928  20.821  -24.284  27.376 0.8888890147
63188  19.885  -23.536  27.450 0.8888890147
64348  18.049  -21.867  29.672 0.7777780294
65534  18.161  -21.319  30.936 0.8888890147
67972  18.421  -20.253  32.751 0.8888890147
122446  18.533  -19.852  32.999 0.8888890147
122657  18.458  -18.682  36.019 0.8888890147
122444  18.077  -18.629  36.043 0.8888890147
63189  19.362  -22.806  27.952 0.8888890147
64354  19.033  -21.996  28.353 0.8888890147
69079  14.167  -18.365  30.956 0.8888890147
70130  13.111  -17.547  32.419 0.8888890147
66768  16.791  -20.357  31.481 0.8888890147
67962  15.743  -19.834  30.621 0.8888890147
61926  23.530  -24.804  27.147 0.6666669846
66776  18.290  -20.412  31.030 0.8888890147
66766  18.251  -20.774  32.139 0.8888890147
122711  18.124  -18.746  36.049 0.8888890147
122675  17.118  -19.590  34.132 0.8888890147
61927  21.914  -24.462  26.705 0.8888890147
65541  18.083  -20.779  30.026 0.8888890147
122636  18.352  -18.940  32.688 0.7777780294
63187  21.175  -23.345  26.869 0.8888890147
64359  21.048  -22.321  27.520 0.8888890147
65547  19.922  -20.794  28.281 0.7777780294
65548  18.865  -20.559  28.597 0.8888890147
64355  18.506  -21.088  29.210 0.8888890147
64360  19.779  -22.429  27.677 0.7777780294
64361  19.417  -22.437  28.002 0.8888890147
70129  14.794  -16.595  31.920 0.7777780294
70119  13.093  -16.532  33.695 0.4444440007
67975  17.032  -19.385  31.162 0.7777780294
61924  25.950  -24.441  28.139 0.4444440007
60599  25.029  -24.854  27.847 0.5555559993
60600  24.382  -25.069  27.776 0.5555559993
61925  24.864  -24.740  27.129 0.5555559993
122760  19.852  -18.494  35.602 0.7777780294
122734  18.279  -19.193  35.102 0.7777780294
122758  17.607  -19.365  34.236 0.7777780294
61935  24.471  -24.373  25.933 0.7777780294
61936  23.178  -23.985  25.783 0.8888890147
65549  18.159  -20.138  29.318 0.8888890147
66785  17.766  -19.793  30.168 0.8888890147
122746  18.038  -18.678  30.845 0.7777780294
122712  18.633  -18.862  35.709 0.7777780294
61949  24.094  -23.714  25.260 0.8888890147
63204  23.620  -22.756  25.397 0.8888890147
64367  21.620  -22.540  26.817 0.8888890147
64352  21.384  -21.573  28.253 0.7777780294
64353  20.378  -21.610  27.911 0.7777780294
69091  16.898  -17.925  31.099 0.5555559993
123747  27.417  -22.959  29.291 0.2222220004
123825  26.494  -23.925  29.356 0.3333329856
123861  26.628  -23.679  27.399 0.2222220004
122771  18.113  -18.973  33.933 0.4444440007
122769  17.686  -19.574  32.193 0.6666669846
61934  25.775  -24.263  26.482 0.6666669846
122762  19.045  -18.648  34.936 0.6666669846
122772  17.958  -19.180  33.993 0.7777780294
61948  25.327  -23.127  25.551 0.8888890147
67996  17.248  -18.431  30.321 0.7777780294
122774  18.115  -17.982  31.870 0.7777780294
122751  19.038  -18.434  32.182 0.6666669846
63194  23.159  -21.759  26.256 0.8888890147
64366  22.469  -21.814  27.414 0.7777780294
64358  21.911  -21.697  28.250 0.7777780294
65546  21.136  -20.837  28.551 0.7777780294
66790  19.535  -19.754  28.453 0.7777780294
66792  17.819  -19.165  29.460 0.6666669846
122628  23.237  -16.914  37.628 0.3333329856
122607  22.847  -16.017  37.418 0.2222220004
122704  20.436  -17.065  36.700 0.1111110002
122781  20.008  -15.592  35.633 0.1111110002
70137  18.043  -15.862  33.520 0.2222220004
69058  23.478  -18.627  34.011 0.1111110002
122610  22.875  -18.238  34.649 0.3333329856
122608  22.862  -17.020  36.645 0.3333329856
122564  22.062  -16.446  36.138 0.2222220004
122767  19.962  -18.006  35.300 0.2222220004
122770  18.737  -18.131  33.456 0.2222220004
69090  17.852  -17.041  32.269 0.2222220004
70138  16.793  -16.499  32.085 0.2222220004
69075  23.109  -18.735  33.093 0.1111110002
69070  22.230  -18.823  32.872 0.2222220004
122609  21.943  -17.407  35.456 0.2222220004
122775  18.816  -18.763  34.397 0.2222220004
123843  27.234  -22.491  28.657 0.3333329856
67969  23.185  -19.413  31.588 0.1111110002
67958  22.783  -19.113  32.071 0.2222220004
67959  22.066  -18.896  31.672 0.2222220004
69104  20.746  -18.216  30.797 0.3333329856
122722  20.790  -17.682  32.105 0.2222220004
122766  20.872  -17.987  35.434 0.2222220004
122761  19.226  -18.595  34.929 0.3333329856
123862  26.467  -23.472  26.311 0.6666669846
66788  23.423  -20.432  29.865 0.5555559993
66782  22.909  -20.354  29.977 0.4444440007
66774  22.641  -19.857  30.295 0.4444440007
67981  22.291  -19.441  30.502 0.4444440007
67971  21.901  -18.978  30.806 0.4444440007
69103  21.243  -18.629  30.334 0.5555559993
69110  19.894  -17.410  30.040 0.4444440007
71325  20.094  -17.625  31.302 0.4444440007
71335  19.911  -18.056  31.227 0.3333329856
123842  27.021  -22.659  27.409 0.6666669846
66796  23.728  -20.486  29.419 0.7777780294
65544  22.783  -20.802  29.403 0.6666669846
66783  22.250  -20.267  29.690 0.6666669846
66775  22.096  -19.785  29.923 0.5555559993
67982  21.658  -19.209  29.894 0.6666669846
67987  20.850  -19.104  29.140 0.6666669846
69113  19.719  -18.158  29.058 0.5555559993
69114  19.181  -17.384  29.384 0.5555559993
70170  18.451  -17.094  30.925 0.4444440007
70171  18.288  -17.401  31.737 0.4444440007
123844  27.710  -22.261  29.499 0.7777780294
61963  26.313  -22.730  26.326 0.8888890147
63203  24.337  -22.148  27.064 0.8888890147
65556  23.546  -20.862  28.517 0.7777780294
65553  22.811  -21.181  28.764 0.7777780294
65545  22.013  -21.179  28.810 0.7777780294
65540  21.871  -20.655  29.176 0.6666669846
66784  21.501  -20.018  29.291 0.6666669846
66789  20.554  -19.964  28.637 0.7777780294
67994  19.288  -18.548  28.530 0.7777780294
123863  26.304  -21.923  28.588 0.8888890147
64379  26.216  -21.753  29.897 0.8888890147
63218  25.676  -22.411  27.491 0.8888890147
123816  29.173  -22.116  26.447 0.3333329856
123864  28.339  -21.800  29.421 0.5555559993
64380  25.238  -20.391  29.851 0.7777780294
64394  25.525  -20.836  30.657 0.8888890147
123900  25.090  -19.935  29.913 0.7777780294
123838  27.576  -22.026  24.044 0.2222220004
123836  26.131  -22.471  24.187 0.4444440007
67979  24.314  -20.093  30.586 0.3333329856
123828  27.043  -18.866  33.307 0.5555559993
123881  26.250  -19.389  32.418 0.6666669846
123893  26.052  -19.340  32.127 0.5555559993
123866  24.186  -22.616  24.183 0.6666669846
123894  25.437  -19.772  31.634 0.6666669846
123904  25.651  -19.620  31.314 0.6666669846
123824  24.332  -21.319  26.777 0.6666669846
123876  25.173  -20.921  28.829 0.8888890147
123865  26.484  -20.141  30.813 0.8888890147
123911  25.870  -20.603  31.197 0.7777780294
123906  26.013  -19.880  31.009 1.0000000000
123918  24.636  -20.391  28.343 1.0000000000
123901  25.346  -19.803  30.539 1.0000000000
123849  27.801  -18.307  34.354 0.2222220004
123830  27.292  -18.519  33.617 0.4444440007
123833  27.866  -18.694  34.958 0.3333329856
123895  26.217  -19.214  32.270 0.5555559993
123829  26.489  -19.051  32.350 0.6666669846
123845  24.976  -22.347  23.443 0.5555559993
123882  26.507  -18.745  32.122 0.6666669846
123932  24.317  -17.667  27.785 1.0000000000
123921  24.963  -18.932  29.066 1.0000000000
69120  23.991  -18.036  27.183 1.0000000000
70186  23.900  -17.747  26.433 1.0000000000
123890  22.392  -21.521  24.147 1.0000000000
68023  22.454  -20.578  24.117 1.0000000000
123912  22.928  -19.726  26.036 1.0000000000
123924  23.816  -19.158  27.318 1.0000000000
73637  28.698  -16.289  36.498 0.1111110002
72482  28.854  -17.251  36.420 0.2222220004
123850  27.547  -18.098  33.890 0.4444440007
123858  27.626  -21.704  22.304 0.2222220004
123856  26.987  -21.888  22.664 0.3333329856
65615  27.466  -21.530  21.661 0.3333329856
123928  25.876  -18.995  31.175 0.6666669846
70168  24.637  -17.152  28.280 0.8888890147
65599  26.073  -21.691  22.087 0.5555559993
65583  25.548  -22.193  22.833 0.6666669846
123927  24.749  -18.057  28.834 0.8888890147
70185  24.399  -17.335  26.463 1.0000000000
65600  25.201  -21.695  21.825 0.8888890147
70205  24.427  -17.450  24.732 1.0000000000
123846  24.443  -22.420  23.291 0.8888890147
65585  23.978  -22.315  22.900 1.0000000000
69124  23.616  -18.206  26.447 1.0000000000
69127  23.962  -17.726  24.932 1.0000000000
123889  23.046  -22.067  24.894 0.7777780294
123877  23.016  -22.140  23.269 1.0000000000
66819  22.736  -20.804  23.100 1.0000000000
68022  22.952  -19.518  23.386 1.0000000000
68012  22.604  -19.862  24.733 1.0000000000
69133  23.548  -18.193  24.728 1.0000000000
69141  24.477  -18.008  23.612 1.0000000000
123851  28.779  -17.146  34.686 0.2222220004
123871  27.578  -18.321  33.999 0.3333329856
123831  27.535  -17.664  33.384 0.6666669846
123914  26.647  -17.727  31.755 0.6666669846
123916  26.189  -17.218  30.667 0.6666669846
70167  25.152  -16.635  28.723 0.6666669846
64430  27.241  -21.730  20.597 0.2222220004
71360  24.835  -16.447  27.488 0.6666669846
71380  24.715  -16.741  26.910 1.0000000000
123875  27.721  -22.029  19.857 0.2222220004
64432  26.121  -22.102  20.085 0.6666669846
65632  25.933  -22.065  19.444 0.7777780294
70184  25.031  -17.037  25.674 1.0000000000
65617  25.787  -21.831  20.684 0.7777780294
65633  25.105  -21.730  19.714 1.0000000000
70204  24.833  -17.333  24.203 1.0000000000
65618  24.809  -21.485  20.713 1.0000000000
66867  24.617  -21.002  19.594 1.0000000000
69140  25.305  -17.925  23.303 1.0000000000
66834  24.039  -20.943  21.560 1.0000000000
66850  24.228  -20.667  20.786 1.0000000000
68053  23.743  -20.166  21.278 1.0000000000
69160  23.516  -18.606  22.312 1.0000000000
70228  24.199  -17.831  22.496 1.0000000000
70227  24.897  -17.686  22.274 1.0000000000
69149  24.679  -17.979  22.930 1.0000000000
123883  29.015  -16.658  34.771 0.1111110002
123832  28.466  -16.760  34.037 0.2222220004
71322  27.476  -15.357  30.829 0.1111110002
70144  27.512  -15.946  31.715 0.2222220004
71331  27.248  -14.942  30.003 0.2222220004
70150  27.185  -16.060  31.053 0.2222220004
71332  26.663  -15.474  29.949 0.4444440007
123915  26.621  -17.284  31.389 0.6666669846
71324  26.553  -16.637  30.597 0.5555559993
71346  25.849  -15.825  28.924 0.5555559993
72587  26.222  -15.078  27.957 0.5555559993
71359  25.418  -15.630  27.687 0.6666669846
71379  25.358  -15.997  26.310 0.6666669846
64446  27.590  -22.514  18.776 0.3333329856
71395  25.557  -16.511  25.082 0.7777780294
65631  26.333  -22.226  18.853 0.5555559993
71410  25.387  -16.700  24.068 1.0000000000
65644  25.355  -21.572  18.849 0.6666669846
71425  26.162  -16.728  23.201 1.0000000000
65645  24.946  -21.389  19.207 0.7777780294
66884  24.958  -21.075  18.808 0.8888890147
68085  24.991  -20.332  18.793 1.0000000000
68069  25.142  -19.519  18.840 1.0000000000
69189  24.480  -19.004  19.900 1.0000000000
71426  25.566  -16.821  23.563 1.0000000000
68052  24.120  -19.605  20.498 1.0000000000
69174  24.305  -18.688  20.599 1.0000000000
70271  24.313  -18.215  21.021 1.0000000000
70270  24.946  -17.768  20.442 1.0000000000
70245  25.347  -17.477  21.472 1.0000000000
70244  26.189  -17.262  21.688 1.0000000000
71446  26.554  -16.683  22.050 1.0000000000
70269  26.377  -17.145  20.541 1.0000000000
71467  26.845  -16.805  21.212 1.0000000000
72571  27.287  -15.162  29.302 0.3333329856
71345  26.705  -15.408  29.169 0.4444440007
72602  27.066  -15.382  27.436 0.4444440007
72618  26.311  -15.564  26.462 0.5555559993
71394  26.453  -16.050  25.278 0.7777780294
64454  27.363  -22.614  17.578 0.5555559993
71409  26.343  -16.299  24.286 1.0000000000
64447  26.731  -22.413  18.357 0.5555559993
64455  26.736  -22.111  17.429 0.5555559993
65643  26.108  -21.789  18.192 0.6666669846
68084  25.616  -19.742  18.187 0.8888890147
69188  25.123  -18.702  19.223 1.0000000000
70295  25.209  -18.116  19.703 1.0000000000
70294  26.006  -17.673  19.250 1.0000000000
71487  27.041  -16.757  20.693 1.0000000000
72617  27.010  -15.597  26.660 0.4444440007
71377  27.779  -15.832  26.111 0.4444440007
71378  26.747  -15.770  26.019 0.4444440007
71408  27.224  -16.008  24.610 0.4444440007
71424  27.440  -16.030  23.523 0.8888890147
64468  27.992  -22.824  16.665 0.5555559993
71445  27.276  -16.106  22.342 1.0000000000
63319  29.333  -23.182  14.925 0.2222220004
63306  28.622  -23.100  15.747 0.3333329856
64469  27.253  -22.167  16.606 0.5555559993
64470  26.921  -21.733  16.943 0.6666669846
63320  28.593  -22.761  14.897 0.3333329856
64481  27.900  -22.419  15.582 0.3333329856
65669  27.070  -21.329  16.567 0.6666669846
65654  27.047  -21.014  17.038 0.7777780294
66902  26.202  -20.611  17.717 0.7777780294
71466  27.371  -16.367  21.501 1.0000000000
64505  30.384  -22.326  13.481 0.3333329856
64482  27.369  -21.780  15.822 0.4444440007
66900  27.025  -20.795  16.766 0.7777780294
68098  26.322  -19.674  16.963 1.0000000000
68083  26.048  -19.487  17.573 1.0000000000
69187  25.839  -18.443  18.584 1.0000000000
71486  27.545  -16.553  20.840 0.8888890147
64491  29.315  -22.382  14.237 0.3333329856
64492  28.361  -22.033  14.639 0.3333329856
65684  27.738  -21.718  15.143 0.4444440007
66918  26.947  -20.415  16.210 0.8888890147
66919  26.660  -20.039  16.650 0.8888890147
68113  26.725  -19.577  16.270 1.0000000000
70332  26.470  -18.287  17.055 1.0000000000
70314  26.507  -17.989  18.079 1.0000000000
70293  27.150  -16.697  19.372 1.0000000000
71504  27.652  -16.311  19.099 1.0000000000
66933  27.420  -20.239  15.389 1.0000000000
68112  27.173  -19.650  15.624 1.0000000000
70349  26.753  -18.442  16.412 1.0000000000
70348  27.190  -17.974  16.384 1.0000000000
70313  27.308  -17.038  18.358 1.0000000000
71518  27.891  -16.333  18.788 1.0000000000
70292  28.240  -16.322  19.310 0.8888890147
70267  28.488  -16.481  20.421 0.8888890147
64506  29.671  -21.736  13.676 0.7777780294
65696  28.190  -21.060  14.634 1.0000000000
66945  27.765  -20.062  14.951 0.8888890147
69257  27.510  -19.208  15.121 1.0000000000
69237  27.957  -18.005  15.669 1.0000000000
70347  28.008  -17.317  16.396 1.0000000000
70330  28.151  -16.906  17.349 1.0000000000
70329  29.209  -16.643  17.462 1.0000000000
65709  30.171  -21.373  13.272 0.8888890147
65710  29.623  -21.023  13.618 0.8888890147
66944  28.226  -20.170  14.613 1.0000000000
69256  27.937  -18.610  14.885 1.0000000000
70346  29.044  -16.892  16.473 1.0000000000
71393  27.545  -15.879  25.359 0.4444440007
72627  27.779  -15.854  24.843 0.5555559993
64522  32.393  -22.833  12.020 0.2222220004
64504  31.020  -23.034  13.181 0.2222220004
63332  30.573  -23.224  13.893 0.2222220004
63343  31.627  -23.247  12.692 0.3333329856
64490  30.039  -22.910  14.345 0.2222220004
71485  28.101  -16.424  21.126 0.8888890147
64538  32.419  -21.901  11.587 0.3333329856
64523  31.321  -22.283  12.331 0.3333329856
70311  29.337  -16.512  18.472 1.0000000000
70291  29.467  -16.451  19.532 0.8888890147
64524  30.691  -21.637  12.809 0.6666669846
66943  29.232  -20.372  14.037 1.0000000000
68138  29.650  -19.334  14.334 1.0000000000
68128  29.252  -18.650  14.659 1.0000000000
69236  28.878  -17.482  15.658 1.0000000000
70345  30.110  -16.742  16.606 1.0000000000
66949  30.231  -20.541  13.443 1.0000000000
66942  30.159  -19.787  13.955 1.0000000000
68127  30.162  -18.680  14.763 1.0000000000
69235  29.945  -17.313  15.760 1.0000000000
71443  29.540  -16.598  22.481 0.5555559993
71444  28.428  -16.399  22.471 0.7777780294
64521  33.422  -23.075  12.088 0.1111110002
71465  28.155  -16.451  21.746 0.8888890147
64537  33.398  -22.185  11.593 0.2222220004
70266  29.594  -16.541  20.574 0.7777780294
70243  28.815  -16.668  21.226 0.8888890147
70310  30.417  -16.510  18.554 0.8888890147
69234  30.949  -17.489  16.100 1.0000000000
70344  30.854  -16.954  16.862 1.0000000000
64539  31.733  -21.448  11.725 0.6666669846
65726  30.574  -20.910  12.847 0.8888890147
66957  30.587  -20.548  12.963 1.0000000000
69253  30.559  -18.148  15.394 1.0000000000
65725  31.125  -21.193  12.296 1.0000000000
66956  30.926  -20.144  12.604 1.0000000000
66948  30.734  -19.677  13.587 1.0000000000
66941  30.679  -19.532  14.091 1.0000000000
68137  30.504  -19.262  14.424 1.0000000000
70223  29.088  -16.844  22.137 0.7777780294
64536  34.396  -22.339  11.683 0.1111110002
70242  29.623  -16.677  21.591 0.6666669846
70224  28.809  -16.785  21.845 0.7777780294
70290  30.511  -16.439  19.639 0.7777780294
69217  31.394  -17.357  16.726 0.7777780294
70327  31.250  -16.909  17.486 0.6666669846
68126  31.001  -18.885  15.052 1.0000000000
65739  33.369  -21.337  11.141 0.4444440007
65740  32.446  -21.028  11.226 0.5555559993
68136  31.272  -19.264  14.338 1.0000000000
65741  31.644  -20.632  11.663 0.8888890147
71464  30.027  -16.551  21.898 0.4444440007
70264  31.370  -16.433  21.170 0.3333329856
70265  30.535  -16.489  20.757 0.3333329856
65736  36.314  -21.669  11.669 0.1111110002
65737  35.346  -21.609  11.395 0.1111110002
70309  31.450  -16.689  18.528 0.3333329856
70326  32.247  -17.390  17.390 0.4444440007
65738  34.364  -21.499  11.244 0.3333329856
68111  32.674  -18.454  15.749 0.7777780294
69233  32.125  -17.776  16.152 0.5555559993
68125  32.087  -18.830  15.267 0.8888890147
68147  31.352  -19.139  12.309 1.0000000000
68144  31.565  -19.163  13.408 1.0000000000
68135  32.175  -19.000  14.373 1.0000000000
70287  33.268  -16.424  19.230 0.2222220004
70308  32.431  -16.969  18.521 0.3333329856
70289  31.550  -16.278  19.702 0.3333329856
70307  33.576  -16.998  18.510 0.3333329856
70325  33.103  -17.375  17.753 0.3333329856
69232  33.364  -18.322  16.262 0.4444440007
66967  33.284  -20.567  10.665 0.5555559993
68110  32.945  -18.730  15.510 0.6666669846
66968  32.323  -20.120  10.852 0.8888890147
66969  31.618  -19.729  11.642 1.0000000000
69268  32.072  -18.607  13.382 0.8888890147
68150  32.076  -19.249  11.025 0.8888890147
68151  31.614  -18.997  11.602 1.0000000000
69271  31.780  -18.478  12.752 1.0000000000
68143  32.317  -18.779  13.874 0.8888890147
69215  33.913  -18.093  17.571 0.2222220004
70342  33.166  -17.657  17.040 0.4444440007
68124  32.914  -19.006  14.910 0.7777780294
69251  33.506  -18.574  15.341 0.5555559993
63029  1.392  -23.142  44.907 0.3333329856
123340  0.449  -23.396  44.901 0.4444440007
123330  -1.107  -23.975  44.283 0.4444440007
64212  2.161  -22.297  43.187 0.3333329856
66679  4.262  -20.965  43.015 0.2222220004
65393  2.865  -21.846  43.147 0.2222220004
123332  -1.014  -23.649  43.753 0.4444440007
61750  -0.606  -24.506  43.488 0.2222220004
63044  2.217  -23.101  43.494 0.5555559993
123433  4.818  -22.954  41.782 0.2222220004
64223  3.489  -23.027  43.137 0.3333329856
63079  1.505  -23.504  42.339 0.5555559993
123452  5.360  -22.596  41.604 0.3333329856
123450  4.734  -22.860  41.379 0.3333329856
63077  3.148  -23.672  42.261 0.5555559993
65403  0.822  -22.125  42.982 0.5555559993
65458  6.995  -22.005  38.009 0.2222220004
65459  5.974  -21.777  37.795 0.2222220004
63078  2.223  -24.054  42.370 0.5555559993
63091  1.878  -23.698  41.841 0.5555559993
123354  0.640  -21.735  42.896 0.6666669846
65460  4.957  -21.435  37.728 0.4444440007
66691  0.626  -20.813  41.676 0.7777780294
66715  5.955  -21.188  36.784 0.5555559993
66707  5.772  -21.406  37.242 0.5555559993
123347  -1.287  -23.753  41.718 0.1111110002
65480  7.849  -21.720  35.697 0.5555559993
65433  1.339  -20.614  39.352 0.6666669846
65434  1.078  -20.687  40.475 0.6666669846
123529  4.308  -20.684  37.323 0.7777780294
123536  3.900  -20.437  37.454 0.7777780294
123491  1.967  -20.885  38.692 0.7777780294
123361  -0.693  -19.785  42.890 0.4444440007
66716  5.406  -20.780  36.875 0.7777780294
69054  4.887  -19.863  36.623 0.8888890147
66733  8.411  -20.635  34.559 0.6666669846
67895  5.322  -20.280  36.522 0.7777780294
123535  2.800  -18.865  38.100 0.8888890147
123512  1.694  -20.621  38.651 0.7777780294
123534  2.165  -18.642  38.834 0.8888890147
67909  7.947  -19.520  34.641 0.7777780294
69062  7.369  -18.649  35.048 0.8888890147
67926  8.472  -19.852  34.564 0.7777780294
66748  10.561  -20.814  33.237 0.7777780294
70112  6.917  -18.076  35.361 0.8888890147
71275  6.813  -16.386  37.089 0.6666669846
67908  8.698  -19.172  34.630 0.7777780294
67946  10.181  -20.071  33.244 0.8888890147
122727  15.428  -21.193  35.151 0.7777780294
122674  15.623  -21.046  35.037 0.7777780294
71293  9.297  -16.143  35.006 0.7777780294
69072  10.051  -18.517  34.321 0.8888890147
69073  9.723  -18.014  34.465 0.7777780294
63158  19.643  -23.582  33.374 0.5555559993
122617  19.425  -19.070  36.181 0.7777780294
122625  16.999  -19.713  36.045 0.7777780294
122589  17.531  -19.336  36.727 0.7777780294
71292  10.251  -16.119  34.977 0.5555559993
70108  10.957  -17.158  34.836 0.6666669846
65505  18.537  -21.999  33.694 0.5555559993
63168  18.680  -23.202  31.789 0.5555559993
64323  18.263  -22.438  33.239 0.6666669846
67940  18.989  -21.211  34.203 0.5555559993
64339  17.682  -22.214  32.295 0.6666669846
64332  17.912  -22.426  32.692 0.6666669846
122550  18.037  -19.099  36.975 0.7777780294
122604  17.370  -19.352  35.875 0.7777780294
63180  18.202  -22.677  30.035 0.6666669846
67961  18.722  -20.070  33.535 0.7777780294
122443  18.063  -18.848  36.197 0.7777780294
122498  17.960  -18.820  36.537 0.7777780294
122732  17.559  -19.275  35.249 0.8888890147
122702  16.953  -19.746  33.750 0.8888890147
122756  16.673  -20.173  32.913 0.8888890147
66767  18.393  -20.107  31.979 0.8888890147
67974  18.377  -19.456  32.636 0.8888890147
122503  17.422  -19.322  34.766 0.8888890147
122757  17.632  -19.499  33.487 0.7777780294
122733  18.023  -19.350  31.201 0.7777780294
66777  18.229  -19.810  31.249 0.7777780294
63195  22.167  -22.876  26.018 0.8888890147
69100  17.557  -18.863  32.182 0.5555559993
122501  17.968  -19.224  34.506 0.7777780294
122773  18.443  -18.989  34.679 0.6666669846
66791  18.467  -19.407  28.693 0.7777780294
69115  17.974  -17.338  29.990 0.6666669846
69116  17.664  -17.512  31.071 0.6666669846
64372  23.730  -20.907  27.476 0.7777780294
64351  21.767  -21.502  28.445 0.7777780294
67995  18.043  -18.215  29.065 0.5555559993
70092  23.552  -17.701  36.419 0.3333329856
122651  24.254  -16.883  38.245 0.2222220004
122723  23.079  -16.311  37.686 0.2222220004
69068  23.162  -18.650  33.545 0.1111110002
69051  23.773  -18.430  34.600 0.1111110002
122611  23.197  -18.502  34.217 0.3333329856
69057  23.936  -18.700  34.325 0.1111110002
69039  23.888  -17.919  35.818 0.2222220004
122630  22.199  -18.554  33.755 0.3333329856
122776  20.664  -18.176  35.099 0.2222220004
69087  23.131  -18.992  32.503 0.1111110002
67938  22.269  -18.910  32.201 0.2222220004
69078  21.408  -18.733  32.353 0.3333329856
69098  21.508  -18.728  31.205 0.3333329856
122679  21.543  -18.633  33.452 0.2222220004
122742  20.823  -18.504  33.321 0.2222220004
67980  22.818  -19.517  30.889 0.3333329856
66765  23.882  -19.645  31.892 0.3333329856
67970  22.509  -19.235  31.257 0.2222220004
69099  20.880  -18.289  31.471 0.3333329856
69109  20.385  -18.152  29.695 0.3333329856
70153  20.376  -17.337  31.482 0.4444440007
122741  20.931  -17.868  31.798 0.3333329856
66781  23.670  -20.062  30.544 0.4444440007
66773  23.384  -19.720  30.899 0.4444440007
69108  21.086  -18.754  29.717 0.5555559993
67988  20.107  -18.591  28.890 0.5555559993
70162  19.598  -17.150  30.924 0.4444440007
70169  18.691  -16.854  30.170 0.5555559993
65552  23.175  -20.762  29.363 0.6666669846
65538  22.719  -20.631  29.583 0.7777780294
65539  22.440  -20.675  29.424 0.7777780294
67993  20.154  -19.158  28.496 0.6666669846
123917  25.816  -20.441  30.713 0.7777780294
123922  25.491  -20.115  30.413 0.7777780294
123926  25.429  -19.553  31.531 0.6666669846
123908  25.752  -19.310  31.806 0.6666669846
123930  25.412  -19.690  30.894 0.6666669846
65582  26.203  -22.224  22.889 0.5555559993
123929  25.458  -18.988  30.172 0.8888890147
68011  23.134  -18.881  24.355 1.0000000000
68005  23.163  -18.751  26.028 1.0000000000
65616  26.686  -21.633  21.322 0.3333329856
70159  25.213  -17.256  29.224 0.7777780294
65601  24.220  -21.595  21.831 1.0000000000
69131  24.936  -17.772  23.836 1.0000000000
66835  23.636  -20.960  22.169 1.0000000000
68038  23.342  -19.713  22.056 1.0000000000
69150  23.658  -18.204  23.193 1.0000000000
64439  26.788  -22.237  19.514 0.3333329856
69148  25.404  -17.887  22.733 1.0000000000
70225  26.070  -17.442  22.573 1.0000000000
68037  23.834  -19.348  21.140 1.0000000000
69159  23.855  -18.688  21.425 1.0000000000
70246  24.209  -17.839  21.666 1.0000000000
123910  26.967  -16.742  31.711 0.4444440007
70151  27.003  -16.602  30.989 0.4444440007
66883  25.660  -20.800  18.203 0.7777780294
68070  24.580  -19.828  19.602 1.0000000000
69173  24.765  -18.403  19.931 1.0000000000
66882  26.310  -21.025  17.742 0.6666669846
68099  26.058  -20.142  17.619 1.0000000000
69204  25.569  -19.055  18.550 1.0000000000
70268  27.459  -16.607  20.205 1.0000000000
65685  27.392  -21.034  15.475 0.5555559993
66901  26.652  -20.539  17.153 0.8888890147
69218  26.116  -19.014  17.156 1.0000000000
69203  26.076  -18.879  17.907 1.0000000000
69238  27.121  -18.753  15.791 1.0000000000
70331  27.191  -17.482  17.236 1.0000000000
71519  27.736  -16.566  18.533 1.0000000000
65695  28.991  -21.461  14.025 0.6666669846
68130  27.579  -19.704  15.118 1.0000000000
70312  28.277  -16.545  18.297 1.0000000000
68140  27.909  -19.651  14.734 1.0000000000
69255  28.710  -18.137  15.025 1.0000000000
68139  28.560  -19.312  14.478 1.0000000000
68129  28.612  -18.641  14.687 1.0000000000
72653  28.018  -15.846  23.817 0.7777780294
70328  30.224  -16.667  17.581 0.8888890147
66950  29.690  -20.658  13.691 1.0000000000
69254  29.663  -17.920  15.042 1.0000000000
69252  31.365  -18.283  15.586 1.0000000000
69216  31.744  -17.443  16.961 0.5555559993
70343  32.771  -17.720  16.647 0.4444440007
70288  32.639  -16.415  19.195 0.2222220004
69202  34.149  -17.655  18.206 0.2222220004
66965  35.290  -20.754  11.049 0.3333329856
68134  32.784  -18.774  14.302 0.7777780294
66977  33.241  -19.808  10.269 0.8888890147
123362  -1.301  -20.413  42.910 0.4444440007
123355  -0.248  -19.988  42.558 0.3333329856
123368  0.425  -20.092  42.161 0.5555559993
69008  -1.188  -19.452  43.459 0.2222220004
123369  0.731  -19.652  41.555 0.6666669846
123525  0.762  -20.133  40.543 0.6666669846
65446  0.817  -20.228  40.120 0.6666669846
67867  -0.168  -19.107  44.037 0.2222220004
123371  0.687  -19.466  41.872 0.3333329856
69014  1.148  -19.254  42.906 0.3333329856
123526  0.849  -19.290  40.498 0.6666669846
123360  0.352  -19.327  43.256 0.2222220004
123365  0.790  -19.068  42.284 0.3333329856
69023  1.052  -18.845  41.230 0.6666669846
123487  2.325  -17.907  40.375 0.6666669846
123507  3.106  -17.629  39.449 0.5555559993
123530  3.285  -17.908  38.692 0.6666669846
71268  4.436  -17.316  38.678 0.4444440007
70087  4.975  -17.353  38.009 0.5555559993
123522  4.244  -16.661  39.509 0.3333329856
123531  4.376  -16.826  39.251 0.2222220004
123521  3.969  -17.244  39.367 0.3333329856
71267  5.745  -16.191  38.435 0.3333329856
71276  6.086  -16.520  37.453 0.4444440007
72507  6.394  -15.272  38.870 0.2222220004
123524  4.831  -16.114  39.436 0.1111110002
72506  6.690  -15.094  38.446 0.2222220004
71266  6.676  -15.758  37.859 0.3333329856
71274  7.663  -15.909  37.046 0.4444440007
71285  7.914  -16.152  36.327 0.5555559993
71255  7.987  -14.973  37.986 0.1111110002
72505  7.318  -14.939  38.111 0.2222220004
71273  8.423  -15.574  36.963 0.1111110002
71264  8.220  -15.386  37.622 0.1111110002
71265  7.463  -15.577  37.652 0.2222220004
71284  8.642  -15.793  35.869 0.4444440007
60581  21.826  -25.910  29.650 0.2222220004
61908  20.888  -25.467  29.677 0.5555559993
71283  9.732  -15.848  36.047 0.2222220004
60569  23.510  -26.161  30.383 0.3333329856
60570  22.380  -26.263  30.139 0.2222220004
60580  22.726  -25.911  29.141 0.4444440007
122600  24.703  -16.350  40.371 0.1111110002
122601  24.511  -15.952  39.458 0.1111110002
71242  24.980  -16.327  39.100 0.1111110002
122650  24.629  -16.510  38.596 0.1111110002
71261  24.620  -17.143  38.240 0.1111110002
70086  23.962  -17.632  37.482 0.1111110002
71282  10.717  -15.881  36.102 0.2222220004
71291  11.141  -16.158  35.099 0.3333329856
70107  12.027  -16.792  34.761 0.5555559993
72519  11.519  -15.432  36.445 0.2222220004
71281  11.398  -15.702  35.670 0.3333329856
70106  12.440  -16.276  34.539 0.3333329856
70080  29.027  -18.098  37.112 0.1111110002
123852  28.388  -18.850  36.155 0.2222220004
67933  26.240  -19.724  33.999 0.1111110002
67955  25.324  -19.571  33.190 0.2222220004
67913  27.725  -19.166  35.141 0.2222220004
123903  26.861  -19.465  34.190 0.2222220004
67967  25.340  -19.785  33.014 0.2222220004
123920  25.120  -19.865  32.747 0.2222220004
67934  25.722  -19.674  33.734 0.2222220004
66753  24.496  -19.516  32.465 0.3333329856
66764  24.567  -19.613  32.251 0.3333329856
66772  24.301  -19.819  31.546 0.2222220004
69275  31.521  -18.461  12.009 0.8888890147
69279  32.398  -18.033  10.731 0.7777780294
72616  27.882  -15.591  26.846 0.3333329856
70378  32.245  -17.384  11.458 0.7777780294
70383  32.613  -17.502  10.548 0.7777780294
71376  28.706  -15.880  26.319 0.3333329856
72626  28.086  -15.861  25.127 0.3333329856
72820  33.522  -15.822  12.260 0.7777780294
71595  32.497  -16.909  12.314 0.6666669846
70370  32.472  -17.916  13.294 0.6666669846
72883  35.306  -15.452  8.902 0.6666669846
72863  34.690  -14.976  9.800 0.6666669846
72843  33.352  -15.597  11.375 0.7777780294
71594  32.797  -16.347  11.659 0.7777780294
70373  32.228  -17.621  12.686 0.6666669846
70374  31.759  -18.105  12.343 0.7777780294
72906  37.475  -15.866  7.917 0.7777780294
71630  33.521  -16.374  9.721 0.7777780294
70377  32.710  -16.853  10.794 0.7777780294
71392  28.720  -16.022  25.400 0.3333329856
71422  29.631  -15.918  23.413 0.4444440007
73983  36.630  -14.408  11.748 0.3333329856
73995  35.859  -14.547  10.794 0.4444440007
73985  34.859  -14.976  12.231 0.4444440007
72805  33.754  -16.087  12.756 0.7777780294
70369  32.967  -17.515  13.610 0.5555559993
68142  32.687  -18.602  13.984 0.7777780294
72860  38.176  -15.418  9.591 0.4444440007
72840  37.004  -14.932  10.323 0.5555559993
73996  34.782  -14.621  11.089 0.5555559993
72842  33.862  -15.215  10.709 0.6666669846
72882  36.324  -15.546  8.792 0.6666669846
71672  39.577  -15.924  7.385 0.7777780294
72905  38.062  -15.656  7.902 0.7777780294
70420  40.135  -17.428  6.329 0.7777780294
71407  28.861  -15.797  24.281 0.3333329856
75155  38.404  -13.635  12.958 0.1111110002
69262  33.383  -18.433  14.578 0.4444440007
73969  37.470  -14.120  12.563 0.2222220004
73970  36.353  -14.371  12.730 0.3333329856
73971  35.428  -14.938  12.979 0.2222220004
72787  34.563  -16.000  13.561 0.3333329856
70365  33.813  -17.518  14.345 0.3333329856
72800  42.352  -15.276  12.215 0.1111110002
72815  41.549  -15.531  11.577 0.1111110002
72816  40.597  -15.240  11.563 0.3333329856
72817  39.716  -15.060  11.177 0.5555559993
73982  37.639  -14.475  11.622 0.3333329856
73984  35.623  -14.554  11.922 0.4444440007
72804  34.419  -15.742  12.858 0.5555559993
71568  33.386  -16.879  13.566 0.5555559993
69266  32.986  -18.335  14.042 0.5555559993
72814  42.418  -15.580  11.598 0.1111110002
72836  40.824  -15.811  10.689 0.2222220004
72837  39.915  -15.410  10.598 0.4444440007
72838  38.878  -15.143  10.586 0.5555559993
72839  37.865  -15.080  10.277 0.4444440007
72834  42.467  -15.757  10.932 0.1111110002
71626  41.682  -16.182  9.638 0.3333329856
72879  39.726  -16.055  8.918 0.6666669846
71671  40.588  -16.138  7.835 0.7777780294
72903  39.918  -15.590  8.090 0.7777780294
72904  39.081  -15.451  7.986 0.7777780294
71700  40.858  -16.559  6.708 0.7777780294
71701  39.980  -16.508  6.849 0.7777780294
70222  31.120  -16.611  22.050 0.2222220004
70241  30.689  -16.572  21.637 0.2222220004
70361  34.338  -17.729  15.015 0.3333329856
69261  33.853  -18.097  15.041 0.4444440007
73951  37.056  -14.157  13.443 0.2222220004
72786  35.071  -15.544  13.772 0.2222220004
71557  34.300  -16.959  14.299 0.3333329856
73931  36.925  -14.221  14.354 0.1111110002
69250  34.363  -18.309  15.604 0.3333329856
72785  35.577  -15.076  13.913 0.2222220004
72769  35.514  -16.047  14.715 0.2222220004
70360  35.111  -17.476  15.228 0.2222220004
72768  35.849  -15.336  14.390 0.1111110002
69231  34.623  -18.617  16.602 0.3333329856
71546  35.433  -16.692  14.977 0.1111110002
69249  35.377  -18.345  15.966 0.2222220004
71545  35.745  -16.814  15.538 0.2222220004
69230  35.581  -18.572  16.779 0.2222220004
70359  35.874  -17.621  15.966 0.1111110002
72637  28.258  -15.843  24.705 0.4444440007
71423  28.595  -15.954  23.389 0.5555559993
66696  0.797  -20.215  41.146 0.6666669846
123363  -1.983  -19.741  42.910 0.4444440007
122629  24.021  -16.371  38.455 0.1111110002
67879  0.833  -19.420  41.167 0.4444440007
69024  0.771  -19.117  41.581 0.3333329856
69007  0.646  -18.943  43.941 0.2222220004
70379  31.757  -17.904  11.931 0.7777780294
70382  33.053  -17.112  9.945 0.7777780294
72819  34.093  -15.244  11.758 0.6666669846
71580  33.175  -16.596  12.896 0.6666669846
70372  32.742  -17.185  12.985 0.5555559993
74004  35.419  -14.646  10.161 0.6666669846
72862  36.024  -14.925  9.795 0.5555559993
71613  33.807  -15.681  9.952 0.6666669846
71614  32.990  -15.975  10.461 0.7777780294
72881  37.409  -15.646  8.554 0.7777780294
71674  37.501  -16.417  7.524 0.7777780294
71673  38.550  -16.293  7.279 0.7777780294
72841  36.438  -14.740  10.454 0.4444440007
73994  36.883  -14.591  10.942 0.4444440007
73972  35.032  -15.328  12.705 0.5555559993
71579  33.845  -16.217  13.064 0.5555559993
70368  33.526  -17.076  13.854 0.3333329856
72861  37.116  -15.346  9.588 0.5555559993
73993  37.728  -14.748  10.860 0.3333329856
72880  38.605  -15.644  8.782 0.7777780294
71702  39.251  -16.573  6.912 0.7777780294
73968  38.487  -14.223  12.266 0.2222220004
73952  36.136  -14.729  13.775 0.1111110002
72803  35.097  -15.477  13.045 0.2222220004
71566  34.547  -16.063  13.927 0.3333329856
71567  33.958  -16.451  13.775 0.4444440007
70364  34.509  -17.269  14.658 0.3333329856
73979  40.097  -14.893  11.584 0.5555559993
73980  39.592  -14.770  11.593 0.5555559993
72818  39.209  -14.927  11.178 0.5555559993
73981  38.655  -14.719  11.381 0.3333329856
73992  38.286  -14.900  10.757 0.3333329856
72835  41.704  -15.822  10.970 0.2222220004
71612  41.293  -16.002  10.525 0.2222220004
72859  39.239  -15.585  9.735 0.5555559993
72858  40.206  -15.778  9.901 0.5555559993
71627  40.953  -16.162  9.995 0.2222220004
71645  40.422  -16.066  9.538 0.5555559993
71644  40.719  -16.265  9.004 0.5555559993
72878  40.239  -15.979  8.457 0.6666669846
71556  34.822  -16.569  14.411 0.3333329856
60386  -1.003  -25.048  44.151 0.1111110002
60402  -0.319  -25.273  43.466 0.1111110002
123357  -2.909  -20.830  42.183 0.1111110002
123351  -2.324  -21.107  42.526 0.2222220004
123411  6.966  -19.247  45.048 0.1111110002
123437  9.084  -17.984  43.993 0.1111110002
123422  8.102  -19.311  43.205 0.1111110002
70021  8.568  -18.589  45.209 0.1111110002
123419  7.395  -20.686  42.858 0.1111110002
65401  8.190  -20.378  42.422 0.1111110002
123506  2.225  -17.694  41.253 0.4444440007
123427  7.682  -21.323  42.555 0.1111110002
123520  1.573  -18.302  41.343 0.6666669846
123432  8.976  -19.021  43.104 0.1111110002
123486  2.866  -17.307  40.976 0.2222220004
123505  2.677  -17.377  41.219 0.2222220004
65412  8.035  -21.827  42.320 0.1111110002
70041  10.040  -18.620  43.057 0.1111110002
70042  9.556  -18.961  42.773 0.1111110002
67876  9.987  -19.385  41.678 0.1111110002
66688  9.163  -19.788  41.971 0.1111110002
123463  3.287  -16.422  41.233 0.1111110002
65409  10.214  -20.737  41.421 0.1111110002
66687  9.709  -20.056  41.477 0.1111110002
64244  9.722  -22.098  40.997 0.1111110002
65411  8.794  -21.691  41.989 0.1111110002
65430  9.059  -22.108  39.833 0.1111110002
65419  8.520  -22.268  40.875 0.1111110002
65443  7.843  -21.460  38.935 0.1111110002
66701  10.564  -20.920  39.811 0.1111110002
66693  10.934  -20.693  40.701 0.1111110002
65441  9.870  -21.294  38.922 0.1111110002
65429  9.923  -21.629  40.520 0.1111110002
66702  9.696  -21.372  39.522 0.1111110002
64256  9.501  -22.049  40.416 0.1111110002
65456  8.920  -21.989  38.021 0.1111110002
65442  8.822  -21.224  38.790 0.1111110002
65457  7.916  -21.785  37.888 0.1111110002
65470  7.952  -21.903  36.591 0.2222220004
66700  11.420  -20.306  40.387 0.1111110002
65455  10.081  -21.803  38.224 0.1111110002
65468  10.239  -22.260  37.542 0.1111110002
61881  21.323  -24.431  33.229 0.2222220004
64288  9.764  -22.485  36.695 0.1111110002
65469  9.219  -22.176  37.013 0.1111110002
64301  9.293  -22.699  36.128 0.2222220004
65478  9.543  -22.563  35.287 0.3333329856
65479  8.605  -22.319  35.554 0.1111110002
122494  19.157  -21.139  38.119 0.2222220004
65465  15.248  -20.718  38.115 0.1111110002
65466  14.269  -21.472  37.751 0.1111110002
122584  17.990  -20.288  37.677 0.2222220004
66712  16.274  -20.534  38.122 0.2222220004
122706  12.701  -21.433  37.359 0.1111110002
66720  15.892  -20.430  38.192 0.2222220004
122705  13.208  -21.560  36.742 0.1111110002
64286  11.873  -21.821  37.212 0.1111110002
64277  11.033  -22.049  37.687 0.1111110002
60536  22.822  -25.164  34.212 0.1111110002
61880  21.932  -24.721  33.419 0.2222220004
122644  13.441  -21.496  36.676 0.1111110002
64298  12.327  -21.926  36.671 0.1111110002
64287  10.841  -22.433  37.184 0.1111110002
122681  13.741  -21.374  36.801 0.1111110002
64299  11.438  -22.510  36.417 0.1111110002
61891  20.778  -24.448  32.324 0.3333329856
63157  20.890  -23.874  34.040 0.3333329856
64300  10.004  -22.787  35.981 0.2222220004
63166  20.113  -24.003  32.676 0.4444440007
64312  10.030  -22.630  35.251 0.2222220004
65492  9.814  -22.165  34.561 0.5555559993
60535  23.389  -25.537  33.870 0.1111110002
60523  24.050  -25.196  34.485 0.1111110002
60549  22.025  -25.036  32.678 0.1111110002
122631  15.555  -21.040  37.074 0.2222220004
122654  14.642  -20.913  37.222 0.1111110002
64310  12.564  -22.510  35.818 0.1111110002
64311  10.889  -22.622  35.413 0.2222220004
122708  14.077  -21.708  36.197 0.3333329856
61892  20.002  -24.282  31.732 0.4444440007
65489  13.624  -22.217  35.195 0.4444440007
60548  22.607  -25.269  33.089 0.1111110002
61890  21.572  -24.797  32.440 0.2222220004
61899  21.281  -25.001  31.295 0.2222220004
61900  20.351  -24.758  30.937 0.4444440007
60522  24.745  -25.408  34.298 0.1111110002
61860  25.631  -25.383  34.522 0.1111110002
60534  24.266  -25.586  33.590 0.1111110002
60561  21.960  -25.493  31.887 0.1111110002
61901  19.472  -24.356  30.825 0.4444440007
61859  26.943  -25.337  34.447 0.1111110002
60533  25.136  -25.499  33.504 0.1111110002
60547  23.572  -25.620  32.773 0.1111110002
60560  22.808  -25.794  32.014 0.1111110002
61909  19.808  -24.753  29.703 0.4444440007
61845  28.982  -24.585  35.803 0.1111110002
61847  27.902  -25.227  35.302 0.1111110002
71290  12.015  -15.854  35.061 0.2222220004
61857  28.118  -24.979  35.041 0.1111110002
60546  24.704  -25.556  32.441 0.1111110002
60559  23.686  -25.910  31.674 0.1111110002
59200  22.870  -26.162  31.176 0.1111110002
70128  16.095  -15.479  32.758 0.1111110002
59202  21.870  -25.883  31.296 0.1111110002
59213  21.875  -26.136  31.094 0.1111110002
60571  21.626  -25.903  30.734 0.2222220004
64293  28.954  -22.396  35.208 0.1111110002
64294  28.689  -23.021  35.438 0.1111110002
64282  29.362  -23.279  35.861 0.1111110002
63123  29.670  -23.807  36.262 0.1111110002
72524  12.823  -14.947  35.309 0.2222220004
72525  11.939  -15.372  35.717 0.2222220004
123771  28.832  -22.275  34.511 0.1111110002
64307  28.342  -22.343  34.577 0.1111110002
64295  28.236  -23.342  35.114 0.1111110002
63143  28.240  -24.470  34.834 0.1111110002
71289  12.834  -15.785  34.586 0.2222220004
64317  27.886  -22.344  33.513 0.1111110002
64308  27.803  -22.904  34.499 0.1111110002
63134  28.194  -23.685  34.760 0.1111110002
63144  27.801  -24.091  34.235 0.1111110002
70118  14.498  -15.739  33.337 0.1111110002
71299  13.631  -15.591  34.175 0.2222220004
123746  28.160  -22.315  32.162 0.1111110002
65514  27.135  -21.797  32.334 0.1111110002
64328  26.762  -23.069  33.017 0.1111110002
63150  27.207  -24.012  33.167 0.1111110002
61867  26.769  -24.927  33.577 0.1111110002
123775  27.584  -22.854  31.316 0.1111110002
64336  26.696  -22.466  32.225 0.1111110002
63155  27.230  -24.178  32.498 0.1111110002
61887  26.598  -24.741  31.753 0.1111110002
61877  25.755  -25.139  32.268 0.1111110002
60545  25.384  -25.333  32.868 0.1111110002
123791  27.483  -23.474  31.069 0.1111110002
63173  26.849  -24.033  30.654 0.1111110002
61878  25.165  -25.404  31.658 0.1111110002
60558  24.607  -25.743  31.186 0.1111110002
59211  22.744  -26.293  30.618 0.1111110002
63178  27.033  -23.604  30.353 0.1111110002
61904  26.200  -24.237  30.027 0.1111110002
59212  22.240  -26.267  30.846 0.1111110002
61915  25.927  -24.416  29.141 0.1111110002
63172  27.229  -23.978  31.277 0.1111110002
63171  27.097  -24.311  31.731 0.1111110002
61896  26.450  -24.536  30.906 0.1111110002
61888  25.615  -25.112  31.183 0.1111110002
60557  25.065  -25.441  30.848 0.1111110002
61905  25.517  -24.686  29.502 0.2222220004
61898  25.006  -24.925  29.668 0.1111110002
60568  24.634  -25.363  30.177 0.1111110002
60579  23.969  -25.933  29.180 0.1111110002
61916  25.458  -24.674  28.856 0.1111110002
61906  25.053  -24.852  29.136 0.2222220004
63331  31.340  -23.810  13.793 0.1111110002
63342  32.418  -23.679  12.750 0.1111110002
66976  34.138  -20.015  10.344 0.6666669846
66986  35.393  -19.673  9.637 0.6666669846
68155  34.031  -19.421  9.820 0.7777780294
66978  32.627  -19.411  10.465 0.7777780294
68161  35.947  -19.466  9.069 0.6666669846
68162  34.930  -19.096  9.121 0.6666669846
68156  33.198  -18.984  9.989 0.6666669846
68172  35.265  -18.702  8.588 0.6666669846
69282  35.001  -18.534  8.666 0.6666669846
69284  33.572  -17.951  9.513 0.6666669846
69278  32.817  -18.134  9.979 0.6666669846
69283  34.502  -18.055  8.935 0.6666669846
69287  36.806  -18.915  7.828 0.6666669846
69289  35.303  -18.151  8.033 0.6666669846
70386  34.482  -17.052  8.763 0.6666669846
71629  34.194  -16.109  9.254 0.6666669846
70387  33.907  -17.124  9.374 0.6666669846
65805  42.603  -22.045  7.733 0.5555559993
67009  40.995  -21.004  7.996 0.5555559993
67010  39.912  -20.634  7.820 0.6666669846
65827  42.061  -21.843  7.201 0.5555559993
67021  40.615  -20.413  6.990 0.6666669846
67011  38.855  -20.186  7.615 0.6666669846
68180  37.574  -19.167  7.741 0.6666669846
69299  37.119  -18.369  7.556 0.6666669846
71648  35.603  -16.254  8.165 0.6666669846
72884  34.635  -15.571  9.004 0.5555559993
67022  39.708  -20.201  6.969 0.6666669846
68179  38.474  -19.253  7.368 0.6666669846
69298  38.162  -18.328  7.354 0.6666669846
65804  43.539  -21.881  7.584 0.5555559993
65826  42.603  -21.820  6.795 0.5555559993
67020  41.671  -21.004  6.868 0.5555559993
70404  36.918  -17.329  7.349 0.6666669846
71675  36.705  -16.611  7.611 0.6666669846
68191  39.257  -19.421  6.821 0.6666669846
70403  37.818  -17.352  7.213 0.6666669846
70402  38.790  -17.395  6.898 0.6666669846
69310  39.815  -18.522  6.544 0.6666669846
69297  39.033  -18.447  7.023 0.6666669846
73967  39.446  -14.399  12.172 0.1111110002
65803  44.538  -21.511  7.554 0.4444440007
65824  44.675  -21.325  6.672 0.4444440007
65825  43.599  -21.487  6.464 0.5555559993
68188  41.874  -20.304  6.235 0.6666669846
70421  39.492  -17.102  6.615 0.6666669846
67019  42.459  -20.879  6.131 0.5555559993
68190  40.218  -19.515  6.475 0.6666669846
70401  39.499  -17.764  6.775 0.6666669846
73966  40.401  -14.648  12.155 0.3333329856
65802  45.473  -21.235  7.519 0.3333329856
65848  44.155  -21.396  6.057 0.4444440007
67018  43.076  -20.993  5.862 0.5555559993
68196  42.010  -19.754  5.657 0.6666669846
68197  41.574  -19.279  5.722 0.6666669846
69309  40.757  -18.534  5.876 0.6666669846
68189  41.265  -19.735  6.175 0.6666669846
65800  46.945  -20.966  7.793 0.3333329856
65801  46.089  -21.073  7.405 0.3333329856
65823  45.495  -21.222  6.655 0.3333329856
70419  40.977  -17.256  5.752 0.6666669846
65822  46.305  -21.186  6.713 0.3333329856
67032  43.627  -20.979  5.519 0.6666669846
69318  41.122  -18.009  5.447 0.6666669846
67043  43.132  -20.302  4.971 0.6666669846
68202  42.512  -19.701  4.970 0.6666669846
69317  41.633  -18.587  5.346 0.6666669846
71643  41.671  -16.235  8.680 0.5555559993
71670  41.754  -16.325  7.607 0.6666669846
71699  41.889  -16.399  6.288 0.5555559993
68209  43.775  -19.162  4.183 0.6666669846
70451  42.243  -17.811  4.807 0.6666669846
71724  41.972  -16.838  5.617 0.5555559993
65820  48.138  -21.372  6.657 0.2222220004
65845  46.449  -21.084  5.766 0.4444440007
65867  45.617  -21.155  5.027 0.5555559993
68208  44.137  -19.681  3.936 0.6666669846
68201  43.390  -19.574  4.524 0.6666669846
65821  47.189  -21.307  6.720 0.2222220004
65846  45.610  -21.036  5.871 0.3333329856
67031  44.120  -20.967  5.121 0.6666669846
69323  42.487  -18.633  4.775 0.6666669846
70437  41.433  -17.661  5.420 0.6666669846
69316  42.147  -19.156  5.208 0.6666669846
71698  43.160  -16.102  6.598 0.5555559993
71723  42.582  -16.635  5.456 0.4444440007
71722  43.723  -16.149  5.717 0.4444440007
65817  50.943  -21.412  7.024 0.2222220004
65819  49.067  -21.332  6.668 0.2222220004
69322  43.503  -18.482  4.119 0.6666669846
70449  43.557  -17.353  3.947 0.5555559993
71740  43.298  -16.553  4.679 0.5555559993
65844  47.375  -21.271  5.673 0.4444440007
67040  45.480  -20.945  4.140 0.5555559993
67054  44.899  -20.325  3.803 0.6666669846
69330  44.288  -18.558  3.476 0.6666669846
69321  43.736  -17.954  3.478 0.6666669846
65842  49.345  -21.456  5.644 0.2222220004
65864  48.507  -21.608  4.650 0.3333329856
65865  47.560  -21.371  4.703 0.4444440007
67039  45.955  -21.002  3.830 0.5555559993
68207  44.973  -19.461  3.452 0.5555559993
72950  43.840  -16.108  4.491 0.5555559993
65816  51.691  -21.636  7.186 0.1111110002
65795  51.383  -21.738  8.295 0.1111110002
71739  44.148  -16.376  4.031 0.5555559993
65839  52.234  -21.626  6.509 0.1111110002
65840  51.399  -21.489  6.082 0.1111110002
65841  50.407  -21.530  5.610 0.1111110002
70469  44.769  -17.802  2.957 0.5555559993
64589  52.773  -21.966  5.601 0.2222220004
64590  51.886  -21.816  5.280 0.1111110002
64591  51.013  -21.727  5.088 0.1111110002
65863  49.600  -21.789  4.558 0.2222220004
65884  47.611  -21.433  3.594 0.5555559993
67071  46.042  -20.190  2.838 0.5555559993
68218  45.612  -19.402  2.902 0.5555559993
69329  45.140  -18.553  2.988 0.5555559993
64605  53.363  -22.455  4.741 0.2222220004
64607  51.304  -22.257  4.386 0.2222220004
64609  49.835  -22.035  4.030 0.2222220004
65883  48.641  -21.731  3.670 0.4444440007
67069  47.760  -20.900  2.567 0.5555559993
67070  46.640  -20.551  2.304 0.5555559993
69343  45.621  -18.474  2.236 0.5555559993
67086  47.339  -20.206  1.856 0.5555559993
71738  45.229  -15.965  3.896 0.4444440007
70448  44.318  -17.213  3.301 0.5555559993
64604  54.270  -22.156  4.803 0.1111110002
63407  53.027  -23.236  4.031 0.2222220004
64623  51.582  -22.786  3.423 0.2222220004
64624  50.648  -22.414  3.616 0.2222220004
64625  50.002  -22.181  3.576 0.3333329856
65903  48.769  -21.408  2.711 0.5555559993
68217  46.038  -19.543  2.188 0.5555559993
63425  56.747  -23.409  4.321 0.1111110002
62212  54.757  -23.981  4.448 0.1111110002
63406  54.071  -23.318  4.176 0.1111110002
64622  52.257  -22.975  3.668 0.2222220004
64642  50.614  -22.350  2.631 0.3333329856
65902  49.742  -21.900  2.725 0.4444440007
67085  48.134  -20.230  1.900 0.5555559993
69342  46.303  -18.687  1.729 0.4444440007
62238  55.479  -24.655  3.944 0.1111110002
63427  53.545  -23.944  3.643 0.2222220004
63429  51.811  -23.108  2.890 0.2222220004
65914  50.601  -21.735  1.522 0.3333329856
65901  50.183  -21.826  2.218 0.4444440007
62237  56.492  -24.341  3.921 0.1111110002
71737  46.410  -16.498  3.904 0.3333329856
71774  46.432  -17.140  2.347 0.4444440007
71756  46.473  -16.777  2.831 0.4444440007
70447  45.332  -17.039  3.304 0.4444440007
70506  47.295  -17.842  1.503 0.4444440007
70488  46.901  -17.616  1.839 0.4444440007
70489  46.246  -17.646  1.900 0.4444440007
70468  45.285  -17.585  2.574 0.4444440007
69356  47.670  -18.429  0.988 0.5555559993
67082  50.325  -20.929  0.882 0.5555559993
67083  49.714  -20.728  1.216 0.5555559993
68257  48.214  -19.422  0.417 0.5555559993
68231  47.576  -19.508  1.128 0.5555559993
70507  46.693  -18.072  1.582 0.4444440007
60947  57.541  -25.505  2.694 0.1111110002
60922  57.150  -24.810  3.472 0.1111110002
60924  55.219  -25.601  3.234 0.1111110002
62239  54.243  -24.743  3.858 0.2222220004
63428  52.455  -23.594  3.189 0.2222220004
63456  51.829  -23.283  2.390 0.3333329856
62267  58.422  -24.577  2.769 0.1111110002
62268  57.778  -24.590  3.245 0.1111110002
71755  47.299  -16.577  3.227 0.3333329856
70505  48.109  -17.622  1.322 0.4444440007
71785  47.236  -17.434  1.877 0.4444440007
68255  50.273  -19.417  0.523 0.4444440007
69390  49.180  -19.009  -0.349 0.5555559993
69373  48.070  -18.437  0.483 0.5555559993
67100  50.070  -20.246  0.735 0.5555559993
68256  49.251  -19.698  0.492 0.5555559993
67116  47.675  -18.620  -0.431 0.5555559993
60948  56.158  -25.875  2.219 0.1111110002
60925  54.041  -25.844  3.051 0.2222220004
62270  52.770  -24.423  2.379 0.2222220004
63455  52.316  -23.930  2.164 0.2222220004
65913  51.083  -22.053  1.244 0.4444440007
65925  51.308  -21.705  0.753 0.5555559993
59658  57.590  -26.893  1.075 0.1111110002
59637  57.157  -26.292  1.796 0.1111110002
60949  54.950  -26.179  2.092 0.2222220004
60950  54.063  -25.903  2.053 0.2222220004
60951  53.450  -25.314  2.023 0.2222220004
63470  52.726  -24.006  0.971 0.3333329856
64651  51.859  -22.764  1.068 0.4444440007
59673  57.226  -27.470  0.239 0.2222220004
59659  56.321  -26.531  0.880 0.2222220004
60970  55.513  -26.189  1.597 0.2222220004
59639  54.605  -26.194  1.675 0.2222220004
60973  53.469  -25.036  1.296 0.2222220004
62269  52.904  -24.573  1.782 0.2222220004
59674  56.595  -27.002  -0.796 0.4444440007
67098  51.555  -20.469  0.108 0.4444440007
67099  50.749  -20.501  0.492 0.4444440007
64661  52.297  -22.544  0.528 0.4444440007
65924  52.007  -21.428  0.087 0.4444440007
59660  55.015  -26.320  1.182 0.3333329856
59661  54.320  -25.856  1.254 0.3333329856
60989  53.931  -25.326  0.793 0.3333329856
62290  53.204  -24.539  1.033 0.3333329856
63481  53.072  -23.389  0.336 0.3333329856
59675  55.374  -26.285  -0.356 0.4444440007
59676  54.501  -25.739  0.278 0.3333329856
62318  54.525  -24.009  -0.046 0.4444440007
62304  53.503  -23.833  0.329 0.4444440007
63492  53.536  -23.269  0.057 0.3333329856
59689  56.274  -25.127  -2.050 0.4444440007
67115  53.252  -20.664  -0.429 0.4444440007
67097  52.410  -20.528  -0.199 0.4444440007
64671  54.431  -22.546  -0.731 0.4444440007
64672  53.413  -22.643  -0.112 0.4444440007
65936  52.811  -21.705  -0.140 0.4444440007
59690  54.907  -25.317  -0.726 0.4444440007
61004  55.003  -24.334  -0.805 0.4444440007
63480  53.616  -23.605  0.177 0.4444440007
123031  57.415  -24.171  -3.226 0.4444440007
123033  56.653  -23.770  -2.636 0.4444440007
70515  55.933  -17.462  0.864 0.1111110002
68250  55.148  -18.921  -0.026 0.2222220004
68251  54.732  -19.247  0.007 0.3333329856
67113  54.860  -20.761  -1.303 0.2222220004
68280  54.537  -19.998  -0.453 0.4444440007
69388  53.858  -19.275  -0.124 0.4444440007
65934  54.287  -21.558  -1.159 0.4444440007
67114  53.988  -20.696  -0.848 0.4444440007
68281  53.737  -19.839  -0.382 0.4444440007
68282  52.927  -19.631  -0.520 0.4444440007
65935  53.681  -21.633  -0.586 0.4444440007
64680  55.547  -23.192  -1.375 0.4444440007
64670  55.026  -22.949  -0.842 0.4444440007
64723  58.069  -22.382  -4.257 0.3333329856
64706  57.457  -22.600  -3.756 0.4444440007
63534  57.189  -23.261  -3.441 0.4444440007
123036  56.045  -23.698  -2.240 0.4444440007
70527  56.332  -17.525  -0.064 0.1111110002
69365  55.430  -18.171  -0.033 0.1111110002
68278  56.967  -19.181  -1.053 0.1111110002
68279  55.643  -19.565  -0.794 0.2222220004
68305  56.636  -19.805  -1.813 0.2222220004
68306  56.050  -20.317  -1.731 0.2222220004
65943  57.347  -21.090  -2.017 0.2222220004
67128  56.036  -21.130  -1.860 0.2222220004
67129  55.466  -21.315  -1.644 0.2222220004
65946  54.964  -22.084  -1.552 0.4444440007
65944  56.653  -21.727  -2.053 0.3333329856
65945  55.873  -22.000  -1.566 0.3333329856
63550  58.407  -23.230  -4.414 0.3333329856
65994  57.964  -21.976  -4.075 0.1111110002
65980  57.536  -21.907  -3.615 0.2222220004
65963  56.887  -21.986  -2.932 0.2222220004
63500  56.083  -23.059  -1.900 0.4444440007
70526  57.257  -17.763  -0.183 0.1111110002
69387  56.478  -18.349  -0.641 0.1111110002
67127  56.681  -20.767  -1.982 0.2222220004
65961  57.973  -20.996  -2.364 0.2222220004
65942  57.735  -20.791  -1.970 0.2222220004
65962  57.362  -21.337  -2.753 0.2222220004
70513  58.064  -17.815  0.622 0.1111110002
70514  57.026  -17.240  0.732 0.1111110002
69385  58.468  -18.473  -0.140 0.1111110002
69386  57.484  -18.572  -0.435 0.1111110002
68276  58.994  -19.235  -0.718 0.1111110002
68277  58.001  -19.375  -0.699 0.1111110002
68301  59.955  -19.475  -1.547 0.1111110002
68302  59.517  -19.488  -1.482 0.1111110002
68304  57.612  -19.745  -1.580 0.1111110002
67146  60.507  -20.286  -2.742 0.1111110002
68330  59.474  -19.885  -2.233 0.1111110002
68303  58.626  -19.661  -1.630 0.1111110002
67126  57.355  -20.410  -2.048 0.2222220004
67148  58.634  -20.704  -2.630 0.2222220004
65978  59.099  -20.927  -3.687 0.2222220004
65979  58.350  -21.107  -3.393 0.2222220004
69384  59.428  -18.765  -0.121 0.1111110002
60969  60.047  -25.803  1.816 0.1111110002
62286  60.965  -24.890  2.610 0.1111110002
59671  60.578  -26.960  0.991 0.1111110002
59635  59.335  -26.716  1.612 0.1111110002
123454  7.385  -22.249  41.720 0.1111110002
65420  7.907  -22.253  41.279 0.1111110002
65431  7.822  -21.845  40.071 0.1111110002
122615  16.819  -20.017  37.511 0.2222220004
60589  24.915  -24.920  28.472 0.2222220004
60590  24.227  -25.481  28.408 0.2222220004
68157  32.481  -18.723  10.530 0.6666669846
69274  31.978  -18.395  11.299 0.7777780294
71647  36.526  -16.114  8.098 0.6666669846
69248  36.036  -18.252  16.385 0.1111110002
70418  41.597  -17.052  5.593 0.6666669846
70056  2.374  -17.379  42.142 0.2222220004
69012  9.691  -19.137  42.288 0.1111110002
65410  9.622  -21.177  41.649 0.1111110002
65428  10.455  -21.217  40.615 0.1111110002
64232  9.296  -22.101  41.517 0.1111110002
66695  9.715  -21.577  39.946 0.1111110002
65467  10.760  -22.169  37.647 0.1111110002
64289  9.113  -22.529  36.375 0.1111110002
122536  18.360  -20.828  38.224 0.2222220004
122680  13.643  -21.283  37.218 0.1111110002
63132  29.373  -24.168  35.756 0.1111110002
61868  25.959  -25.234  33.239 0.1111110002
63133  28.820  -23.976  35.178 0.1111110002
64318  27.219  -22.231  33.467 0.1111110002
64309  27.415  -23.132  33.773 0.1111110002
65501  26.669  -21.790  33.198 0.1111110002
123773  27.467  -22.106  32.524 0.1111110002
64319  26.886  -22.814  33.176 0.1111110002
63145  27.326  -24.044  33.629 0.1111110002
61876  26.893  -24.699  32.708 0.1111110002
61889  25.134  -25.467  31.210 0.1111110002
61897  25.533  -24.909  30.273 0.1111110002
60567  25.214  -25.219  30.608 0.1111110002
60578  24.605  -25.220  29.184 0.1111110002
68154  34.743  -19.679  9.863 0.6666669846
68163  33.958  -18.678  9.533 0.6666669846
68164  33.380  -18.462  9.720 0.6666669846
68171  35.738  -18.970  8.463 0.6666669846
68170  36.743  -19.356  8.287 0.6666669846
69290  34.758  -17.625  8.425 0.6666669846
69288  36.312  -18.682  7.897 0.6666669846
69301  35.820  -17.656  7.655 0.6666669846
70391  34.891  -17.074  8.061 0.6666669846
71649  34.771  -16.209  8.588 0.6666669846
65786  42.350  -21.948  8.593 0.5555559993
65806  41.777  -21.724  7.808 0.5555559993
71676  36.090  -16.634  7.712 0.6666669846
67012  38.020  -19.821  7.822 0.6666669846
69300  36.275  -17.938  7.610 0.6666669846
70405  36.211  -17.229  7.516 0.6666669846
67033  42.745  -20.466  5.477 0.6666669846
69308  41.300  -19.066  5.714 0.6666669846
65847  44.678  -21.288  5.693 0.3333329856
65868  45.124  -21.227  5.279 0.4444440007
67042  43.744  -20.509  4.809 0.6666669846
69331  43.969  -18.959  3.985 0.6666669846
68200  43.875  -20.215  4.368 0.6666669846
70435  42.445  -17.303  4.984 0.5555559993
70450  42.777  -17.568  4.458 0.6666669846
70436  41.958  -17.486  5.260 0.6666669846
65843  48.352  -21.342  5.654 0.3333329856
67041  44.553  -20.868  4.578 0.5555559993
69324  41.940  -18.134  4.927 0.6666669846
71741  42.736  -16.998  4.879 0.5555559993
65818  50.008  -21.304  6.804 0.2222220004
65796  50.484  -21.479  8.268 0.2222220004
65866  46.488  -21.173  4.569 0.4444440007
65885  47.030  -21.246  4.058 0.5555559993
67052  46.458  -21.053  3.372 0.5555559993
67053  45.652  -20.314  3.497 0.6666669846
65815  52.304  -22.048  8.089 0.1111110002
64592  50.533  -21.727  4.983 0.1111110002
65862  50.254  -21.750  4.881 0.2222220004
64606  52.342  -22.585  4.371 0.2222220004
65904  48.169  -21.434  3.093 0.5555559993
67051  47.062  -21.151  2.856 0.5555559993
64608  50.403  -21.985  4.393 0.2222220004
65882  49.388  -21.951  3.532 0.3333329856
70490  45.602  -17.641  2.071 0.4444440007
63405  54.999  -22.877  4.412 0.1111110002
64643  50.210  -22.291  3.127 0.3333329856
67068  48.430  -20.769  2.303 0.5555559993
65916  49.292  -21.376  2.298 0.5555559993
68232  46.723  -19.595  1.649 0.5555559993
62236  57.391  -24.080  3.817 0.1111110002
62211  55.753  -23.695  4.437 0.1111110002
62213  54.293  -24.031  4.114 0.1111110002
63426  54.074  -24.005  3.901 0.1111110002
63408  52.523  -23.096  3.811 0.2222220004
64653  50.998  -22.377  2.063 0.3333329856
65915  49.730  -21.409  1.951 0.5555559993
67084  48.989  -20.726  1.875 0.5555559993
69357  46.943  -18.698  1.290 0.5555559993
62241  52.686  -24.215  2.667 0.2222220004
64641  51.329  -22.816  2.504 0.3333329856
60923  56.358  -25.203  3.313 0.1111110002
70446  45.838  -16.913  2.993 0.4444440007
70467  45.921  -17.144  2.376 0.4444440007
71773  47.054  -17.156  2.340 0.4444440007
68258  47.676  -18.904  0.368 0.5555559993
65926  50.698  -21.266  0.818 0.5555559993
68229  49.128  -20.263  1.200 0.5555559993
68283  48.565  -19.304  -0.235 0.5555559993
68230  48.502  -20.061  1.104 0.5555559993
60946  58.787  -25.613  2.269 0.1111110002
62240  53.345  -24.681  2.785 0.2222220004
60926  53.638  -25.542  2.544 0.2222220004
64652  51.435  -22.622  1.556 0.4444440007
63472  51.876  -23.351  1.854 0.2222220004
70504  48.752  -17.395  0.973 0.3333329856
69371  49.565  -18.356  0.346 0.4444440007
69372  48.729  -18.170  0.433 0.3333329856
60972  53.823  -25.533  1.496 0.2222220004
63454  52.481  -24.013  1.551 0.3333329856
63471  52.125  -23.374  1.283 0.3333329856
64662  51.713  -22.418  0.973 0.4444440007
59636  58.180  -26.473  1.861 0.1111110002
60945  59.658  -25.832  1.894 0.1111110002
59657  58.586  -27.255  1.111 0.1111110002
60971  55.151  -26.266  1.638 0.2222220004
63482  52.509  -23.364  0.740 0.4444440007
61006  53.727  -24.455  0.330 0.3333329856
68254  51.266  -19.317  0.538 0.4444440007
68253  52.156  -19.271  0.131 0.4444440007
61005  54.085  -24.814  -0.071 0.3333329856
64660  52.904  -22.753  0.217 0.4444440007
64673  52.836  -22.422  0.099 0.4444440007
62319  53.863  -24.074  0.252 0.4444440007
123035  56.221  -24.244  -2.421 0.4444440007
69366  54.820  -18.516  0.454 0.1111110002
68252  54.173  -19.409  -0.116 0.4444440007
69389  53.499  -19.154  -0.311 0.4444440007
64681  55.023  -22.695  -1.074 0.4444440007
64707  56.980  -22.513  -3.246 0.4444440007
63535  56.764  -23.082  -2.965 0.4444440007
64691  56.482  -22.783  -2.460 0.4444440007
67112  55.600  -20.604  -1.486 0.2222220004
64679  56.128  -22.542  -1.814 0.4444440007
65981  57.092  -22.107  -3.278 0.2222220004
67125  58.133  -20.426  -1.969 0.1111110002
68331  58.833  -20.210  -2.267 0.1111110002
70525  57.820  -18.142  -0.069 0.1111110002
67147  59.407  -20.483  -2.774 0.1111110002
67168  59.064  -20.805  -3.232 0.1111110002
59656  60.359  -26.426  1.514 0.1111110002
58401  59.907  -26.763  0.917 0.1111110002
61686  -2.326  -24.523  45.726 0.1111110002
69021  1.170  -18.611  41.693 0.2222220004
70047  1.560  -17.956  42.993 0.1111110002
70057  1.521  -18.280  42.099 0.1111110002
73689  13.943  -13.838  36.511 0.1111110002
73690  12.924  -14.475  36.415 0.1111110002
72512  12.149  -15.037  36.995 0.1111110002
73700  12.982  -14.487  35.695 0.1111110002
72518  12.207  -15.003  36.168 0.1111110002
72533  13.274  -15.282  34.681 0.1111110002
122523  20.101  -23.461  34.356 0.3333329856
74754  13.336  -13.657  39.024 0.1111110002
73681  12.681  -14.637  37.652 0.1111110002
73665  13.052  -14.203  38.432 0.1111110002
73680  13.554  -13.997  37.545 0.1111110002
72513  11.454  -15.312  37.377 0.1111110002
72520  10.907  -15.580  36.973 0.1111110002
73699  13.457  -14.146  35.415 0.1111110002
73666  12.192  -14.606  38.542 0.1111110002
72502  11.986  -14.969  37.776 0.1111110002
72514  10.718  -15.429  37.716 0.1111110002
71271  10.195  -15.674  37.025 0.1111110002
71272  9.301  -15.502  36.981 0.1111110002
66972  37.964  -20.824  10.795 0.3333329856
66973  37.210  -20.500  10.610 0.3333329856
66974  36.224  -20.303  10.495 0.4444440007
66975  35.196  -20.011  10.416 0.5555559993
65753  38.580  -21.010  10.446 0.3333329856
65771  38.967  -21.222  10.041 0.2222220004
66983  38.268  -20.793  9.760 0.4444440007
66984  37.163  -20.081  9.658 0.5555559993
66985  36.112  -19.896  9.741 0.5555559993
65770  39.640  -21.290  10.018 0.2222220004
65788  40.879  -21.351  9.158 0.2222220004
66982  39.389  -20.964  9.502 0.3333329856
68160  36.691  -19.632  9.171 0.5555559993
65787  41.405  -21.690  8.723 0.2222220004
66995  40.285  -20.828  8.950 0.4444440007
66996  39.115  -20.662  8.683 0.5555559993
66997  37.975  -20.269  8.609 0.5555559993
65767  42.062  -21.881  9.424 0.2222220004
66994  40.903  -21.229  8.699 0.4444440007
68169  37.471  -19.767  8.214 0.5555559993
65785  43.283  -21.838  8.540 0.2222220004
65784  44.277  -21.672  8.534 0.4444440007
65783  45.442  -21.346  8.529 0.2222220004
67006  46.613  -20.953  8.343 0.1111110002
65780  47.854  -21.211  8.718 0.1111110002
65779  48.679  -21.308  8.587 0.1111110002
65799  47.953  -21.239  7.676 0.1111110002
71669  42.790  -16.037  7.564 0.4444440007
72935  45.357  -15.781  5.197 0.2222220004
72936  44.517  -15.827  5.317 0.2222220004
71772  48.006  -16.572  2.479 0.3333329856
60347  -2.368  -24.800  45.345 0.1111110002
66966  34.282  -20.646  10.893 0.5555559993
59074  -2.266  -25.212  45.367 0.1111110002
60369  -1.654  -25.369  44.741 0.1111110002
69013  1.338  -18.739  42.694 0.1111110002
69018  1.157  -18.624  42.193 0.2222220004
123508  3.804  -16.515  40.015 0.3333329856
66993  45.856  -20.970  8.042 0.2222220004
65797  49.611  -21.361  7.735 0.1111110002
72962  44.479  -15.843  4.031 0.4444440007
66998  37.290  -19.714  8.843 0.5555559993
66981  39.972  -21.020  9.610 0.2222220004
65768  41.246  -21.703  9.651 0.2222220004
65769  40.433  -21.337  9.819 0.2222220004
65766  42.938  -21.819  9.355 0.2222220004
65765  43.827  -21.738  9.379 0.1111110002
66992  46.192  -21.013  8.426 0.1111110002
65798  48.809  -21.381  7.612 0.1111110002
61853  15.750  -25.035  37.409 0.1111110002
122539  22.711  -24.050  35.234 0.1111110002
122468  22.366  -23.529  36.288 0.1111110002
122349  19.949  -23.060  39.158 0.1111110002
122576  21.626  -24.180  34.798 0.1111110002
122524  20.969  -23.405  37.443 0.2222220004
122452  21.113  -23.067  38.648 0.1111110002
122393  21.319  -23.143  39.441 0.1111110002
122386  20.952  -22.917  39.118 0.1111110002
122385  21.713  -23.712  40.072 0.1111110002
61871  21.529  -24.365  34.022 0.2222220004
122525  20.654  -23.171  35.507 0.2222220004
122450  20.282  -23.216  36.573 0.2222220004
122511  20.148  -23.644  38.180 0.1111110002
64264  13.580  -22.914  38.422 0.1111110002
64284  16.190  -23.264  35.982 0.1111110002
122451  17.682  -22.436  36.845 0.1111110002
122434  20.199  -22.522  38.761 0.1111110002
122565  19.322  -23.097  37.918 0.1111110002
122506  19.911  -22.779  38.635 0.1111110002
122391  20.054  -22.634  38.760 0.1111110002
122566  19.243  -22.632  37.982 0.1111110002
65453  13.467  -21.787  38.200 0.1111110002
64275  13.587  -22.574  38.374 0.1111110002
64273  15.650  -22.550  37.190 0.1111110002
64272  16.853  -22.182  36.696 0.1111110002
65450  17.731  -22.085  37.726 0.1111110002
66697  17.660  -21.600  38.254 0.1111110002
122368  18.862  -21.858  38.325 0.1111110002
122407  18.953  -21.482  38.295 0.1111110002
65437  16.992  -21.496  38.280 0.1111110002
65452  15.428  -21.437  38.121 0.1111110002
65438  16.335  -21.296  38.615 0.1111110002
66698  16.933  -21.247  38.765 0.1111110002
122406  18.215  -21.497  38.323 0.1111110002
122466  18.329  -21.108  38.368 0.1111110002
122537  18.622  -20.967  38.266 0.1111110002
66754  24.259  -19.513  32.388 0.2222220004
66964  36.257  -20.872  11.188 0.2222220004
72585  28.043  -15.246  28.560 0.1111110002
72615  28.652  -15.491  26.975 0.2222220004
71391  29.738  -15.817  25.432 0.2222220004
71463  30.362  -16.530  22.053 0.2222220004
71611  41.754  -16.026  10.393 0.1111110002
72601  27.943  -15.477  27.666 0.2222220004
71244  29.693  -17.327  37.993 0.1111110002
123870  28.261  -18.990  35.889 0.1111110002
122435  19.456  -22.232  38.398 0.1111110002
61869  22.691  -24.601  34.627 0.1111110002
61870  22.126  -24.413  34.652 0.1111110002
122492  20.999  -23.881  39.414 0.1111110002
122438  20.516  -23.547  37.936 0.1111110002
122436  22.210  -23.248  39.379 0.1111110002
122388  20.458  -23.137  38.572 0.1111110002
122493  20.997  -23.579  39.406 0.1111110002
122496  20.181  -23.564  37.599 0.1111110002
122390  20.007  -23.306  38.510 0.1111110002
122447  20.092  -23.077  38.591 0.1111110002
64274  14.263  -23.063  37.881 0.1111110002
64285  14.906  -23.667  36.442 0.1111110002
63106  13.433  -23.471  38.442 0.1111110002
122520  18.263  -23.274  36.901 0.1111110002
64297  15.531  -24.121  35.827 0.1111110002
63126  16.896  -23.411  36.315 0.1111110002
122461  18.231  -22.933  37.185 0.1111110002
122366  18.470  -22.172  38.222 0.1111110002
122367  19.382  -21.987  38.332 0.1111110002
122505  19.575  -22.791  38.396 0.1111110002
65451  16.474  -21.644  37.756 0.1111110002
122392  17.856  -22.024  38.165 0.1111110002
122409  18.709  -21.444  38.329 0.1111110002
122467  18.702  -21.198  38.304 0.1111110002
66706  16.626  -20.895  38.554 0.1111110002
123886  28.668  -22.457  19.480 0.1111110002
73965  41.432  -14.462  12.682 0.1111110002
72801  41.505  -15.133  12.240 0.1111110002
71697  44.296  -16.076  6.807 0.2222220004
71720  46.148  -16.261  5.171 0.1111110002
71784  47.700  -17.161  1.795 0.2222220004
71754  48.329  -16.371  3.506 0.1111110002
71771  49.211  -16.182  2.728 0.2222220004
70503  50.997  -16.279  1.760 0.2222220004
71789  49.032  -16.991  0.921 0.2222220004
70519  50.403  -17.120  0.709 0.3333329856
70502  51.738  -17.090  0.945 0.2222220004
70518  51.114  -17.676  0.669 0.2222220004
69369  51.468  -18.227  0.659 0.2222220004
70501  52.716  -17.520  0.823 0.1111110002
69352  52.427  -18.299  0.303 0.2222220004
58419  58.116  -27.593  -0.244 0.2222220004
58420  57.488  -27.446  -0.613 0.2222220004
70462  54.073  -16.971  2.536 0.1111110002
70484  53.747  -17.204  1.593 0.1111110002
69368  52.966  -18.546  -0.360 0.2222220004
58430  57.471  -27.171  -1.046 0.2222220004
58429  58.221  -27.514  -1.238 0.2222220004
59705  58.306  -26.618  -1.976 0.3333329856
123023  58.658  -26.888  -2.288 0.3333329856
59706  58.258  -26.195  -2.546 0.3333329856
123026  58.662  -26.468  -3.049 0.3333329856
69351  54.144  -17.822  0.997 0.1111110002
59688  57.651  -26.651  -1.603 0.2222220004
123025  58.056  -25.183  -3.413 0.3333329856
61059  58.922  -26.338  -3.698 0.2222220004
62378  59.050  -25.028  -4.771 0.3333329856
62379  58.214  -24.211  -4.263 0.3333329856
62380  57.651  -23.622  -4.020 0.3333329856
63549  59.321  -23.732  -4.874 0.2222220004
64722  59.442  -22.408  -4.913 0.1111110002
124134  59.163  -21.171  -4.312 0.1111110002
65993  58.394  -21.774  -4.171 0.1111110002
124139  60.673  -22.202  -5.848 0.1111110002
124144  60.649  -21.522  -6.462 0.1111110002
124146  59.915  -20.759  -6.625 0.1111110002
124161  60.360  -20.914  -6.969 0.1111110002
64735  60.459  -23.165  -5.619 0.1111110002
124131  60.043  -20.630  -5.129 0.1111110002
124143  60.392  -20.414  -5.313 0.1111110002
124162  60.069  -20.427  -5.447 0.1111110002
71783  48.716  -16.764  1.522 0.2222220004
69370  50.701  -18.352  0.580 0.2222220004
69367  53.979  -18.614  0.265 0.3333329856
70520  49.368  -17.361  0.679 0.2222220004
70516  53.399  -18.083  0.034 0.3333329856
71668  43.865  -16.001  7.820 0.2222220004
71770  50.218  -15.963  2.716 0.2222220004
71782  49.846  -16.435  1.682 0.2222220004
71788  49.474  -16.784  0.965 0.2222220004
68228  51.831  -18.754  0.599 0.2222220004
69353  52.055  -18.109  0.699 0.2222220004
68227  52.118  -18.633  0.497 0.2222220004
70500  53.528  -17.780  0.619 0.1111110002
67830  0.205  -19.799  48.216 0.1111110002
66625  0.021  -20.717  48.759 0.1111110002
66636  0.701  -20.771  47.376 0.1111110002
66637  -0.091  -20.656  47.372 0.1111110002
66647  0.865  -21.315  47.079 0.1111110002
65359  1.573  -22.256  46.245 0.1111110002
65344  -0.240  -21.569  47.938 0.1111110002
64160  0.292  -22.282  47.932 0.1111110002
64153  0.255  -22.389  48.699 0.1111110002
62995  -0.191  -22.910  47.566 0.1111110002
64181  0.060  -22.431  46.849 0.1111110002
123331  -1.010  -23.279  46.486 0.1111110002
61671  -1.939  -23.893  47.014 0.1111110002
64182  -0.485  -23.033  46.579 0.1111110002
62997  -1.662  -23.620  46.565 0.1111110002
61685  -2.284  -24.103  46.192 0.1111110002
71319  28.509  -15.396  31.965 0.1111110002
123899  28.301  -22.838  17.852 0.1111110002
71461  32.521  -17.345  21.760 0.1111110002
72649  33.833  -17.159  22.420 0.1111110002
71440  33.045  -17.415  21.888 0.1111110002
70240  31.750  -17.255  22.047 0.1111110002
71484  31.982  -15.876  20.689 0.1111110002
71503  32.222  -16.052  19.783 0.1111110002
69200  35.521  -18.272  17.999 0.1111110002
71517  34.093  -16.897  18.857 0.1111110002
71625  42.565  -16.211  9.498 0.1111110002
71642  42.775  -16.115  8.523 0.1111110002
71641  43.753  -16.242  8.709 0.1111110002
57246  58.688  -28.433  0.041 0.1111110002
57254  58.870  -28.758  -0.988 0.1111110002
59704  59.349  -27.640  -2.217 0.1111110002
59687  58.406  -26.980  -1.753 0.1111110002
64180  0.858  -22.707  46.143 0.1111110002
123905  28.593  -15.901  33.239 0.1111110002
72560  28.558  -14.968  30.780 0.1111110002
69201  34.658  -18.108  18.174 0.1111110002
69214  35.030  -18.582  17.473 0.1111110002
72877  43.264  -16.016  8.339 0.1111110002
58444  58.953  -27.350  -1.903 0.1111110002
68968  0.438  -19.935  48.941 0.1111110002
66626  -0.523  -20.548  48.424 0.1111110002
65335  0.122  -21.551  48.607 0.1111110002
65351  -0.271  -21.409  47.518 0.1111110002
65361  0.229  -21.417  47.125 0.1111110002
64168  -0.084  -22.426  47.330 0.1111110002
62990  -0.513  -23.396  47.495 0.1111110002
62996  -1.011  -23.262  47.140 0.1111110002
64169  -0.627  -22.800  46.876 0.1111110002
72677  32.271  -16.242  21.402 0.1111110002
71462  32.103  -16.683  21.501 0.1111110002
72661  33.634  -17.057  21.811 0.1111110002
70238  32.734  -17.949  22.429 0.1111110002
71483  32.689  -15.758  20.649 0.1111110002
58428  58.697  -28.089  -0.656 0.1111110002
58443  59.264  -28.118  -1.742 0.1111110002
70027  -0.154  -17.458  45.041 0.1111110002
68996  -0.649  -17.957  44.823 0.1111110002
70028  -1.250  -17.605  44.872 0.1111110002
70029  -2.005  -17.336  44.896 0.1111110002
69000  -0.815  -18.669  44.394 0.1111110002
70036  -1.501  -18.272  44.412 0.1111110002
67868  -0.521  -19.450  43.753 0.1111110002
72614  29.072  -15.447  27.035 0.1111110002
72599  29.423  -15.477  27.262 0.1111110002
70182  29.541  -16.152  26.222 0.1111110002
72600  28.815  -15.298  27.652 0.1111110002
70181  29.895  -16.144  26.028 0.1111110002
66963  37.147  -20.863  11.400 0.1111110002
72635  30.289  -15.582  25.099 0.1111110002
66971  38.522  -20.946  10.996 0.1111110002
69001  -1.525  -18.740  43.824 0.1111110002
70194  29.094  -16.309  26.061 0.1111110002
71406  29.745  -15.634  24.567 0.1111110002
65752  39.153  -21.154  10.697 0.1111110002
68995  -0.239  -18.085  44.628 0.1111110002
71375  29.392  -15.832  26.710 0.1111110002
65764  44.829  -21.711  9.582 0.1111110002
63516  53.262  -23.853  -2.496 0.1111110002
123010  58.856  -27.111  -4.037 0.1111110002
59753  59.672  -26.305  -4.976 0.1111110002
123007  57.430  -26.225  -4.251 0.1111110002
61073  59.257  -25.595  -5.482 0.1111110002
61087  60.242  -25.199  -6.229 0.1111110002
62381  57.280  -25.049  -4.766 0.1111110002
62363  56.289  -24.958  -3.501 0.1111110002
62343  54.922  -24.656  -2.776 0.1111110002
63517  52.254  -23.824  -2.628 0.1111110002
63518  51.323  -23.667  -2.626 0.1111110002
62382  56.674  -24.399  -4.500 0.1111110002
62364  55.367  -24.226  -3.344 0.1111110002
63537  54.783  -23.636  -3.247 0.1111110002
63538  53.901  -23.183  -2.990 0.1111110002
123015  59.027  -27.355  -2.844 0.1111110002
61071  60.045  -26.032  -4.929 0.1111110002
123019  58.907  -27.016  -3.202 0.1111110002
62377  59.680  -25.640  -4.700 0.1111110002
123028  57.765  -25.761  -4.673 0.1111110002
62394  58.913  -24.984  -5.622 0.1111110002
61088  59.679  -25.222  -6.224 0.1111110002
62409  60.644  -24.358  -6.518 0.1111110002
63519  50.474  -23.268  -2.535 0.1111110002
61074  58.302  -25.548  -5.099 0.1111110002
61089  59.302  -25.096  -5.929 0.1111110002
61099  59.934  -25.036  -6.951 0.1111110002
63553  56.208  -23.599  -4.688 0.1111110002
64708  55.072  -23.160  -3.681 0.1111110002
64709  54.527  -22.820  -3.622 0.1111110002
63552  56.858  -24.156  -5.050 0.1111110002
69350  54.602  -17.978  1.004 0.1111110002
62392  60.171  -24.964  -5.416 0.1111110002
62393  59.896  -24.286  -5.202 0.1111110002
61075  57.729  -24.935  -5.349 0.1111110002
62411  59.073  -24.555  -6.368 0.1111110002
63558  60.068  -23.680  -5.313 0.1111110002
62396  57.377  -24.365  -5.477 0.1111110002
63559  57.587  -23.948  -6.006 0.1111110002
63572  58.834  -23.444  -6.848 0.1111110002
63560  56.883  -23.466  -5.631 0.1111110002
72802  40.975  -14.912  12.181 0.1111110002
62345  52.581  -24.743  -2.186 0.1111110002
59754  59.295  -26.298  -5.032 0.1111110002
59743  59.086  -26.634  -4.177 0.1111110002
123034  55.414  -25.377  -2.617 0.1111110002
63540  51.965  -23.166  -3.289 0.1111110002
63536  55.538  -23.674  -3.758 0.1111110002
123018  59.069  -27.241  -3.054 0.1111110002
123027  58.004  -26.225  -4.614 0.1111110002
62425  60.115  -24.494  -7.295 0.1111110002
63570  60.826  -23.787  -6.510 0.1111110002
63569  61.049  -24.012  -6.886 0.1111110002
63557  60.448  -23.973  -5.836 0.1111110002
62395  58.142  -24.648  -5.812 0.1111110002
63571  59.547  -24.161  -7.038 0.1111110002
62412  58.208  -23.991  -6.373 0.1111110002
58400  60.136  -26.701  0.972 0.1111110002
58408  60.389  -27.041  0.776 0.1111110002
58417  60.677  -27.184  1.035 0.1111110002
59073  -1.982  -25.227  45.819 0.1111110002
59075  -2.354  -25.035  45.490 0.1111110002
59082  -2.104  -25.413  45.329 0.1111110002
59083  -2.288  -25.330  45.020 0.1111110002
59201  22.235  -26.025  31.418 0.1111110002
59634  59.913  -26.510  1.326 0.1111110002
59638  54.849  -26.275  1.671 0.2222220004
60348  -2.323  -24.819  45.624 0.1111110002
60601  23.860  -25.315  27.833 0.2222220004
60968  60.611  -25.683  2.033 0.1111110002
60990  53.570  -24.774  0.605 0.3333329856
61072  59.807  -25.897  -5.563 0.1111110002
61100  59.993  -25.001  -6.753 0.1111110002
61656  -0.393  -23.671  47.598 0.1111110002
61670  -1.220  -23.925  47.416 0.1111110002
61699  -2.337  -24.587  45.473 0.1111110002
61846  28.370  -24.909  35.557 0.1111110002
61858  27.708  -25.093  34.794 0.1111110002
61875  27.121  -24.411  32.166 0.1111110002
62263  60.975  -24.859  2.786 0.1111110002
62287  60.856  -25.251  2.480 0.1111110002
62305  53.403  -24.187  0.503 0.4444440007
62320  53.668  -24.220  0.357 0.4444440007
62408  61.110  -24.069  -6.576 0.1111110002
62410  59.720  -24.732  -6.803 0.1111110002
62423  60.972  -24.305  -6.951 0.1111110002
62424  60.627  -24.513  -7.005 0.1111110002
63061  2.703  -23.666  43.209 0.4444440007
63114  30.248  -23.672  36.827 0.1111110002
63124  29.285  -23.618  35.617 0.1111110002
63127  16.501  -23.704  36.293 0.1111110002
63156  27.112  -23.641  32.770 0.1111110002
63164  27.371  -23.812  32.123 0.1111110002
63165  27.112  -23.118  32.414 0.1111110002
63490  54.830  -23.403  -0.564 0.4444440007
63491  54.030  -23.389  -0.154 0.4444440007
63551  57.663  -23.016  -4.090 0.4444440007
63582  61.032  -24.035  -7.168 0.1111110002
64179  1.355  -22.564  46.071 0.2222220004
64196  1.044  -23.036  45.765 0.2222220004
64233  8.872  -22.258  41.358 0.1111110002
64245  9.108  -22.287  40.824 0.1111110002
64257  9.323  -22.205  40.485 0.1111110002
64283  17.476  -22.988  36.412 0.1111110002
64296  15.794  -23.801  35.981 0.1111110002
64320  26.236  -22.573  33.262 0.1111110002
64327  27.025  -21.683  32.837 0.1111110002
64329  26.147  -22.397  32.505 0.1111110002
64335  27.358  -22.870  31.847 0.1111110002
64337  26.170  -22.299  32.050 0.1111110002
64431  26.491  -21.901  20.312 0.6666669846
64440  26.328  -22.134  19.831 0.7777780294
64721  59.886  -23.245  -5.164 0.1111110002
64745  61.049  -23.705  -6.886 0.1111110002
65336  -0.496  -21.132  48.429 0.1111110002
65345  -1.022  -21.078  48.031 0.1111110002
65352  -0.702  -20.734  47.666 0.1111110002
65360  0.877  -21.930  46.720 0.1111110002
65417  10.660  -21.232  41.099 0.1111110002
65418  10.141  -21.511  41.260 0.1111110002
65439  16.042  -21.104  38.878 0.1111110002
65502  26.094  -21.900  33.078 0.1111110002
65503  25.860  -22.175  32.613 0.1111110002
65506  17.817  -22.199  33.236 0.6666669846
65515  26.653  -21.681  32.443 0.1111110002
65516  26.316  -22.261  32.237 0.1111110002
65517  25.844  -22.099  32.165 0.1111110002
65519  17.461  -22.100  32.686 0.6666669846
65521  10.249  -21.236  33.191 0.7777780294
65522  9.860  -21.207  32.888 0.7777780294
65525  27.137  -21.948  31.946 0.1111110002
65526  26.701  -22.130  31.917 0.1111110002
65527  26.045  -22.059  31.722 0.1111110002
65528  25.880  -22.063  31.858 0.1111110002
65584  24.719  -22.135  22.682 0.8888890147
65602  23.622  -21.863  22.471 1.0000000000
65655  26.748  -21.394  17.264 0.6666669846
65670  26.974  -21.510  16.954 0.6666669846
65697  27.757  -20.524  14.973 1.0000000000
65782  46.330  -21.296  8.989 0.1111110002
66630  -0.775  -20.358  48.042 0.1111110002
66638  -0.460  -20.304  47.778 0.1111110002
66648  0.339  -20.971  47.097 0.1111110002
66682  2.345  -20.997  44.008 0.1111110002
66685  4.033  -21.758  42.948 0.2222220004
66686  10.214  -19.904  41.289 0.1111110002
66689  10.858  -19.886  40.955 0.1111110002
66694  10.189  -21.195  40.165 0.1111110002
66699  16.430  -21.092  39.030 0.1111110002
66705  17.702  -21.013  38.426 0.1111110002
66758  10.113  -20.982  32.796 0.7777780294
66759  9.789  -21.025  32.580 0.7777780294
66763  24.794  -19.605  32.368 0.2222220004
66771  24.845  -19.711  32.151 0.2222220004
66851  23.920  -20.663  21.434 1.0000000000
66991  46.551  -21.107  8.632 0.1111110002
67007  46.279  -20.829  7.954 0.1111110002
67008  45.931  -20.955  7.726 0.2222220004
67117  47.629  -18.567  -0.289 0.5555559993
67132  47.762  -18.595  -0.213 0.5555559993
67133  47.439  -18.530  -0.409 0.5555559993
67820  0.566  -20.167  49.078 0.1111110002
67821  0.087  -20.112  48.631 0.1111110002
67822  -0.345  -20.087  48.306 0.1111110002
67831  -0.429  -19.954  47.995 0.1111110002
67839  0.486  -20.229  47.742 0.1111110002
67840  -0.130  -20.068  47.752 0.1111110002
67841  -0.347  -20.096  47.831 0.1111110002
67870  1.351  -18.935  43.257 0.1111110002
67871  1.163  -19.089  43.305 0.1111110002
67872  9.674  -19.312  41.938 0.1111110002
67873  1.438  -19.063  43.080 0.1111110002
67877  9.600  -19.590  41.733 0.1111110002
67898  28.052  -19.120  35.600 0.2222220004
67905  23.827  -18.719  34.125 0.1111110002
67914  27.425  -19.285  35.170 0.1111110002
67939  21.983  -18.832  32.081 0.2222220004
67953  26.025  -19.709  33.401 0.2222220004
67954  25.784  -19.676  33.447 0.2222220004
67956  24.650  -19.463  32.783 0.2222220004
67968  24.741  -19.545  32.526 0.2222220004
67973  18.453  -19.802  32.909 0.8888890147
67989  18.010  -18.942  30.507 0.7777780294
68008  23.032  -18.811  25.321 1.0000000000
68181  37.058  -19.011  7.794 0.6666669846
68284  47.984  -18.698  0.020 0.5555559993
68285  47.822  -18.624  -0.147 0.5555559993
68307  48.570  -18.686  -0.140 0.5555559993
68308  48.141  -18.600  -0.259 0.5555559993
68309  47.926  -18.467  -0.347 0.5555559993
68329  59.946  -19.678  -2.076 0.1111110002
68967  0.832  -19.721  49.046 0.1111110002
68979  0.486  -19.841  48.677 0.1111110002
69004  9.958  -18.860  42.584 0.1111110002
69006  1.041  -18.853  43.744 0.2222220004
69011  10.094  -18.926  42.140 0.1111110002
69020  1.272  -18.573  41.387 0.4444440007
69029  24.264  -18.161  36.800 0.2222220004
69065  27.257  -19.350  34.817 0.2222220004
69069  22.625  -18.713  33.130 0.2222220004
69076  22.670  -18.857  32.648 0.2222220004
69077  21.916  -18.825  32.483 0.2222220004
69086  23.293  -18.883  32.809 0.1111110002
69088  21.621  -18.767  31.987 0.3333329856
69089  21.156  -18.568  31.929 0.3333329856
69121  23.669  -18.630  26.893 1.0000000000
69123  23.934  -17.826  26.674 1.0000000000
69128  23.515  -18.039  25.573 1.0000000000
69132  24.292  -17.813  24.292 1.0000000000
69139  25.866  -17.991  22.925 1.0000000000
69142  23.814  -18.212  24.039 1.0000000000
69147  25.784  -17.781  22.646 1.0000000000
69239  26.478  -18.927  16.550 1.0000000000
69263  27.853  -19.205  14.702 1.0000000000
69264  27.697  -19.433  14.896 1.0000000000
69267  32.558  -18.322  13.620 0.7777780294
69270  32.198  -18.194  13.167 0.6666669846
69354  48.950  -17.784  0.611 0.3333329856
69355  48.397  -17.983  0.875 0.3333329856
69391  48.851  -18.606  0.052 0.5555559993
69392  48.297  -18.504  0.070 0.5555559993
69405  48.615  -19.120  -0.813 0.5555559993
69406  48.666  -18.640  -0.494 0.5555559993
69407  48.377  -18.531  -0.231 0.5555559993
70033  9.538  -18.482  43.481 0.1111110002
70067  1.424  -18.382  41.685 0.4444440007
70116  22.899  -18.564  33.817 0.3333329856
70117  21.669  -18.700  33.170 0.3333329856
70126  21.870  -18.843  32.888 0.3333329856
70127  21.532  -18.808  32.690 0.3333329856
70134  20.846  -18.124  31.875 0.3333329856
70135  20.990  -18.589  32.526 0.3333329856
70152  20.664  -17.706  31.407 0.3333329856
70160  24.711  -17.693  28.660 0.8888890147
70161  20.325  -17.596  30.528 0.4444440007
70163  19.053  -17.148  31.818 0.4444440007
70175  24.444  -17.239  27.367 1.0000000000
70183  29.206  -16.076  26.274 0.1111110002
70192  29.843  -15.988  25.810 0.1111110002
70193  29.453  -16.186  25.859 0.1111110002
70195  24.894  -17.074  24.870 1.0000000000
70196  24.275  -17.455  25.470 1.0000000000
70197  23.843  -17.672  26.059 1.0000000000
70213  25.805  -17.536  23.133 1.0000000000
70214  25.325  -17.219  23.524 1.0000000000
70226  25.621  -17.554  22.263 1.0000000000
70247  23.749  -17.969  22.386 1.0000000000
70366  33.324  -17.999  14.141 0.5555559993
70390  35.566  -17.163  7.665 0.6666669846
70517  52.951  -17.897  0.163 0.2222220004
71260  28.559  -18.460  36.542 0.2222220004
71323  26.824  -16.138  30.611 0.4444440007
71333  26.096  -16.376  30.125 0.6666669846
71334  19.696  -16.926  31.956 0.4444440007
71347  25.114  -16.306  28.261 0.6666669846
71405  30.613  -15.728  24.549 0.1111110002
71439  33.222  -17.565  22.371 0.1111110002
71460  32.750  -17.680  22.130 0.1111110002
71505  27.512  -16.532  18.816 1.0000000000
71581  32.651  -17.064  12.717 0.5555559993
71628  40.548  -15.996  9.881 0.5555559993
71646  37.107  -16.111  7.925 0.6666669846
71757  44.608  -16.014  3.840 0.4444440007
71758  44.294  -16.001  3.988 0.4444440007
72523  13.302  -14.531  35.031 0.1111110002
72586  27.028  -15.282  28.442 0.4444440007
72603  26.193  -15.362  27.045 0.5555559993
72624  30.123  -15.665  25.322 0.1111110002
72625  29.991  -15.541  25.088 0.1111110002
72636  30.164  -15.531  24.828 0.1111110002
72638  27.817  -15.853  24.282 0.5555559993
72652  28.299  -15.772  24.104 0.4444440007
72676  32.781  -16.583  21.413 0.1111110002
72694  32.571  -15.852  21.223 0.1111110002
72857  40.626  -15.947  10.115 0.2222220004
72901  43.288  -15.896  8.027 0.1111110002
72902  43.001  -15.926  8.129 0.1111110002
72937  43.823  -15.904  4.924 0.5555559993
72948  44.863  -15.648  4.615 0.4444440007
72949  44.295  -15.830  4.433 0.4444440007
72961  44.745  -15.756  4.123 0.4444440007
73953  35.521  -15.027  13.622 0.2222220004
74005  35.157  -14.562  10.427 0.6666669846
122387  22.246  -23.376  39.681 0.1111110002
122408  18.483  -21.379  38.343 0.1111110002
122445  17.893  -18.941  36.000 0.8888890147
122499  17.892  -18.810  36.311 0.7777780294
122500  17.941  -19.232  34.239 0.7777780294
122502  18.287  -18.770  35.903 0.8888890147
122549  17.871  -18.956  36.664 0.7777780294
122555  20.194  -23.437  37.201 0.1111110002
122557  17.176  -19.425  34.568 0.8888890147
122558  17.892  -19.039  36.069 0.7777780294
122590  15.992  -20.688  36.809 0.4444440007
122593  17.707  -19.060  37.005 0.7777780294
122594  17.748  -18.902  37.007 0.7777780294
122595  17.561  -19.080  36.922 0.7777780294
122596  17.920  -18.926  37.045 0.7777780294
122603  17.179  -19.481  34.346 0.8888890147
122620  15.909  -20.002  36.596 0.6666669846
122621  15.742  -20.018  37.072 0.6666669846
122622  15.833  -20.398  36.806 0.4444440007
122623  13.497  -21.366  36.872 0.1111110002
122626  16.972  -19.519  34.496 0.8888890147
122638  15.872  -19.997  36.765 0.6666669846
122643  13.156  -21.354  37.296 0.1111110002
122647  15.587  -19.995  36.213 0.7777780294
122653  22.446  -18.638  33.443 0.3333329856
122655  16.042  -20.756  36.524 0.4444440007
122658  18.560  -19.631  32.761 0.8888890147
122659  15.061  -20.132  36.418 0.6666669846
122660  14.998  -20.595  36.481 0.6666669846
122667  14.944  -20.714  35.987 0.6666669846
122668  15.049  -20.428  35.957 0.7777780294
122678  22.155  -18.762  33.121 0.3333329856
122682  15.800  -20.810  37.002 0.4444440007
122683  16.000  -20.544  37.120 0.4444440007
122684  15.889  -20.599  37.261 0.4444440007
122685  16.002  -20.467  36.912 0.6666669846
122687  18.326  -19.564  32.081 0.7777780294
122690  14.851  -20.773  36.176 0.6666669846
122720  20.804  -18.049  31.601 0.3333329856
122721  20.800  -17.842  31.772 0.3333329856
122731  18.069  -18.971  35.839 0.8888890147
122745  17.402  -19.377  34.525 0.7777780294
122759  18.072  -18.212  31.213 0.7777780294
122999  60.688  -26.130  1.914 0.1111110002
123000  60.639  -26.892  1.372 0.1111110002
123024  58.801  -26.828  -3.233 0.1111110002
123029  58.776  -27.007  -2.564 0.1111110002
123030  58.741  -26.795  -2.870 0.2222220004
123326  -2.094  -24.199  45.280 0.1111110002
123333  0.277  -23.363  45.453 0.4444440007
123349  0.652  -22.547  43.039 0.5555559993
123429  5.264  -22.729  41.789 0.3333329856
123434  5.001  -22.857  41.565 0.3333329856
123435  5.115  -22.716  41.437 0.3333329856
123436  7.572  -21.921  42.342 0.1111110002
123438  9.157  -18.452  43.588 0.1111110002
123515  4.438  -21.196  37.684 0.6666669846
123538  26.863  -24.402  31.402 0.1111110002
123774  27.175  -22.419  32.105 0.1111110002
123806  27.202  -23.791  30.814 0.1111110002
123887  25.498  -20.300  30.308 0.7777780294
123888  22.608  -20.979  25.276 1.0000000000
123902  26.085  -18.983  32.023 0.5555559993
123907  22.800  -19.351  25.134 1.0000000000
123909  25.621  -19.316  31.596 0.6666669846
123913  25.496  -19.433  31.581 0.6666669846
123919  24.977  -19.608  32.591 0.2222220004
123923  25.806  -19.956  30.880 0.7777780294
123925  23.407  -18.953  26.553 1.0000000000
123931  24.414  -18.147  28.186 1.0000000000
124151  60.535  -20.913  -6.540 0.1111110002
