#!ascii label  , from subject sub-NDARAG610XL4 vox2ras=TkReg
379
65366  23.510  -21.665  45.398 0.0000000000
64501  38.623  -23.029  13.628 0.0000000000
123684  45.505  -21.303  19.373 0.0000000000
123565  36.956  -23.706  20.381 0.0000000000
61773  28.441  -25.261  40.278 0.0000000000
63021  27.537  -23.917  43.276 0.0000000000
66932  41.759  -20.969  15.509 0.0000000000
63302  40.167  -23.793  16.479 0.0000000000
123619  34.227  -21.477  31.023 0.0000000000
64226  32.998  -22.891  39.560 0.0000000000
69172  50.791  -18.970  19.502 0.0000000000
66878  46.759  -20.537  18.398 0.0000000000
123793  32.786  -23.939  18.371 0.0000000000
62124  37.525  -24.714  15.594 0.0000000000
65397  26.718  -22.370  42.248 0.0000000000
65363  26.388  -22.183  44.528 0.0000000000
64499  40.576  -22.812  14.112 0.0000000000
64480  41.195  -22.529  15.693 0.0000000000
64489  40.114  -23.187  14.580 0.0000000000
123768  35.361  -24.167  33.010 0.0000000000
63050  31.080  -24.754  41.857 0.0000000000
63069  30.936  -24.426  40.430 0.0000000000
63048  32.636  -24.608  41.142 0.0000000000
68095  49.571  -19.321  16.852 0.0000000000
66846  50.167  -20.624  20.805 0.0000000000
68081  48.816  -19.571  18.664 0.0000000000
66914  44.708  -20.833  16.764 0.0000000000
65666  45.285  -21.455  16.543 0.0000000000
66879  45.892  -20.795  18.626 0.0000000000
66817  48.065  -20.322  22.810 0.0000000000
123756  46.889  -21.212  24.871 0.0000000000
123612  32.847  -22.440  22.859 0.0000000000
123626  32.035  -22.887  22.295 0.0000000000
123749  33.976  -23.338  20.486 0.0000000000
62113  35.285  -25.233  16.488 0.0000000000
123726  37.362  -24.125  17.927 0.0000000000
62083  38.737  -23.764  17.763 0.0000000000
123563  38.349  -23.798  19.752 0.0000000000
63053  27.623  -24.260  42.168 0.0000000000
65692  42.500  -21.200  14.502 0.0000000000
66899  43.314  -20.664  17.298 0.0000000000
64465  42.383  -21.400  16.871 0.0000000000
123725  41.681  -23.139  16.881 0.0000000000
66692  33.463  -21.723  37.538 0.0000000000
123668  35.841  -20.802  34.813 0.0000000000
123603  34.400  -22.570  29.708 0.0000000000
123548  34.173  -23.179  21.588 0.0000000000
123550  36.647  -23.575  21.560 0.0000000000
64251  32.460  -22.260  38.414 0.0000000000
123716  35.332  -22.411  38.946 0.0000000000
68033  52.329  -19.862  21.117 0.0000000000
66894  47.808  -20.241  17.145 0.0000000000
68049  48.507  -19.447  20.818 0.0000000000
64377  49.206  -23.237  24.631 0.0000000000
63325  37.807  -24.336  14.345 0.0000000000
63311  38.938  -23.915  15.511 0.0000000000
123679  39.985  -23.947  18.442 0.0000000000
64187  24.876  -22.688  45.181 0.0000000000
65364  25.587  -21.614  44.964 0.0000000000
64186  25.682  -22.696  44.731 0.0000000000
64500  39.737  -23.055  13.883 0.0000000000
63030  32.304  -24.653  42.231 0.0000000000
68109  48.784  -19.528  16.324 0.0000000000
68080  49.581  -19.336  18.241 0.0000000000
68096  48.837  -19.461  17.529 0.0000000000
66880  45.185  -21.280  18.052 0.0000000000
66897  45.235  -21.198  17.614 0.0000000000
65630  45.761  -20.897  19.326 0.0000000000
66833  46.778  -20.662  21.412 0.0000000000
123703  34.954  -23.365  20.834 0.0000000000
62099  36.064  -23.710  19.083 0.0000000000
123654  37.536  -23.673  19.007 0.0000000000
123653  37.452  -23.775  19.643 0.0000000000
64218  27.052  -23.119  41.920 0.0000000000
63034  28.426  -24.600  42.675 0.0000000000
63033  29.599  -24.560  42.733 0.0000000000
65693  41.676  -21.388  14.705 0.0000000000
65704  42.266  -21.472  13.683 0.0000000000
66939  42.052  -20.860  15.069 0.0000000000
66931  42.379  -20.673  15.700 0.0000000000
66917  42.086  -20.800  16.188 0.0000000000
123709  42.707  -20.790  17.060 0.0000000000
65668  41.757  -21.314  16.176 0.0000000000
63309  40.620  -23.239  15.753 0.0000000000
64467  41.476  -22.565  16.346 0.0000000000
63301  40.990  -23.326  16.401 0.0000000000
123702  40.362  -23.953  17.632 0.0000000000
123640  35.807  -21.775  36.681 0.0000000000
123717  35.393  -21.280  35.722 0.0000000000
123602  34.916  -23.603  30.920 0.0000000000
123592  32.902  -22.980  28.078 0.0000000000
64228  31.588  -23.491  40.000 0.0000000000
63096  31.669  -23.694  38.728 0.0000000000
64239  32.467  -22.840  39.300 0.0000000000
65415  33.739  -21.402  39.368 0.0000000000
65404  33.716  -22.069  39.453 0.0000000000
69198  51.280  -18.987  17.984 0.0000000000
68046  51.865  -19.189  20.653 0.0000000000
66896  46.162  -21.120  17.584 0.0000000000
65679  45.730  -22.009  16.004 0.0000000000
65653  46.629  -21.146  16.928 0.0000000000
66912  47.067  -20.924  16.603 0.0000000000
66877  47.517  -20.183  18.163 0.0000000000
68082  48.057  -19.778  18.967 0.0000000000
68067  47.837  -19.535  19.967 0.0000000000
64371  48.600  -21.905  25.056 0.0000000000
65570  48.323  -22.012  24.102 0.0000000000
123805  33.974  -21.529  32.276 0.0000000000
123620  32.726  -21.811  29.412 0.0000000000
63313  35.014  -24.826  15.387 0.0000000000
62125  36.640  -25.017  15.317 0.0000000000
63326  36.588  -24.355  13.950 0.0000000000
63312  38.305  -24.398  15.181 0.0000000000
62111  38.010  -24.306  16.265 0.0000000000
63298  39.273  -23.757  18.143 0.0000000000
62082  39.065  -23.827  17.421 0.0000000000
123677  40.078  -23.872  18.972 0.0000000000
123575  40.368  -24.395  18.916 0.0000000000
65389  27.192  -21.683  43.087 0.0000000000
64197  27.664  -23.367  43.907 0.0000000000
63007  27.403  -24.193  43.430 0.0000000000
64185  26.467  -23.045  44.705 0.0000000000
65694  41.135  -22.214  14.276 0.0000000000
65682  41.487  -21.653  15.539 0.0000000000
65683  41.192  -22.060  15.034 0.0000000000
64488  40.695  -22.802  14.958 0.0000000000
63310  39.919  -23.503  15.447 0.0000000000
61738  29.616  -24.813  41.524 0.0000000000
61772  29.459  -25.197  40.014 0.0000000000
61737  30.590  -24.768  41.348 0.0000000000
63067  31.650  -24.225  40.687 0.0000000000
64215  32.437  -23.861  40.576 0.0000000000
63047  33.261  -23.788  40.419 0.0000000000
61734  33.121  -24.357  40.683 0.0000000000
68064  50.309  -19.133  19.035 0.0000000000
68047  50.618  -19.323  20.085 0.0000000000
68065  49.592  -19.464  19.420 0.0000000000
68048  49.621  -19.918  20.579 0.0000000000
65681  44.033  -20.995  15.265 0.0000000000
66913  45.435  -21.239  17.103 0.0000000000
66865  46.650  -20.305  19.427 0.0000000000
68050  47.546  -19.639  20.939 0.0000000000
66832  47.266  -20.188  21.304 0.0000000000
66807  47.457  -20.736  23.730 0.0000000000
123593  32.193  -22.918  27.119 0.0000000000
123777  32.944  -23.468  19.625 0.0000000000
62101  33.864  -24.311  17.687 0.0000000000
62100  34.867  -23.813  18.332 0.0000000000
62112  36.732  -24.777  17.076 0.0000000000
60787  37.993  -24.145  16.852 0.0000000000
60773  38.041  -23.952  17.404 0.0000000000
62065  38.539  -23.664  18.443 0.0000000000
63288  39.489  -23.800  19.129 0.0000000000
64229  27.033  -23.044  40.553 0.0000000000
63054  27.329  -23.734  41.320 0.0000000000
61739  28.477  -24.799  41.603 0.0000000000
63052  28.986  -24.721  42.242 0.0000000000
63032  30.686  -24.777  42.498 0.0000000000
66930  43.266  -20.650  15.716 0.0000000000
66915  43.722  -20.433  16.693 0.0000000000
66881  44.660  -21.343  17.825 0.0000000000
65642  44.048  -21.350  17.677 0.0000000000
123708  42.895  -21.345  17.235 0.0000000000
123752  42.623  -22.033  16.919 0.0000000000
64479  41.570  -21.957  16.081 0.0000000000
64466  42.011  -21.868  16.641 0.0000000000
123780  32.853  -22.128  36.644 0.0000000000
123760  34.135  -21.953  36.517 0.0000000000
123718  34.918  -21.170  34.776 0.0000000000
123646  34.938  -20.706  33.133 0.0000000000
123616  36.306  -23.372  34.150 0.0000000000
123617  35.990  -22.221  31.715 0.0000000000
123618  35.227  -21.150  31.454 0.0000000000
123562  34.877  -23.240  21.359 0.0000000000
123551  35.781  -23.524  21.267 0.0000000000
65426  33.031  -21.747  37.994 0.0000000000
123739  34.704  -21.536  39.110 0.0000000000
123667  35.760  -22.879  38.542 0.0000000000
63081  34.239  -23.284  39.494 0.0000000000
61769  35.068  -23.861  38.980 0.0000000000
68045  52.559  -18.761  20.710 0.0000000000
66910  48.319  -20.237  16.221 0.0000000000
68097  48.181  -19.765  17.932 0.0000000000
68066  48.725  -19.552  19.757 0.0000000000
68034  49.047  -19.850  21.691 0.0000000000
68035  48.159  -19.504  21.736 0.0000000000
66816  48.900  -20.601  22.589 0.0000000000
64408  49.457  -22.923  23.523 0.0000000000
123611  31.349  -22.630  23.873 0.0000000000
64502  37.554  -23.310  13.570 0.0000000000
63324  38.847  -23.772  14.483 0.0000000000
62110  38.715  -24.014  16.373 0.0000000000
63303  39.362  -23.882  16.369 0.0000000000
123572  40.262  -24.178  18.303 0.0000000000
123564  37.823  -23.930  21.250 0.0000000000
123574  38.894  -24.169  20.540 0.0000000000
65365  24.421  -21.618  45.365 0.0000000000
64188  23.850  -22.582  45.137 0.0000000000
64189  23.334  -22.228  44.313 0.0000000000
65640  45.490  -21.185  18.778 0.0000000000
65614  45.958  -20.895  20.072 0.0000000000
65598  46.342  -20.856  20.763 0.0000000000
123710  45.881  -21.222  20.724 0.0000000000
63035  27.525  -24.018  42.852 0.0000000000
63020  28.028  -24.598  42.777 0.0000000000
66940  41.763  -20.989  15.090 0.0000000000
64227  32.010  -23.455  40.215 0.0000000000
63082  31.526  -23.721  39.607 0.0000000000
64240  31.933  -23.361  39.641 0.0000000000
64252  32.058  -23.224  38.933 0.0000000000
65405  33.404  -21.937  39.391 0.0000000000
69186  51.042  -19.034  18.876 0.0000000000
69171  51.346  -18.653  19.744 0.0000000000
66895  47.040  -20.760  17.238 0.0000000000
66864  47.322  -20.025  19.191 0.0000000000
61933  48.394  -24.276  26.757 0.0000000000
63202  48.628  -22.880  25.508 0.0000000000
123647  33.845  -21.594  31.390 0.0000000000
123778  32.879  -23.689  19.041 0.0000000000
123659  31.780  -23.159  20.685 0.0000000000
123676  40.145  -23.980  19.452 0.0000000000
65377  26.365  -21.391  43.943 0.0000000000
65390  26.530  -21.171  43.153 0.0000000000
65376  27.108  -22.018  44.060 0.0000000000
64206  27.601  -22.285  43.602 0.0000000000
64198  27.550  -22.720  44.109 0.0000000000
64184  27.317  -23.377  44.501 0.0000000000
65362  27.048  -22.578  44.573 0.0000000000
65706  40.525  -22.084  13.480 0.0000000000
63049  31.940  -24.582  41.343 0.0000000000
64216  32.037  -24.096  40.668 0.0000000000
68079  50.490  -19.296  17.775 0.0000000000
66929  44.102  -20.755  16.032 0.0000000000
66848  46.770  -20.401  20.476 0.0000000000
123733  46.532  -20.863  22.793 0.0000000000
64370  48.315  -21.390  24.672 0.0000000000
64364  47.368  -22.116  25.420 0.0000000000
60788  37.613  -24.295  17.051 0.0000000000
123678  38.149  -23.669  18.607 0.0000000000
62040  38.380  -23.627  18.682 0.0000000000
123656  38.346  -23.567  19.025 0.0000000000
122597  26.100  -22.376  41.172 0.0000000000
65406  26.751  -22.553  41.214 0.0000000000
61740  27.676  -24.356  41.334 0.0000000000
65691  43.372  -21.246  14.685 0.0000000000
66938  42.685  -20.848  15.121 0.0000000000
66916  42.748  -20.574  16.538 0.0000000000
66898  44.358  -20.876  17.461 0.0000000000
65667  42.300  -21.101  16.747 0.0000000000
123688  43.782  -22.344  17.686 0.0000000000
123729  42.455  -21.617  16.921 0.0000000000
123738  34.954  -21.364  35.908 0.0000000000
123670  35.398  -20.896  34.563 0.0000000000
123801  35.319  -22.845  30.685 0.0000000000
123769  35.875  -20.935  32.565 0.0000000000
123549  35.104  -23.291  21.434 0.0000000000
61756  30.344  -24.900  40.605 0.0000000000
60424  29.237  -25.287  39.579 0.0000000000
61771  30.410  -24.723  39.669 0.0000000000
64262  31.451  -22.830  38.103 0.0000000000
64261  31.778  -22.376  37.517 0.0000000000
123794  32.273  -22.094  37.322 0.0000000000
64250  32.962  -21.350  38.648 0.0000000000
63066  33.734  -23.653  39.866 0.0000000000
123666  36.070  -23.525  37.987 0.0000000000
66828  52.546  -20.358  21.670 0.0000000000
66845  50.665  -20.240  20.566 0.0000000000
65680  44.700  -21.674  15.752 0.0000000000
64487  45.051  -22.351  14.629 0.0000000000
66911  47.535  -20.762  16.189 0.0000000000
65663  47.451  -21.233  15.800 0.0000000000
66893  48.378  -19.834  17.050 0.0000000000
68036  47.613  -19.864  21.816 0.0000000000
65569  48.649  -21.373  23.356 0.0000000000
64393  49.062  -22.820  24.048 0.0000000000
65581  48.980  -22.423  23.287 0.0000000000
62098  38.386  -23.999  16.896 0.0000000000
63297  39.496  -23.888  17.579 0.0000000000
123588  40.432  -24.819  19.029 0.0000000000
65378  25.634  -20.774  44.249 0.0000000000
65707  39.505  -22.139  13.216 0.0000000000
63031  31.682  -24.703  42.386 0.0000000000
66866  46.197  -20.609  19.697 0.0000000000
65613  46.342  -20.701  20.407 0.0000000000
123754  46.568  -20.894  22.094 0.0000000000
123655  37.771  -23.721  19.560 0.0000000000
64217  27.480  -23.180  42.741 0.0000000000
65705  41.448  -21.694  13.618 0.0000000000
123599  40.190  -24.130  17.627 0.0000000000
123586  40.208  -23.999  17.838 0.0000000000
123759  34.761  -21.032  37.738 0.0000000000
63068  31.313  -23.974  40.355 0.0000000000
63083  30.903  -24.228  40.027 0.0000000000
63097  31.232  -24.283  39.262 0.0000000000
61790  31.369  -24.101  38.477 0.0000000000
64238  33.000  -21.691  39.249 0.0000000000
65665  46.125  -21.528  16.695 0.0000000000
65678  46.689  -22.040  15.896 0.0000000000
65664  47.020  -21.319  16.299 0.0000000000
65565  48.465  -20.898  24.273 0.0000000000
66806  48.381  -20.629  23.459 0.0000000000
65566  48.757  -21.297  24.989 0.0000000000
64378  48.616  -22.582  24.826 0.0000000000
123804  34.166  -21.904  33.418 0.0000000000
62114  34.451  -24.893  16.232 0.0000000000
62126  35.774  -24.742  15.037 0.0000000000
66683  26.722  -21.854  42.616 0.0000000000
65396  27.341  -22.465  42.599 0.0000000000
65388  27.675  -22.430  43.072 0.0000000000
64205  27.735  -23.089  43.392 0.0000000000
64183  27.549  -23.812  43.906 0.0000000000
63008  27.279  -24.162  44.103 0.0000000000
123639  36.189  -23.634  36.529 0.0000000000
61757  29.078  -25.091  40.890 0.0000000000
61755  31.000  -24.574  40.727 0.0000000000
61736  31.286  -24.659  41.087 0.0000000000
61754  31.307  -24.368  40.685 0.0000000000
64214  33.015  -23.566  40.344 0.0000000000
61733  33.446  -24.316  40.383 0.0000000000
66831  49.770  -21.058  21.464 0.0000000000
65690  44.210  -21.815  14.668 0.0000000000
68068  47.165  -19.881  20.114 0.0000000000
68051  47.217  -19.997  20.593 0.0000000000
68021  47.626  -20.034  22.134 0.0000000000
66818  47.326  -20.388  22.295 0.0000000000
65561  48.531  -21.120  25.067 0.0000000000
63192  48.543  -23.348  25.474 0.0000000000
123604  33.882  -21.827  29.651 0.0000000000
123704  38.130  -23.793  18.072 0.0000000000
60749  38.291  -23.836  17.700 0.0000000000
62084  38.471  -23.752  18.058 0.0000000000
61774  27.391  -24.915  39.855 0.0000000000
61759  27.406  -24.325  40.698 0.0000000000
61758  28.056  -24.823  40.829 0.0000000000
63051  30.038  -24.621  41.858 0.0000000000
65641  45.013  -21.707  18.518 0.0000000000
123686  44.397  -21.750  17.819 0.0000000000
123781  32.028  -22.402  36.118 0.0000000000
123741  34.161  -21.849  35.016 0.0000000000
123758  34.543  -21.643  35.774 0.0000000000
123770  34.800  -21.302  33.819 0.0000000000
123641  36.270  -21.425  33.860 0.0000000000
123789  35.462  -20.358  32.585 0.0000000000
123547  34.861  -23.254  21.456 0.0000000000
123541  35.341  -23.421  21.306 0.0000000000
60425  28.762  -25.327  39.765 0.0000000000
65425  33.725  -21.091  38.391 0.0000000000
64225  33.660  -22.942  39.582 0.0000000000
64237  34.424  -22.788  39.421 0.0000000000
123694  35.059  -23.232  39.180 0.0000000000
65367  22.917  -21.871  45.154 0.0000000000
68032  52.890  -19.362  21.320 0.0000000000
65580  49.209  -21.864  22.422 0.0000000000
68019  48.433  -19.917  22.292 0.0000000000
64392  49.846  -23.390  24.051 0.0000000000
64516  38.103  -22.453  13.218 0.0000000000
63323  39.520  -23.518  14.736 0.0000000000
62097  38.952  -23.895  17.029 0.0000000000
123573  40.235  -24.133  18.047 0.0000000000
123587  40.280  -24.430  18.485 0.0000000000
61741  27.390  -24.024  41.048 0.0000000000
61753  33.574  -24.111  40.313 0.0000000000
63064  34.608  -23.437  39.365 0.0000000000
63065  34.248  -23.588  39.573 0.0000000000
63080  34.673  -23.107  39.357 0.0000000000
63193  48.754  -22.435  25.614 0.0000000000
64365  48.515  -22.252  25.178 0.0000000000
65560  48.043  -20.753  25.212 0.0000000000
65652  46.888  -21.005  16.758 0.0000000000
66650  23.972  -20.812  45.257 0.0000000000
66677  26.587  -21.568  42.792 0.0000000000
66847  47.248  -20.070  20.830 0.0000000000
66849  46.311  -20.644  20.167 0.0000000000
68020  47.857  -19.906  22.245 0.0000000000
123695  35.562  -21.155  35.340 0.0000000000
123740  34.685  -21.437  35.433 0.0000000000
123779  47.569  -21.321  24.931 0.0000000000
123788  36.054  -20.380  32.748 0.0000000000
123799  35.932  -20.487  32.086 0.0000000000
