#!ascii label  , from subject sub-NDARAG610XL4 vox2ras=TkReg
930
63203  24.337  -22.148  27.064 0.0000000000
69330  44.288  -18.558  3.476 0.0000000000
66969  31.618  -19.729  11.642 0.0000000000
67907  9.253  -19.144  34.395 0.0000000000
67987  20.850  -19.104  29.140 0.0000000000
72884  34.635  -15.571  9.004 0.0000000000
122711  18.124  -18.746  36.049 0.0000000000
65507  14.237  -22.392  34.119 0.0000000000
65534  18.161  -21.319  30.936 0.0000000000
65884  47.611  -21.433  3.594 0.0000000000
70168  24.637  -17.152  28.280 0.0000000000
70295  25.209  -18.116  19.703 0.0000000000
123824  24.332  -21.319  26.777 0.0000000000
70505  48.109  -17.622  1.322 0.0000000000
65926  50.698  -21.266  0.818 0.0000000000
71699  41.889  -16.399  6.288 0.0000000000
65825  43.599  -21.487  6.464 0.0000000000
69297  39.033  -18.447  7.023 0.0000000000
66984  37.163  -20.081  9.658 0.0000000000
61917  22.440  -25.146  28.030 0.0000000000
65472  6.463  -21.704  37.370 0.0000000000
123537  3.467  -19.742  37.538 0.0000000000
69023  1.052  -18.845  41.230 0.0000000000
64358  21.911  -21.697  28.250 0.0000000000
63184  18.780  -23.541  28.478 0.0000000000
69235  29.945  -17.313  15.760 0.0000000000
64491  29.315  -22.382  14.237 0.0000000000
67114  53.988  -20.696  -0.848 0.0000000000
67039  45.955  -21.002  3.830 0.0000000000
65867  45.617  -21.155  5.027 0.0000000000
123911  25.870  -20.603  31.197 0.0000000000
123918  24.636  -20.391  28.343 0.0000000000
64379  26.216  -21.753  29.897 0.0000000000
70447  45.332  -17.039  3.304 0.0000000000
71755  47.299  -16.577  3.227 0.0000000000
69343  45.621  -18.474  2.236 0.0000000000
67086  47.339  -20.206  1.856 0.0000000000
63063  1.588  -22.802  43.061 0.0000000000
70420  40.135  -17.428  6.329 0.0000000000
71673  38.550  -16.293  7.279 0.0000000000
69278  32.817  -18.134  9.979 0.0000000000
68172  35.265  -18.702  8.588 0.0000000000
66976  34.138  -20.015  10.344 0.0000000000
65739  33.369  -21.337  11.141 0.0000000000
66748  10.561  -20.814  33.237 0.0000000000
65491  11.558  -22.478  34.600 0.0000000000
66721  8.277  -21.370  34.894 0.0000000000
65470  7.952  -21.903  36.591 0.0000000000
66723  6.998  -20.335  35.267 0.0000000000
70095  4.502  -18.510  37.086 0.0000000000
65433  1.339  -20.614  39.352 0.0000000000
65546  21.136  -20.837  28.551 0.0000000000
64360  19.779  -22.429  27.677 0.0000000000
65547  19.922  -20.794  28.281 0.0000000000
66755  18.281  -21.139  33.100 0.0000000000
64339  17.682  -22.214  32.295 0.0000000000
66884  24.958  -21.075  18.808 0.0000000000
66919  26.660  -20.039  16.650 0.0000000000
72861  37.116  -15.346  9.588 0.0000000000
72820  33.522  -15.822  12.260 0.0000000000
70374  31.759  -18.105  12.343 0.0000000000
122442  19.138  -19.004  35.905 0.0000000000
122686  16.180  -20.014  36.639 0.0000000000
122744  16.148  -21.146  33.420 0.0000000000
67943  13.801  -20.192  31.654 0.0000000000
69071  11.125  -18.663  33.716 0.0000000000
66791  18.467  -19.407  28.693 0.0000000000
67996  17.248  -18.431  30.321 0.0000000000
122636  18.352  -18.940  32.688 0.0000000000
71409  26.343  -16.299  24.286 0.0000000000
71487  27.041  -16.757  20.693 0.0000000000
69149  24.679  -17.979  22.930 0.0000000000
68038  23.342  -19.713  22.056 0.0000000000
68228  51.831  -18.754  0.599 0.0000000000
68256  49.251  -19.698  0.492 0.0000000000
65916  49.292  -21.376  2.298 0.0000000000
70450  42.777  -17.568  4.458 0.0000000000
67042  43.744  -20.509  4.809 0.0000000000
69317  41.633  -18.587  5.346 0.0000000000
68189  41.265  -19.735  6.175 0.0000000000
67010  39.912  -20.634  7.820 0.0000000000
70404  36.918  -17.329  7.349 0.0000000000
68169  37.471  -19.767  8.214 0.0000000000
63195  22.167  -22.876  26.018 0.0000000000
61934  25.775  -24.263  26.482 0.0000000000
71722  43.723  -16.149  5.717 0.0000000000
70111  7.447  -17.698  35.291 0.0000000000
69052  6.029  -18.833  35.902 0.0000000000
65460  4.957  -21.435  37.728 0.0000000000
123492  4.544  -22.511  40.166 0.0000000000
64258  2.429  -22.146  39.834 0.0000000000
64247  1.567  -22.998  41.533 0.0000000000
65423  0.535  -21.238  42.394 0.0000000000
123361  -0.693  -19.785  42.890 0.0000000000
64366  22.469  -21.814  27.414 0.0000000000
63187  21.175  -23.345  26.869 0.0000000000
61919  20.100  -24.796  28.295 0.0000000000
64348  18.049  -21.867  29.672 0.0000000000
66948  30.734  -19.677  13.587 0.0000000000
70331  27.191  -17.482  17.236 0.0000000000
68139  28.560  -19.312  14.478 0.0000000000
65726  30.574  -20.910  12.847 0.0000000000
123843  27.234  -22.491  28.657 0.0000000000
64681  55.023  -22.695  -1.074 0.0000000000
67097  52.410  -20.528  -0.199 0.0000000000
63492  53.536  -23.269  0.057 0.0000000000
68207  44.973  -19.461  3.452 0.0000000000
67040  45.480  -20.945  4.140 0.0000000000
67054  44.899  -20.325  3.803 0.0000000000
64394  25.525  -20.836  30.657 0.0000000000
123865  26.484  -20.141  30.813 0.0000000000
63218  25.676  -22.411  27.491 0.0000000000
70469  44.769  -17.802  2.957 0.0000000000
70468  45.285  -17.585  2.574 0.0000000000
69329  45.140  -18.553  2.988 0.0000000000
68218  45.612  -19.402  2.902 0.0000000000
123346  0.474  -23.290  43.340 0.0000000000
71672  39.577  -15.924  7.385 0.0000000000
72904  39.081  -15.451  7.986 0.0000000000
68157  32.481  -18.723  10.530 0.0000000000
68156  33.198  -18.984  9.989 0.0000000000
66977  33.241  -19.808  10.269 0.0000000000
66967  33.284  -20.567  10.665 0.0000000000
66968  32.323  -20.120  10.852 0.0000000000
67924  9.503  -19.797  33.801 0.0000000000
66732  8.982  -20.914  33.950 0.0000000000
67925  8.910  -19.881  34.436 0.0000000000
66722  7.697  -20.880  35.028 0.0000000000
67909  7.947  -19.520  34.641 0.0000000000
66784  21.501  -20.018  29.291 0.0000000000
66789  20.554  -19.964  28.637 0.0000000000
67942  19.127  -20.254  34.369 0.0000000000
70267  28.488  -16.481  20.421 0.0000000000
64455  26.736  -22.111  17.429 0.0000000000
71595  32.497  -16.909  12.314 0.0000000000
70369  32.967  -17.515  13.610 0.0000000000
122443  18.063  -18.848  36.197 0.0000000000
122619  17.770  -19.111  37.099 0.0000000000
122602  17.571  -19.329  35.831 0.0000000000
67962  15.743  -19.834  30.621 0.0000000000
69079  14.167  -18.365  30.956 0.0000000000
69080  12.283  -18.848  32.372 0.0000000000
69114  19.181  -17.384  29.384 0.0000000000
122760  19.852  -18.494  35.602 0.0000000000
122774  18.115  -17.982  31.870 0.0000000000
122657  18.458  -18.682  36.019 0.0000000000
122446  18.533  -19.852  32.999 0.0000000000
71426  25.566  -16.821  23.563 0.0000000000
70205  24.427  -17.450  24.732 0.0000000000
68012  22.604  -19.862  24.733 0.0000000000
123890  22.392  -21.521  24.147 0.0000000000
66834  24.039  -20.943  21.560 0.0000000000
123866  24.186  -22.616  24.183 0.0000000000
71772  48.006  -16.572  2.479 0.0000000000
70519  50.403  -17.120  0.709 0.0000000000
69372  48.729  -18.170  0.433 0.0000000000
67069  47.760  -20.900  2.567 0.0000000000
67085  48.134  -20.230  1.900 0.0000000000
65904  48.169  -21.434  3.093 0.0000000000
70435  42.445  -17.303  4.984 0.0000000000
69323  42.487  -18.633  4.775 0.0000000000
70437  41.433  -17.661  5.420 0.0000000000
70401  39.499  -17.764  6.775 0.0000000000
69309  40.757  -18.534  5.876 0.0000000000
68190  40.218  -19.515  6.475 0.0000000000
67021  40.615  -20.413  6.990 0.0000000000
67022  39.708  -20.201  6.969 0.0000000000
72882  36.324  -15.546  8.792 0.0000000000
71647  36.526  -16.114  8.098 0.0000000000
71648  35.603  -16.254  8.165 0.0000000000
68161  35.947  -19.466  9.069 0.0000000000
68170  36.743  -19.356  8.287 0.0000000000
66998  37.290  -19.714  8.843 0.0000000000
66997  37.975  -20.269  8.609 0.0000000000
61927  21.914  -24.462  26.705 0.0000000000
61926  23.530  -24.804  27.147 0.0000000000
71669  42.790  -16.037  7.564 0.0000000000
71698  43.160  -16.102  6.598 0.0000000000
71740  43.298  -16.553  4.679 0.0000000000
122728  14.976  -21.676  34.968 0.0000000000
65490  12.895  -22.451  34.694 0.0000000000
65471  6.998  -21.745  37.009 0.0000000000
65457  7.916  -21.785  37.888 0.0000000000
65458  6.995  -22.005  38.009 0.0000000000
65459  5.974  -21.777  37.795 0.0000000000
70101  6.410  -17.415  35.972 0.0000000000
70112  6.917  -18.076  35.361 0.0000000000
70102  5.585  -18.156  36.211 0.0000000000
69041  4.419  -19.549  36.983 0.0000000000
123536  3.900  -20.437  37.454 0.0000000000
123513  4.696  -21.793  38.229 0.0000000000
123516  4.350  -22.163  38.763 0.0000000000
123469  3.806  -22.607  39.940 0.0000000000
123470  3.070  -21.711  38.955 0.0000000000
65446  0.817  -20.228  40.120 0.0000000000
65421  1.352  -21.322  40.426 0.0000000000
123525  0.762  -20.133  40.543 0.0000000000
65422  1.194  -21.550  41.431 0.0000000000
123369  0.731  -19.652  41.555 0.0000000000
65552  23.175  -20.762  29.363 0.0000000000
66796  23.728  -20.486  29.419 0.0000000000
65553  22.811  -21.181  28.764 0.0000000000
64367  21.620  -22.540  26.817 0.0000000000
63189  19.362  -22.806  27.952 0.0000000000
63188  19.885  -23.536  27.450 0.0000000000
63183  19.261  -24.353  27.969 0.0000000000
65549  18.159  -20.138  29.318 0.0000000000
64355  18.506  -21.088  29.210 0.0000000000
65541  18.083  -20.779  30.026 0.0000000000
63168  18.680  -23.202  31.789 0.0000000000
67018  43.076  -20.993  5.862 0.0000000000
65848  44.155  -21.396  6.057 0.0000000000
65824  44.675  -21.325  6.672 0.0000000000
69252  31.365  -18.283  15.586 0.0000000000
68136  31.272  -19.264  14.338 0.0000000000
68127  30.162  -18.680  14.763 0.0000000000
70294  26.006  -17.673  19.250 0.0000000000
70293  27.150  -16.697  19.372 0.0000000000
70314  26.507  -17.989  18.079 0.0000000000
65685  27.392  -21.034  15.475 0.0000000000
68130  27.579  -19.704  15.118 0.0000000000
65696  28.190  -21.060  14.634 0.0000000000
66950  29.690  -20.658  13.691 0.0000000000
65709  30.171  -21.373  13.272 0.0000000000
64524  30.691  -21.637  12.809 0.0000000000
123862  26.467  -23.472  26.311 0.0000000000
65934  54.287  -21.558  -1.159 0.0000000000
67099  50.749  -20.501  0.492 0.0000000000
68253  52.156  -19.271  0.131 0.0000000000
65925  51.308  -21.705  0.753 0.0000000000
63482  52.509  -23.364  0.740 0.0000000000
62269  52.904  -24.573  1.782 0.0000000000
122501  17.968  -19.224  34.506 0.0000000000
122675  17.118  -19.590  34.132 0.0000000000
65885  47.030  -21.246  4.058 0.0000000000
65865  47.560  -21.371  4.703 0.0000000000
65866  46.488  -21.173  4.569 0.0000000000
123906  26.013  -19.880  31.009 0.0000000000
69120  23.991  -18.036  27.183 0.0000000000
123901  25.346  -19.803  30.539 0.0000000000
123876  25.173  -20.921  28.829 0.0000000000
123844  27.710  -22.261  29.499 0.0000000000
71719  47.164  -16.875  5.442 0.0000000000
71737  46.410  -16.498  3.904 0.0000000000
71774  46.432  -17.140  2.347 0.0000000000
70488  46.901  -17.616  1.839 0.0000000000
69356  47.670  -18.429  0.988 0.0000000000
69342  46.303  -18.687  1.729 0.0000000000
67070  46.640  -20.551  2.304 0.0000000000
63045  1.797  -22.889  43.417 0.0000000000
71670  41.754  -16.325  7.607 0.0000000000
70419  40.977  -17.256  5.752 0.0000000000
71700  40.858  -16.559  6.708 0.0000000000
71702  39.251  -16.573  6.912 0.0000000000
70402  38.790  -17.395  6.898 0.0000000000
70387  33.907  -17.124  9.374 0.0000000000
69290  34.758  -17.625  8.425 0.0000000000
68163  33.958  -18.678  9.533 0.0000000000
68162  34.930  -19.096  9.121 0.0000000000
66985  36.112  -19.896  9.741 0.0000000000
66975  35.196  -20.011  10.416 0.0000000000
66965  35.290  -20.754  11.049 0.0000000000
61907  21.804  -25.572  28.849 0.0000000000
66747  11.795  -21.057  33.383 0.0000000000
65508  12.445  -22.059  33.826 0.0000000000
65509  10.887  -21.494  33.884 0.0000000000
65492  9.814  -22.165  34.561 0.0000000000
65479  8.605  -22.319  35.554 0.0000000000
66713  7.536  -21.502  35.726 0.0000000000
66714  6.851  -21.037  35.837 0.0000000000
70094  5.285  -17.601  37.054 0.0000000000
123533  3.599  -18.316  38.060 0.0000000000
123535  2.800  -18.865  38.100 0.0000000000
123527  2.081  -20.202  38.224 0.0000000000
123534  2.165  -18.642  38.834 0.0000000000
123487  2.325  -17.907  40.375 0.0000000000
123506  2.225  -17.694  41.253 0.0000000000
65545  22.013  -21.179  28.810 0.0000000000
64352  21.384  -21.573  28.253 0.0000000000
64353  20.378  -21.610  27.911 0.0000000000
64361  19.417  -22.437  28.002 0.0000000000
64354  19.033  -21.996  28.353 0.0000000000
66766  18.251  -20.774  32.139 0.0000000000
65518  17.854  -21.675  33.217 0.0000000000
65826  42.603  -21.820  6.795 0.0000000000
70329  29.209  -16.643  17.462 0.0000000000
68069  25.142  -19.519  18.840 0.0000000000
68083  26.048  -19.487  17.573 0.0000000000
66902  26.202  -20.611  17.717 0.0000000000
65669  27.070  -21.329  16.567 0.0000000000
68252  54.173  -19.409  -0.116 0.0000000000
123337  -1.103  -23.496  43.933 0.0000000000
72841  36.438  -14.740  10.454 0.0000000000
74004  35.419  -14.646  10.161 0.0000000000
71613  33.807  -15.681  9.952 0.0000000000
70377  32.710  -16.853  10.794 0.0000000000
70378  32.245  -17.384  11.458 0.0000000000
68151  31.614  -18.997  11.602 0.0000000000
122617  19.425  -19.070  36.181 0.0000000000
122585  18.968  -19.167  37.074 0.0000000000
122635  16.971  -19.667  36.999 0.0000000000
122652  16.005  -20.596  34.864 0.0000000000
66756  15.380  -21.968  33.319 0.0000000000
122756  16.673  -20.173  32.913 0.0000000000
66757  15.576  -21.572  31.874 0.0000000000
66746  13.425  -21.666  32.686 0.0000000000
67944  12.182  -20.304  32.646 0.0000000000
67923  10.397  -19.349  33.678 0.0000000000
69072  10.051  -18.517  34.321 0.0000000000
66790  19.535  -19.754  28.453 0.0000000000
67994  19.288  -18.548  28.530 0.0000000000
66792  17.819  -19.165  29.460 0.0000000000
66785  17.766  -19.793  30.168 0.0000000000
122751  19.038  -18.434  32.182 0.0000000000
122746  18.038  -18.678  30.845 0.0000000000
66776  18.290  -20.412  31.030 0.0000000000
67972  18.421  -20.253  32.751 0.0000000000
122637  18.997  -19.700  34.551 0.0000000000
71424  27.440  -16.030  23.523 0.0000000000
71466  27.371  -16.367  21.501 0.0000000000
71446  26.554  -16.683  22.050 0.0000000000
70244  26.189  -17.262  21.688 0.0000000000
70270  24.946  -17.768  20.442 0.0000000000
69133  23.548  -18.193  24.728 0.0000000000
69160  23.516  -18.606  22.312 0.0000000000
69174  24.305  -18.688  20.599 0.0000000000
66850  24.228  -20.667  20.786 0.0000000000
65633  25.105  -21.730  19.714 0.0000000000
69369  51.468  -18.227  0.659 0.0000000000
68255  50.273  -19.417  0.523 0.0000000000
67100  50.070  -20.246  0.735 0.0000000000
68257  48.214  -19.422  0.417 0.0000000000
68229  49.128  -20.263  1.200 0.0000000000
69322  43.503  -18.482  4.119 0.0000000000
68200  43.875  -20.215  4.368 0.0000000000
68201  43.390  -19.574  4.524 0.0000000000
68202  42.512  -19.701  4.970 0.0000000000
68196  42.010  -19.754  5.657 0.0000000000
69318  41.122  -18.009  5.447 0.0000000000
68197  41.574  -19.279  5.722 0.0000000000
68188  41.874  -20.304  6.235 0.0000000000
67020  41.671  -21.004  6.868 0.0000000000
67009  40.995  -21.004  7.996 0.0000000000
72905  38.062  -15.656  7.902 0.0000000000
71674  37.501  -16.417  7.524 0.0000000000
69298  38.162  -18.328  7.354 0.0000000000
69289  35.303  -18.151  8.033 0.0000000000
69299  37.119  -18.369  7.556 0.0000000000
68179  38.474  -19.253  7.368 0.0000000000
67011  38.855  -20.186  7.615 0.0000000000
63204  23.620  -22.756  25.397 0.0000000000
61948  25.327  -23.127  25.551 0.0000000000
61949  24.094  -23.714  25.260 0.0000000000
61925  24.864  -24.740  27.129 0.0000000000
72962  44.479  -15.843  4.031 0.0000000000
70449  43.557  -17.353  3.947 0.0000000000
69060  9.198  -18.293  34.592 0.0000000000
70110  8.389  -16.975  34.924 0.0000000000
69061  8.174  -18.376  34.799 0.0000000000
69062  7.369  -18.649  35.048 0.0000000000
67893  6.576  -19.745  35.543 0.0000000000
67894  5.919  -20.030  36.047 0.0000000000
69040  4.827  -18.644  36.864 0.0000000000
69054  4.887  -19.863  36.623 0.0000000000
66708  5.475  -21.188  37.217 0.0000000000
65445  5.703  -22.125  39.460 0.0000000000
63077  3.148  -23.672  42.261 0.0000000000
64246  1.947  -22.285  40.640 0.0000000000
63091  1.878  -23.698  41.841 0.0000000000
64235  1.365  -22.552  42.275 0.0000000000
65413  1.088  -21.847  42.537 0.0000000000
123352  0.217  -21.569  43.105 0.0000000000
69014  1.148  -19.254  42.906 0.0000000000
123355  -0.248  -19.988  42.558 0.0000000000
123356  -0.512  -21.239  43.043 0.0000000000
64380  25.238  -20.391  29.851 0.0000000000
64372  23.730  -20.907  27.476 0.0000000000
64359  21.048  -22.321  27.520 0.0000000000
61928  20.821  -24.284  27.376 0.0000000000
61918  21.320  -24.968  28.106 0.0000000000
65548  18.865  -20.559  28.597 0.0000000000
64347  18.248  -22.768  29.138 0.0000000000
64343  17.948  -22.233  30.863 0.0000000000
63175  18.264  -23.035  30.846 0.0000000000
63179  18.465  -23.387  29.816 0.0000000000
67041  44.553  -20.868  4.578 0.0000000000
68143  32.317  -18.779  13.874 0.0000000000
68144  31.565  -19.163  13.408 0.0000000000
68147  31.352  -19.139  12.309 0.0000000000
70292  28.240  -16.322  19.310 0.0000000000
70312  28.277  -16.545  18.297 0.0000000000
70346  29.044  -16.892  16.473 0.0000000000
70349  26.753  -18.442  16.412 0.0000000000
69237  27.957  -18.005  15.669 0.0000000000
68128  29.252  -18.650  14.659 0.0000000000
66942  30.159  -19.787  13.955 0.0000000000
66957  30.587  -20.548  12.963 0.0000000000
65741  31.644  -20.632  11.663 0.0000000000
64539  31.733  -21.448  11.725 0.0000000000
61963  26.313  -22.730  26.326 0.0000000000
123842  27.021  -22.659  27.409 0.0000000000
123864  28.339  -21.800  29.421 0.0000000000
65945  55.873  -22.000  -1.566 0.0000000000
68282  52.927  -19.631  -0.520 0.0000000000
67115  53.252  -20.664  -0.429 0.0000000000
64651  51.859  -22.764  1.068 0.0000000000
64673  52.836  -22.422  0.099 0.0000000000
65935  53.681  -21.633  -0.586 0.0000000000
64671  54.431  -22.546  -0.731 0.0000000000
62318  54.525  -24.009  -0.046 0.0000000000
123344  0.319  -22.260  43.213 0.0000000000
68150  32.076  -19.249  11.025 0.0000000000
66978  32.627  -19.411  10.465 0.0000000000
67926  8.472  -19.852  34.564 0.0000000000
67908  8.698  -19.172  34.630 0.0000000000
122618  19.437  -20.000  35.780 0.0000000000
67920  19.436  -21.127  34.540 0.0000000000
70243  28.815  -16.668  21.226 0.0000000000
122444  18.077  -18.629  36.043 0.0000000000
122498  17.960  -18.820  36.537 0.0000000000
122732  17.559  -19.275  35.249 0.0000000000
122712  18.633  -18.862  35.709 0.0000000000
70184  25.031  -17.037  25.674 0.0000000000
70185  24.399  -17.335  26.463 0.0000000000
123889  23.046  -22.067  24.894 0.0000000000
71784  47.700  -17.161  1.795 0.0000000000
71783  48.716  -16.764  1.522 0.0000000000
71789  49.032  -16.991  0.921 0.0000000000
70520  49.368  -17.361  0.679 0.0000000000
70504  48.752  -17.395  0.973 0.0000000000
65883  48.641  -21.731  3.670 0.0000000000
64223  3.489  -23.027  43.137 0.0000000000
71724  41.972  -16.838  5.617 0.0000000000
70436  41.958  -17.486  5.260 0.0000000000
70418  41.597  -17.052  5.593 0.0000000000
69310  39.815  -18.522  6.544 0.0000000000
68191  39.257  -19.421  6.821 0.0000000000
72883  35.306  -15.452  8.902 0.0000000000
71649  34.771  -16.209  8.588 0.0000000000
68160  36.691  -19.632  9.171 0.0000000000
71723  42.582  -16.635  5.456 0.0000000000
65444  6.842  -21.622  39.107 0.0000000000
123528  4.057  -21.159  37.942 0.0000000000
123526  0.849  -19.290  40.498 0.0000000000
66696  0.797  -20.215  41.146 0.0000000000
67879  0.833  -19.420  41.167 0.0000000000
65544  22.783  -20.802  29.403 0.0000000000
61920  19.217  -24.543  28.785 0.0000000000
61910  19.004  -24.146  29.730 0.0000000000
69234  30.949  -17.489  16.100 0.0000000000
69253  30.559  -18.148  15.394 0.0000000000
68126  31.001  -18.885  15.052 0.0000000000
69187  25.839  -18.443  18.584 0.0000000000
64492  28.361  -22.033  14.639 0.0000000000
65695  28.991  -21.461  14.025 0.0000000000
65710  29.623  -21.023  13.618 0.0000000000
64506  29.671  -21.736  13.676 0.0000000000
67113  54.860  -20.761  -1.303 0.0000000000
67098  51.555  -20.469  0.108 0.0000000000
122772  17.958  -19.180  33.993 0.0000000000
122771  18.113  -18.973  33.933 0.0000000000
122773  18.443  -18.989  34.679 0.0000000000
67052  46.458  -21.053  3.372 0.0000000000
65845  46.449  -21.084  5.766 0.0000000000
71738  45.229  -15.965  3.896 0.0000000000
70490  45.602  -17.641  2.071 0.0000000000
70467  45.921  -17.144  2.376 0.0000000000
70489  46.246  -17.646  1.900 0.0000000000
71773  47.054  -17.156  2.340 0.0000000000
70507  46.693  -18.072  1.582 0.0000000000
67071  46.042  -20.190  2.838 0.0000000000
71671  40.588  -16.138  7.835 0.0000000000
70421  39.492  -17.102  6.615 0.0000000000
70382  33.053  -17.112  9.945 0.0000000000
69284  33.572  -17.951  9.513 0.0000000000
68155  34.031  -19.421  9.820 0.0000000000
68154  34.743  -19.679  9.863 0.0000000000
66986  35.393  -19.673  9.637 0.0000000000
66966  34.282  -20.646  10.893 0.0000000000
65510  9.825  -21.418  33.492 0.0000000000
65493  8.670  -21.566  34.629 0.0000000000
123530  3.285  -17.908  38.692 0.0000000000
66783  22.250  -20.267  29.690 0.0000000000
65540  21.871  -20.655  29.176 0.0000000000
65529  17.697  -21.716  32.101 0.0000000000
70328  30.224  -16.667  17.581 0.0000000000
70311  29.337  -16.512  18.472 0.0000000000
68085  24.991  -20.332  18.793 0.0000000000
68084  25.616  -19.742  18.187 0.0000000000
66883  25.660  -20.800  18.203 0.0000000000
64469  27.253  -22.167  16.606 0.0000000000
64470  26.921  -21.733  16.943 0.0000000000
123339  -1.183  -23.104  43.454 0.0000000000
72862  36.024  -14.925  9.795 0.0000000000
72843  33.352  -15.597  11.375 0.0000000000
71614  32.990  -15.975  10.461 0.0000000000
71594  32.797  -16.347  11.659 0.0000000000
70373  32.228  -17.621  12.686 0.0000000000
70379  31.757  -17.904  11.931 0.0000000000
69274  31.978  -18.395  11.299 0.0000000000
69275  31.521  -18.461  12.009 0.0000000000
122625  16.999  -19.713  36.045 0.0000000000
122729  15.675  -21.300  34.562 0.0000000000
66768  16.791  -20.357  31.481 0.0000000000
65520  14.665  -22.298  32.831 0.0000000000
67922  11.416  -19.466  33.235 0.0000000000
67988  20.107  -18.591  28.890 0.0000000000
69113  19.719  -18.158  29.058 0.0000000000
69115  17.974  -17.338  29.990 0.0000000000
67995  18.043  -18.215  29.065 0.0000000000
122733  18.023  -19.350  31.201 0.0000000000
66777  18.229  -19.810  31.249 0.0000000000
66767  18.393  -20.107  31.979 0.0000000000
67974  18.377  -19.456  32.636 0.0000000000
122616  18.680  -19.001  36.127 0.0000000000
71445  27.276  -16.106  22.342 0.0000000000
71425  26.162  -16.728  23.201 0.0000000000
69140  25.305  -17.925  23.303 0.0000000000
70225  26.070  -17.442  22.573 0.0000000000
69148  25.404  -17.887  22.733 0.0000000000
70245  25.347  -17.477  21.472 0.0000000000
70227  24.897  -17.686  22.274 0.0000000000
123924  23.816  -19.158  27.318 0.0000000000
69124  23.616  -18.206  26.447 0.0000000000
68005  23.163  -18.751  26.028 0.0000000000
68022  22.952  -19.518  23.386 0.0000000000
69159  23.855  -18.688  21.425 0.0000000000
68037  23.834  -19.348  21.140 0.0000000000
68052  24.120  -19.605  20.498 0.0000000000
68053  23.743  -20.166  21.278 0.0000000000
65601  24.220  -21.595  21.831 0.0000000000
65618  24.809  -21.485  20.713 0.0000000000
71736  47.629  -16.533  4.334 0.0000000000
70502  51.738  -17.090  0.945 0.0000000000
69371  49.565  -18.356  0.346 0.0000000000
69370  50.701  -18.352  0.580 0.0000000000
68231  47.576  -19.508  1.128 0.0000000000
68258  47.676  -18.904  0.368 0.0000000000
67068  48.430  -20.769  2.303 0.0000000000
67084  48.989  -20.726  1.875 0.0000000000
67083  49.714  -20.728  1.216 0.0000000000
69316  42.147  -19.156  5.208 0.0000000000
67033  42.745  -20.466  5.477 0.0000000000
69308  41.300  -19.066  5.714 0.0000000000
72880  38.605  -15.644  8.782 0.0000000000
72881  37.409  -15.646  8.554 0.0000000000
71675  36.705  -16.611  7.611 0.0000000000
70403  37.818  -17.352  7.213 0.0000000000
69282  35.001  -18.534  8.666 0.0000000000
69287  36.806  -18.915  7.828 0.0000000000
68180  37.574  -19.167  7.741 0.0000000000
67012  38.020  -19.821  7.822 0.0000000000
61936  23.178  -23.985  25.783 0.0000000000
72935  45.357  -15.781  5.197 0.0000000000
72936  44.517  -15.827  5.317 0.0000000000
71741  42.736  -16.998  4.879 0.0000000000
69321  43.736  -17.954  3.478 0.0000000000
122633  17.006  -19.655  37.063 0.0000000000
122634  16.616  -19.947  36.984 0.0000000000
69073  9.723  -18.014  34.465 0.0000000000
70100  7.554  -16.837  35.781 0.0000000000
70099  8.093  -16.407  35.715 0.0000000000
69063  6.702  -18.704  35.444 0.0000000000
123529  4.308  -20.684  37.323 0.0000000000
67883  4.887  -20.588  36.926 0.0000000000
66716  5.406  -20.780  36.875 0.0000000000
63089  3.780  -23.042  41.065 0.0000000000
64234  3.732  -23.279  42.291 0.0000000000
123512  1.694  -20.621  38.651 0.0000000000
123491  1.967  -20.885  38.692 0.0000000000
63090  2.444  -23.502  41.493 0.0000000000
63079  1.505  -23.504  42.339 0.0000000000
66691  0.626  -20.813  41.676 0.0000000000
123354  0.640  -21.735  42.896 0.0000000000
123365  0.790  -19.068  42.284 0.0000000000
123360  0.352  -19.327  43.256 0.0000000000
123900  25.090  -19.935  29.913 0.0000000000
65556  23.546  -20.862  28.517 0.0000000000
63194  23.159  -21.759  26.256 0.0000000000
64338  18.099  -22.536  31.878 0.0000000000
63174  18.801  -23.725  30.823 0.0000000000
67031  44.120  -20.967  5.121 0.0000000000
68134  32.784  -18.774  14.302 0.0000000000
68135  32.175  -19.000  14.373 0.0000000000
71486  27.545  -16.553  20.840 0.0000000000
70268  27.459  -16.607  20.205 0.0000000000
70313  27.308  -17.038  18.358 0.0000000000
71519  27.736  -16.566  18.533 0.0000000000
70330  28.151  -16.906  17.349 0.0000000000
70347  28.008  -17.317  16.396 0.0000000000
68098  26.322  -19.674  16.963 0.0000000000
69218  26.116  -19.014  17.156 0.0000000000
68113  26.725  -19.577  16.270 0.0000000000
68140  27.909  -19.651  14.734 0.0000000000
69257  27.510  -19.208  15.121 0.0000000000
69256  27.937  -18.610  14.885 0.0000000000
69255  28.710  -18.137  15.025 0.0000000000
68129  28.612  -18.641  14.687 0.0000000000
68138  29.650  -19.334  14.334 0.0000000000
66949  30.231  -20.541  13.443 0.0000000000
66956  30.926  -20.144  12.604 0.0000000000
65725  31.125  -21.193  12.296 0.0000000000
64538  32.419  -21.901  11.587 0.0000000000
123861  26.628  -23.679  27.399 0.0000000000
123836  26.131  -22.471  24.187 0.0000000000
67129  55.466  -21.315  -1.644 0.0000000000
67128  56.036  -21.130  -1.860 0.0000000000
64680  55.547  -23.192  -1.375 0.0000000000
68227  52.118  -18.633  0.497 0.0000000000
63481  53.072  -23.389  0.336 0.0000000000
64660  52.904  -22.753  0.217 0.0000000000
64672  53.413  -22.643  -0.112 0.0000000000
63480  53.616  -23.605  0.177 0.0000000000
67053  45.652  -20.314  3.497 0.0000000000
123917  25.816  -20.441  30.713 0.0000000000
70448  44.318  -17.213  3.301 0.0000000000
64224  1.000  -22.543  42.845 0.0000000000
72903  39.918  -15.590  8.090 0.0000000000
68164  33.380  -18.462  9.720 0.0000000000
65740  32.446  -21.028  11.226 0.0000000000
67946  10.181  -20.071  33.244 0.0000000000
66749  9.629  -20.694  32.940 0.0000000000
66733  8.411  -20.635  34.559 0.0000000000
66734  8.140  -20.211  34.580 0.0000000000
123507  3.106  -17.629  39.449 0.0000000000
67941  18.901  -20.885  34.101 0.0000000000
70291  29.467  -16.451  19.532 0.0000000000
65644  25.355  -21.572  18.849 0.0000000000
65643  26.108  -21.789  18.192 0.0000000000
71580  33.175  -16.596  12.896 0.0000000000
70372  32.742  -17.185  12.985 0.0000000000
70370  32.472  -17.916  13.294 0.0000000000
122589  17.531  -19.336  36.727 0.0000000000
122550  18.037  -19.099  36.975 0.0000000000
122604  17.370  -19.352  35.875 0.0000000000
122730  16.595  -19.895  34.610 0.0000000000
70170  18.451  -17.094  30.925 0.0000000000
71410  25.387  -16.700  24.068 0.0000000000
70204  24.833  -17.333  24.203 0.0000000000
69131  24.936  -17.772  23.836 0.0000000000
123912  22.928  -19.726  26.036 0.0000000000
68023  22.454  -20.578  24.117 0.0000000000
66819  22.736  -20.804  23.100 0.0000000000
66835  23.636  -20.960  22.169 0.0000000000
123877  23.016  -22.140  23.269 0.0000000000
65585  23.978  -22.315  22.900 0.0000000000
123846  24.443  -22.420  23.291 0.0000000000
71771  49.211  -16.182  2.728 0.0000000000
69390  49.180  -19.009  -0.349 0.0000000000
65903  48.769  -21.408  2.711 0.0000000000
65882  49.388  -21.951  3.532 0.0000000000
70451  42.243  -17.811  4.807 0.0000000000
69324  41.940  -18.134  4.927 0.0000000000
71676  36.090  -16.634  7.712 0.0000000000
70405  36.211  -17.229  7.516 0.0000000000
68171  35.738  -18.970  8.463 0.0000000000
122727  15.428  -21.193  35.151 0.0000000000
122646  15.255  -20.606  35.911 0.0000000000
122726  14.378  -21.870  35.231 0.0000000000
69030  4.079  -18.926  37.227 0.0000000000
69042  4.016  -20.088  37.322 0.0000000000
123514  4.526  -21.398  37.876 0.0000000000
65434  1.078  -20.687  40.475 0.0000000000
69008  -1.188  -19.452  43.459 0.0000000000
64331  18.536  -22.807  32.741 0.0000000000
67032  43.627  -20.979  5.519 0.0000000000
68125  32.087  -18.830  15.267 0.0000000000
68137  30.504  -19.262  14.424 0.0000000000
70269  26.377  -17.145  20.541 0.0000000000
66918  26.947  -20.415  16.210 0.0000000000
68112  27.173  -19.650  15.624 0.0000000000
66933  27.420  -20.239  15.389 0.0000000000
66945  27.765  -20.062  14.951 0.0000000000
66944  28.226  -20.170  14.613 0.0000000000
66943  29.232  -20.372  14.037 0.0000000000
65946  54.964  -22.084  -1.552 0.0000000000
68254  51.266  -19.317  0.538 0.0000000000
65924  52.007  -21.428  0.087 0.0000000000
63470  52.726  -24.006  0.971 0.0000000000
62290  53.204  -24.539  1.033 0.0000000000
62304  53.503  -23.833  0.329 0.0000000000
122734  18.279  -19.193  35.102 0.0000000000
122503  17.422  -19.322  34.766 0.0000000000
122758  17.607  -19.365  34.236 0.0000000000
122757  17.632  -19.499  33.487 0.0000000000
122762  19.045  -18.648  34.936 0.0000000000
65844  47.375  -21.271  5.673 0.0000000000
123927  24.749  -18.057  28.834 0.0000000000
123932  24.317  -17.667  27.785 0.0000000000
123929  25.458  -18.988  30.172 0.0000000000
123921  24.963  -18.932  29.066 0.0000000000
70446  45.838  -16.913  2.993 0.0000000000
71756  46.473  -16.777  2.831 0.0000000000
71785  47.236  -17.434  1.877 0.0000000000
70506  47.295  -17.842  1.503 0.0000000000
69357  46.943  -18.698  1.290 0.0000000000
68232  46.723  -19.595  1.649 0.0000000000
68217  46.038  -19.543  2.188 0.0000000000
67051  47.062  -21.151  2.856 0.0000000000
63044  2.217  -23.101  43.494 0.0000000000
71701  39.980  -16.508  6.849 0.0000000000
71629  34.194  -16.109  9.254 0.0000000000
70386  34.482  -17.052  8.763 0.0000000000
69283  34.502  -18.055  8.935 0.0000000000
66974  36.224  -20.303  10.495 0.0000000000
60580  22.726  -25.911  29.141 0.0000000000
65480  7.849  -21.720  35.697 0.0000000000
66715  5.955  -21.188  36.784 0.0000000000
70087  4.975  -17.353  38.009 0.0000000000
123532  4.254  -18.157  37.618 0.0000000000
123520  1.573  -18.302  41.343 0.0000000000
64351  21.767  -21.502  28.445 0.0000000000
65530  17.548  -22.016  32.331 0.0000000000
64332  17.912  -22.426  32.692 0.0000000000
70345  30.110  -16.742  16.606 0.0000000000
69188  25.123  -18.702  19.223 0.0000000000
69204  25.569  -19.055  18.550 0.0000000000
68099  26.058  -20.142  17.619 0.0000000000
66901  26.652  -20.539  17.153 0.0000000000
66882  26.310  -21.025  17.742 0.0000000000
65654  27.047  -21.014  17.038 0.0000000000
66900  27.025  -20.795  16.766 0.0000000000
65684  27.738  -21.718  15.143 0.0000000000
68280  54.537  -19.998  -0.453 0.0000000000
65914  50.601  -21.735  1.522 0.0000000000
65913  51.083  -22.053  1.244 0.0000000000
123343  -0.571  -22.964  43.276 0.0000000000
72863  34.690  -14.976  9.800 0.0000000000
71630  33.521  -16.374  9.721 0.0000000000
70383  32.613  -17.502  10.548 0.0000000000
69279  32.398  -18.033  10.731 0.0000000000
122710  15.807  -20.557  35.466 0.0000000000
122674  15.623  -21.046  35.037 0.0000000000
122702  16.953  -19.746  33.750 0.0000000000
67945  11.090  -20.176  33.391 0.0000000000
67906  9.746  -19.100  34.194 0.0000000000
69059  9.545  -18.757  34.401 0.0000000000
67993  20.154  -19.158  28.496 0.0000000000
69116  17.664  -17.512  31.071 0.0000000000
67960  18.510  -20.527  33.340 0.0000000000
67961  18.722  -20.070  33.535 0.0000000000
71465  28.155  -16.451  21.746 0.0000000000
71467  26.845  -16.805  21.212 0.0000000000
70186  23.900  -17.747  26.433 0.0000000000
69127  23.962  -17.726  24.932 0.0000000000
69141  24.477  -18.008  23.612 0.0000000000
68011  23.134  -18.881  24.355 0.0000000000
69150  23.658  -18.204  23.193 0.0000000000
70228  24.199  -17.831  22.496 0.0000000000
70246  24.209  -17.839  21.666 0.0000000000
70271  24.313  -18.215  21.021 0.0000000000
69173  24.765  -18.403  19.931 0.0000000000
69189  24.480  -19.004  19.900 0.0000000000
68070  24.580  -19.828  19.602 0.0000000000
66867  24.617  -21.002  19.594 0.0000000000
65645  24.946  -21.389  19.207 0.0000000000
69353  52.055  -18.109  0.699 0.0000000000
70518  51.114  -17.676  0.669 0.0000000000
67082  50.325  -20.929  0.882 0.0000000000
69373  48.070  -18.437  0.483 0.0000000000
67116  47.675  -18.620  -0.431 0.0000000000
68283  48.565  -19.304  -0.235 0.0000000000
68230  48.502  -20.061  1.104 0.0000000000
69331  43.969  -18.959  3.985 0.0000000000
68208  44.137  -19.681  3.936 0.0000000000
68209  43.775  -19.162  4.183 0.0000000000
67043  43.132  -20.302  4.971 0.0000000000
67019  42.459  -20.879  6.131 0.0000000000
65827  42.061  -21.843  7.201 0.0000000000
65806  41.777  -21.724  7.808 0.0000000000
72906  37.475  -15.866  7.917 0.0000000000
70391  34.891  -17.074  8.061 0.0000000000
69301  35.820  -17.656  7.655 0.0000000000
69300  36.275  -17.938  7.610 0.0000000000
69288  36.312  -18.682  7.897 0.0000000000
61935  24.471  -24.373  25.933 0.0000000000
72950  43.840  -16.108  4.491 0.0000000000
71739  44.148  -16.376  4.031 0.0000000000
122640  14.954  -20.465  36.808 0.0000000000
67910  7.148  -19.630  35.034 0.0000000000
70093  6.136  -16.959  36.913 0.0000000000
69053  5.295  -19.097  36.564 0.0000000000
67895  5.322  -20.280  36.522 0.0000000000
66707  5.772  -21.406  37.242 0.0000000000
123450  4.734  -22.860  41.379 0.0000000000
63078  2.223  -24.054  42.370 0.0000000000
63062  1.774  -23.697  43.207 0.0000000000
65403  0.822  -22.125  42.982 0.0000000000
69021  1.170  -18.611  41.693 0.0000000000
69024  0.771  -19.117  41.581 0.0000000000
123371  0.687  -19.466  41.872 0.0000000000
123368  0.425  -20.092  42.161 0.0000000000
123350  -0.151  -21.943  43.306 0.0000000000
71408  27.224  -16.008  24.610 0.0000000000
123922  25.491  -20.115  30.413 0.0000000000
63180  18.202  -22.677  30.035 0.0000000000
65868  45.124  -21.227  5.279 0.0000000000
65847  44.678  -21.288  5.693 0.0000000000
65803  44.538  -21.511  7.554 0.0000000000
69266  32.986  -18.335  14.042 0.0000000000
68142  32.687  -18.602  13.984 0.0000000000
69268  32.072  -18.607  13.382 0.0000000000
69271  31.780  -18.478  12.752 0.0000000000
71485  28.101  -16.424  21.126 0.0000000000
71504  27.652  -16.311  19.099 0.0000000000
71518  27.891  -16.333  18.788 0.0000000000
69203  26.076  -18.879  17.907 0.0000000000
70332  26.470  -18.287  17.055 0.0000000000
70348  27.190  -17.974  16.384 0.0000000000
69238  27.121  -18.753  15.791 0.0000000000
69236  28.878  -17.482  15.658 0.0000000000
69254  29.663  -17.920  15.042 0.0000000000
66941  30.679  -19.532  14.091 0.0000000000
123863  26.304  -21.923  28.588 0.0000000000
123845  24.976  -22.347  23.443 0.0000000000
69389  53.499  -19.154  -0.311 0.0000000000
68281  53.737  -19.839  -0.382 0.0000000000
64662  51.713  -22.418  0.973 0.0000000000
64661  52.297  -22.544  0.528 0.0000000000
65936  52.811  -21.705  -0.140 0.0000000000
64670  55.026  -22.949  -0.842 0.0000000000
62319  53.863  -24.074  0.252 0.0000000000
62305  53.403  -24.187  0.503 0.0000000000
62320  53.668  -24.220  0.357 0.0000000000
63490  54.830  -23.403  -0.564 0.0000000000
63491  54.030  -23.389  -0.154 0.0000000000
65506  17.817  -22.199  33.236 0.0000000000
65519  17.461  -22.100  32.686 0.0000000000
65521  10.249  -21.236  33.191 0.0000000000
65522  9.860  -21.207  32.888 0.0000000000
65584  24.719  -22.135  22.682 0.0000000000
65602  23.622  -21.863  22.471 0.0000000000
65655  26.748  -21.394  17.264 0.0000000000
65670  26.974  -21.510  16.954 0.0000000000
65697  27.757  -20.524  14.973 0.0000000000
66758  10.113  -20.982  32.796 0.0000000000
66759  9.789  -21.025  32.580 0.0000000000
66851  23.920  -20.663  21.434 0.0000000000
67117  47.629  -18.567  -0.289 0.0000000000
67132  47.762  -18.595  -0.213 0.0000000000
67133  47.439  -18.530  -0.409 0.0000000000
67870  1.351  -18.935  43.257 0.0000000000
67871  1.163  -19.089  43.305 0.0000000000
67973  18.453  -19.802  32.909 0.0000000000
67989  18.010  -18.942  30.507 0.0000000000
68008  23.032  -18.811  25.321 0.0000000000
68181  37.058  -19.011  7.794 0.0000000000
68284  47.984  -18.698  0.020 0.0000000000
68285  47.822  -18.624  -0.147 0.0000000000
68307  48.570  -18.686  -0.140 0.0000000000
68308  48.141  -18.600  -0.259 0.0000000000
68309  47.926  -18.467  -0.347 0.0000000000
69121  23.669  -18.630  26.893 0.0000000000
69123  23.934  -17.826  26.674 0.0000000000
69128  23.515  -18.039  25.573 0.0000000000
69132  24.292  -17.813  24.292 0.0000000000
69139  25.866  -17.991  22.925 0.0000000000
69142  23.814  -18.212  24.039 0.0000000000
69147  25.784  -17.781  22.646 0.0000000000
69239  26.478  -18.927  16.550 0.0000000000
69263  27.853  -19.205  14.702 0.0000000000
69264  27.697  -19.433  14.896 0.0000000000
69267  32.558  -18.322  13.620 0.0000000000
69270  32.198  -18.194  13.167 0.0000000000
69354  48.950  -17.784  0.611 0.0000000000
69355  48.397  -17.983  0.875 0.0000000000
69391  48.851  -18.606  0.052 0.0000000000
69392  48.297  -18.504  0.070 0.0000000000
69405  48.615  -19.120  -0.813 0.0000000000
69406  48.666  -18.640  -0.494 0.0000000000
69407  48.377  -18.531  -0.231 0.0000000000
70122  10.011  -17.936  34.427 0.0000000000
70160  24.711  -17.693  28.660 0.0000000000
70171  18.288  -17.401  31.737 0.0000000000
70175  24.444  -17.239  27.367 0.0000000000
70195  24.894  -17.074  24.870 0.0000000000
70196  24.275  -17.455  25.470 0.0000000000
70197  23.843  -17.672  26.059 0.0000000000
70213  25.805  -17.536  23.133 0.0000000000
70214  25.325  -17.219  23.524 0.0000000000
70226  25.621  -17.554  22.263 0.0000000000
70247  23.749  -17.969  22.386 0.0000000000
70366  33.324  -17.999  14.141 0.0000000000
70390  35.566  -17.163  7.665 0.0000000000
71505  27.512  -16.532  18.816 0.0000000000
71581  32.651  -17.064  12.717 0.0000000000
71646  37.107  -16.111  7.925 0.0000000000
71757  44.608  -16.014  3.840 0.0000000000
71758  44.294  -16.001  3.988 0.0000000000
72937  43.823  -15.904  4.924 0.0000000000
72948  44.863  -15.648  4.615 0.0000000000
72949  44.295  -15.830  4.433 0.0000000000
72961  44.745  -15.756  4.123 0.0000000000
74005  35.157  -14.562  10.427 0.0000000000
122445  17.893  -18.941  36.000 0.0000000000
122499  17.892  -18.810  36.311 0.0000000000
122500  17.941  -19.232  34.239 0.0000000000
122502  18.287  -18.770  35.903 0.0000000000
122549  17.871  -18.956  36.664 0.0000000000
122557  17.176  -19.425  34.568 0.0000000000
122558  17.892  -19.039  36.069 0.0000000000
122593  17.707  -19.060  37.005 0.0000000000
122594  17.748  -18.902  37.007 0.0000000000
122595  17.561  -19.080  36.922 0.0000000000
122596  17.920  -18.926  37.045 0.0000000000
122603  17.179  -19.481  34.346 0.0000000000
122620  15.909  -20.002  36.596 0.0000000000
122621  15.742  -20.018  37.072 0.0000000000
122626  16.972  -19.519  34.496 0.0000000000
122638  15.872  -19.997  36.765 0.0000000000
122647  15.587  -19.995  36.213 0.0000000000
122658  18.560  -19.631  32.761 0.0000000000
122659  15.061  -20.132  36.418 0.0000000000
122660  14.998  -20.595  36.481 0.0000000000
122667  14.944  -20.714  35.987 0.0000000000
122668  15.049  -20.428  35.957 0.0000000000
122685  16.002  -20.467  36.912 0.0000000000
122687  18.326  -19.564  32.081 0.0000000000
122690  14.851  -20.773  36.176 0.0000000000
122731  18.069  -18.971  35.839 0.0000000000
122745  17.402  -19.377  34.525 0.0000000000
122759  18.072  -18.212  31.213 0.0000000000
123349  0.652  -22.547  43.039 0.0000000000
123515  4.438  -21.196  37.684 0.0000000000
123887  25.498  -20.300  30.308 0.0000000000
123888  22.608  -20.979  25.276 0.0000000000
123907  22.800  -19.351  25.134 0.0000000000
123923  25.806  -19.956  30.880 0.0000000000
123925  23.407  -18.953  26.553 0.0000000000
123931  24.414  -18.147  28.186 0.0000000000
