#!ascii label  , from subject sub-NDARAG610XL4 vox2ras=TkReg
964
122781  20.008  -15.592  35.633 0.0000000000
73618  27.108  -14.563  41.526 0.0000000000
72859  39.239  -15.585  9.735 0.0000000000
70224  28.809  -16.785  21.845 0.0000000000
123872  29.729  -15.318  33.756 0.0000000000
70484  53.747  -17.204  1.593 0.0000000000
75156  37.742  -13.695  13.304 0.0000000000
70365  33.813  -17.518  14.345 0.0000000000
70130  13.111  -17.547  32.419 0.0000000000
71220  23.796  -14.914  40.570 0.0000000000
69027  26.240  -18.547  37.777 0.0000000000
122609  21.943  -17.407  35.456 0.0000000000
71695  46.455  -16.643  6.395 0.0000000000
122703  19.903  -13.189  38.478 0.0000000000
73688  14.945  -14.072  36.618 0.0000000000
71623  44.554  -16.611  9.696 0.0000000000
72520  10.907  -15.580  36.973 0.0000000000
71275  6.813  -16.386  37.089 0.0000000000
70287  33.268  -16.424  19.230 0.0000000000
72600  28.815  -15.298  27.652 0.0000000000
123830  27.292  -18.519  33.617 0.0000000000
67933  26.240  -19.724  33.999 0.0000000000
75086  37.376  -14.209  15.772 0.0000000000
72785  35.577  -15.076  13.913 0.0000000000
71536  36.177  -16.822  16.233 0.0000000000
76359  39.534  -12.624  14.809 0.0000000000
122772  17.958  -19.180  33.993 0.0000000000
66768  16.791  -20.357  31.481 0.0000000000
70138  16.793  -16.499  32.085 0.0000000000
122561  21.815  -15.265  38.075 0.0000000000
122723  23.079  -16.311  37.686 0.0000000000
122767  19.962  -18.006  35.300 0.0000000000
122760  19.852  -18.494  35.602 0.0000000000
71671  40.588  -16.138  7.835 0.0000000000
72815  41.549  -15.531  11.577 0.0000000000
71610  42.491  -16.060  10.277 0.0000000000
72877  43.264  -16.016  8.339 0.0000000000
74753  14.105  -13.510  38.889 0.0000000000
73690  12.924  -14.475  36.415 0.0000000000
73666  12.192  -14.606  38.542 0.0000000000
72479  7.464  -14.923  40.618 0.0000000000
72495  7.859  -14.673  38.860 0.0000000000
71267  5.745  -16.191  38.435 0.0000000000
123530  3.285  -17.908  38.692 0.0000000000
123486  2.866  -17.307  40.976 0.0000000000
72582  30.489  -15.202  28.196 0.0000000000
72559  29.291  -15.008  30.718 0.0000000000
70144  27.512  -15.946  31.715 0.0000000000
123851  28.779  -17.146  34.686 0.0000000000
67959  22.066  -18.896  31.672 0.0000000000
69047  26.751  -18.920  36.624 0.0000000000
67980  22.818  -19.517  30.889 0.0000000000
66782  22.909  -20.354  29.977 0.0000000000
70265  30.535  -16.489  20.757 0.0000000000
70327  31.250  -16.909  17.486 0.0000000000
70311  29.337  -16.512  18.472 0.0000000000
70527  56.332  -17.525  -0.064 0.0000000000
69367  53.979  -18.614  0.265 0.0000000000
73981  38.655  -14.719  11.381 0.0000000000
73995  35.859  -14.547  10.794 0.0000000000
75131  41.282  -13.672  13.164 0.0000000000
72470  25.439  -15.981  42.324 0.0000000000
71228  27.391  -16.203  41.674 0.0000000000
71241  25.131  -16.680  40.200 0.0000000000
122610  22.875  -18.238  34.649 0.0000000000
69109  20.385  -18.152  29.695 0.0000000000
71637  47.982  -17.018  8.433 0.0000000000
71693  49.194  -16.774  6.243 0.0000000000
71752  50.222  -16.246  3.723 0.0000000000
70502  51.738  -17.090  0.945 0.0000000000
122780  19.802  -14.379  36.854 0.0000000000
122779  17.329  -14.072  34.562 0.0000000000
122717  18.582  -13.125  37.113 0.0000000000
71212  22.347  -14.554  40.722 0.0000000000
71639  45.841  -16.945  8.609 0.0000000000
71299  13.631  -15.591  34.175 0.0000000000
70107  12.027  -16.792  34.761 0.0000000000
71293  9.297  -16.143  35.006 0.0000000000
71252  9.832  -15.174  38.650 0.0000000000
71273  8.423  -15.574  36.963 0.0000000000
69005  1.336  -18.671  43.307 0.0000000000
70304  36.177  -17.903  18.429 0.0000000000
71442  30.662  -16.207  22.567 0.0000000000
71389  31.337  -16.405  25.678 0.0000000000
71392  28.720  -16.022  25.400 0.0000000000
72602  27.066  -15.382  27.436 0.0000000000
123882  26.507  -18.745  32.122 0.0000000000
123893  26.052  -19.340  32.127 0.0000000000
70050  28.725  -17.180  40.630 0.0000000000
71245  29.865  -17.485  39.329 0.0000000000
72475  30.547  -16.521  38.255 0.0000000000
123833  27.866  -18.694  34.958 0.0000000000
67979  24.314  -20.093  30.586 0.0000000000
69231  34.623  -18.617  16.602 0.0000000000
68125  32.087  -18.830  15.267 0.0000000000
72736  37.843  -15.267  16.809 0.0000000000
72751  36.804  -15.370  15.875 0.0000000000
71535  36.768  -16.792  16.824 0.0000000000
75063  38.528  -13.779  16.840 0.0000000000
122770  18.737  -18.131  33.456 0.0000000000
69090  17.852  -17.041  32.269 0.0000000000
70137  18.043  -15.862  33.520 0.0000000000
122704  20.436  -17.065  36.700 0.0000000000
72878  40.239  -15.979  8.457 0.0000000000
72836  40.824  -15.811  10.689 0.0000000000
72835  41.704  -15.822  10.970 0.0000000000
71627  40.953  -16.162  9.995 0.0000000000
71643  41.671  -16.235  8.680 0.0000000000
72488  6.274  -14.856  40.047 0.0000000000
72497  6.409  -15.057  39.367 0.0000000000
72498  5.809  -15.396  39.359 0.0000000000
71268  4.436  -17.316  38.678 0.0000000000
123522  4.244  -16.661  39.509 0.0000000000
123507  3.106  -17.629  39.449 0.0000000000
72558  29.805  -15.149  30.916 0.0000000000
71317  29.465  -15.108  31.992 0.0000000000
123905  28.593  -15.901  33.239 0.0000000000
123819  28.941  -15.810  34.849 0.0000000000
73617  28.403  -14.958  41.032 0.0000000000
67971  21.901  -18.978  30.806 0.0000000000
67970  22.509  -19.235  31.257 0.0000000000
67981  22.291  -19.441  30.502 0.0000000000
66775  22.096  -19.785  29.923 0.0000000000
70242  29.623  -16.677  21.591 0.0000000000
70290  30.511  -16.439  19.639 0.0000000000
70463  53.237  -17.125  2.837 0.0000000000
71747  54.499  -16.444  2.799 0.0000000000
70482  55.048  -17.396  1.937 0.0000000000
69349  55.081  -17.842  1.100 0.0000000000
69351  54.144  -17.822  0.997 0.0000000000
73968  38.487  -14.223  12.266 0.0000000000
73982  37.639  -14.475  11.622 0.0000000000
73969  37.470  -14.120  12.563 0.0000000000
71566  34.547  -16.063  13.927 0.0000000000
73972  35.032  -15.328  12.705 0.0000000000
71579  33.845  -16.217  13.064 0.0000000000
75111  38.945  -13.015  14.250 0.0000000000
75154  39.323  -13.736  12.785 0.0000000000
73967  39.446  -14.399  12.172 0.0000000000
69079  14.167  -18.365  30.956 0.0000000000
69080  12.283  -18.848  32.372 0.0000000000
72471  24.455  -16.013  42.100 0.0000000000
71230  25.027  -16.427  41.232 0.0000000000
122563  24.383  -16.027  40.444 0.0000000000
122608  22.862  -17.020  36.645 0.0000000000
70092  23.552  -17.701  36.419 0.0000000000
122679  21.543  -18.633  33.452 0.0000000000
69099  20.880  -18.289  31.471 0.0000000000
70153  20.376  -17.337  31.482 0.0000000000
71335  19.911  -18.056  31.227 0.0000000000
71395  25.557  -16.511  25.082 0.0000000000
71665  47.277  -17.037  7.360 0.0000000000
71663  48.900  -16.831  7.250 0.0000000000
70434  47.594  -17.190  6.166 0.0000000000
71753  49.308  -16.063  3.778 0.0000000000
71771  49.211  -16.182  2.728 0.0000000000
70487  51.136  -16.325  3.067 0.0000000000
122627  19.972  -14.226  38.112 0.0000000000
122677  19.380  -13.760  37.252 0.0000000000
75876  20.664  -13.850  40.831 0.0000000000
122605  21.516  -14.500  39.357 0.0000000000
71621  46.740  -16.821  9.528 0.0000000000
71622  45.640  -16.863  9.649 0.0000000000
71668  43.865  -16.001  7.820 0.0000000000
72530  15.936  -13.729  35.080 0.0000000000
72538  15.179  -14.438  34.225 0.0000000000
73705  14.163  -13.541  34.933 0.0000000000
72519  11.519  -15.432  36.445 0.0000000000
72525  11.939  -15.372  35.717 0.0000000000
71281  11.398  -15.702  35.670 0.0000000000
70108  10.957  -17.158  34.836 0.0000000000
71283  9.732  -15.848  36.047 0.0000000000
72483  9.652  -14.763  39.643 0.0000000000
71265  7.463  -15.577  37.652 0.0000000000
71264  8.220  -15.386  37.622 0.0000000000
71274  7.663  -15.909  37.046 0.0000000000
70099  8.093  -16.407  35.715 0.0000000000
70240  31.750  -17.255  22.047 0.0000000000
71344  29.939  -14.973  27.815 0.0000000000
71356  30.801  -16.445  27.434 0.0000000000
70182  29.541  -16.152  26.222 0.0000000000
71391  29.738  -15.817  25.432 0.0000000000
71376  28.706  -15.880  26.319 0.0000000000
71377  27.779  -15.832  26.111 0.0000000000
72601  27.943  -15.477  27.666 0.0000000000
123831  27.535  -17.664  33.384 0.0000000000
123915  26.621  -17.284  31.389 0.0000000000
123829  26.489  -19.051  32.350 0.0000000000
123881  26.250  -19.389  32.418 0.0000000000
70053  26.499  -17.298  40.106 0.0000000000
71238  28.267  -16.760  41.134 0.0000000000
70064  27.068  -17.457  39.592 0.0000000000
66727  26.270  -19.435  34.589 0.0000000000
70091  28.044  -18.449  37.414 0.0000000000
70081  28.615  -18.148  37.621 0.0000000000
71244  29.693  -17.327  37.993 0.0000000000
70080  29.027  -18.098  37.112 0.0000000000
72482  28.854  -17.251  36.420 0.0000000000
123903  26.861  -19.465  34.190 0.0000000000
65538  22.719  -20.631  29.583 0.0000000000
66788  23.423  -20.432  29.865 0.0000000000
70306  34.383  -17.405  18.660 0.0000000000
69214  35.030  -18.582  17.473 0.0000000000
69215  33.913  -18.093  17.571 0.0000000000
70344  30.854  -16.954  16.862 0.0000000000
69233  32.125  -17.776  16.152 0.0000000000
69387  56.478  -18.349  -0.641 0.0000000000
75113  37.500  -13.818  14.947 0.0000000000
73951  37.056  -14.157  13.443 0.0000000000
73932  36.419  -14.763  14.850 0.0000000000
72769  35.514  -16.047  14.715 0.0000000000
70360  35.111  -17.476  15.228 0.0000000000
76330  39.382  -13.017  15.740 0.0000000000
76360  38.876  -13.174  15.131 0.0000000000
122769  17.686  -19.574  32.193 0.0000000000
69091  16.898  -17.925  31.099 0.0000000000
70129  14.794  -16.595  31.920 0.0000000000
122755  22.761  -14.915  38.822 0.0000000000
122504  23.905  -15.435  39.373 0.0000000000
122556  22.326  -15.657  37.384 0.0000000000
122564  22.062  -16.446  36.138 0.0000000000
122766  20.872  -17.987  35.434 0.0000000000
122762  19.045  -18.648  34.936 0.0000000000
71720  46.148  -16.261  5.171 0.0000000000
75908  20.496  -12.151  40.338 0.0000000000
72799  43.224  -15.263  12.143 0.0000000000
72833  43.225  -15.769  10.845 0.0000000000
71609  43.305  -16.144  10.311 0.0000000000
71641  43.753  -16.242  8.709 0.0000000000
71625  42.565  -16.211  9.498 0.0000000000
71670  41.754  -16.325  7.607 0.0000000000
74759  15.128  -13.471  37.851 0.0000000000
73689  13.943  -13.838  36.511 0.0000000000
73680  13.554  -13.997  37.545 0.0000000000
73681  12.681  -14.637  37.652 0.0000000000
72502  11.986  -14.969  37.776 0.0000000000
72484  8.940  -14.767  39.923 0.0000000000
72485  8.128  -14.907  39.855 0.0000000000
73669  7.102  -14.776  38.379 0.0000000000
71266  6.676  -15.758  37.859 0.0000000000
70087  4.975  -17.353  38.009 0.0000000000
72583  29.746  -14.795  28.570 0.0000000000
72569  29.040  -14.774  29.691 0.0000000000
72570  28.042  -14.819  29.682 0.0000000000
72560  28.558  -14.968  30.780 0.0000000000
123832  28.466  -16.760  34.037 0.0000000000
123849  27.801  -18.307  34.354 0.0000000000
69067  24.230  -18.902  34.286 0.0000000000
69048  26.329  -18.880  36.536 0.0000000000
69087  23.131  -18.992  32.503 0.0000000000
67957  23.708  -19.252  32.546 0.0000000000
66754  24.259  -19.513  32.388 0.0000000000
66764  24.567  -19.613  32.251 0.0000000000
66773  23.384  -19.720  30.899 0.0000000000
66783  22.250  -20.267  29.690 0.0000000000
70289  31.550  -16.278  19.702 0.0000000000
70308  32.431  -16.969  18.521 0.0000000000
70309  31.450  -16.689  18.528 0.0000000000
70310  30.417  -16.510  18.554 0.0000000000
70515  55.933  -17.462  0.864 0.0000000000
69366  54.820  -18.516  0.454 0.0000000000
72838  38.878  -15.143  10.586 0.0000000000
72860  38.176  -15.418  9.591 0.0000000000
72839  37.865  -15.080  10.277 0.0000000000
73971  35.428  -14.938  12.979 0.0000000000
73996  34.782  -14.621  11.089 0.0000000000
76357  41.611  -12.588  14.585 0.0000000000
75108  42.297  -13.259  14.110 0.0000000000
73949  42.312  -14.171  13.238 0.0000000000
73965  41.432  -14.462  12.682 0.0000000000
73979  40.097  -14.893  11.584 0.0000000000
73619  26.426  -14.719  42.186 0.0000000000
72468  27.414  -15.428  41.847 0.0000000000
72469  26.480  -15.652  42.174 0.0000000000
71240  26.193  -16.871  40.738 0.0000000000
70066  25.611  -17.147  38.938 0.0000000000
122629  24.021  -16.371  38.455 0.0000000000
71261  24.620  -17.143  38.240 0.0000000000
69050  24.351  -18.135  35.076 0.0000000000
69070  22.230  -18.823  32.872 0.0000000000
69103  21.243  -18.629  30.334 0.0000000000
67988  20.107  -18.591  28.890 0.0000000000
71692  50.217  -16.400  6.154 0.0000000000
71718  48.064  -16.710  5.270 0.0000000000
71734  49.542  -16.555  4.528 0.0000000000
71715  50.739  -16.504  5.282 0.0000000000
71751  51.452  -17.065  3.954 0.0000000000
70464  52.270  -17.297  3.111 0.0000000000
70485  52.585  -17.068  1.946 0.0000000000
70501  52.716  -17.520  0.823 0.0000000000
70136  18.503  -14.396  36.212 0.0000000000
122763  17.229  -13.924  36.316 0.0000000000
122739  16.816  -13.142  37.009 0.0000000000
75939  18.751  -12.427  38.855 0.0000000000
74758  15.818  -13.337  37.629 0.0000000000
74737  15.407  -12.998  39.131 0.0000000000
74697  26.114  -13.563  41.931 0.0000000000
73611  25.539  -13.940  42.316 0.0000000000
72459  24.721  -15.224  42.466 0.0000000000
72460  24.011  -15.099  41.848 0.0000000000
72450  22.618  -14.373  41.893 0.0000000000
122560  22.591  -14.835  39.568 0.0000000000
122768  22.072  -14.824  38.934 0.0000000000
122606  20.501  -14.767  37.364 0.0000000000
71620  47.807  -16.760  9.422 0.0000000000
71638  46.953  -16.917  8.494 0.0000000000
71666  46.158  -16.704  7.571 0.0000000000
71640  44.737  -16.657  8.697 0.0000000000
71667  45.032  -16.486  7.717 0.0000000000
72921  45.745  -16.135  5.934 0.0000000000
70128  16.095  -15.479  32.758 0.0000000000
70118  14.498  -15.739  33.337 0.0000000000
70119  13.093  -16.532  33.695 0.0000000000
72524  12.823  -14.947  35.309 0.0000000000
71289  12.834  -15.785  34.586 0.0000000000
70120  11.909  -17.716  33.812 0.0000000000
70122  10.011  -17.936  34.427 0.0000000000
73667  11.250  -14.452  38.755 0.0000000000
72514  10.718  -15.429  37.716 0.0000000000
71262  9.825  -15.392  37.937 0.0000000000
71271  10.195  -15.674  37.025 0.0000000000
71284  8.642  -15.793  35.869 0.0000000000
70056  2.374  -17.379  42.142 0.0000000000
70323  37.059  -17.593  17.948 0.0000000000
71483  32.689  -15.758  20.649 0.0000000000
70264  31.370  -16.433  21.170 0.0000000000
70241  30.689  -16.572  21.637 0.0000000000
71443  29.540  -16.598  22.481 0.0000000000
71405  30.613  -15.728  24.549 0.0000000000
71422  29.631  -15.918  23.413 0.0000000000
71423  28.595  -15.954  23.389 0.0000000000
72627  27.779  -15.854  24.843 0.0000000000
71378  26.747  -15.770  26.019 0.0000000000
71359  25.418  -15.630  27.687 0.0000000000
71332  26.663  -15.474  29.949 0.0000000000
123916  26.189  -17.218  30.667 0.0000000000
123928  25.876  -18.995  31.175 0.0000000000
123926  25.429  -19.553  31.531 0.0000000000
74746  29.628  -14.784  35.618 0.0000000000
72467  28.352  -15.393  41.488 0.0000000000
72466  29.321  -15.526  40.867 0.0000000000
72477  30.455  -15.961  39.981 0.0000000000
70073  27.646  -17.604  38.836 0.0000000000
71246  29.495  -17.487  39.776 0.0000000000
73625  31.456  -15.141  39.361 0.0000000000
73624  31.362  -15.772  38.665 0.0000000000
73638  30.402  -15.821  37.952 0.0000000000
74716  29.106  -15.670  37.094 0.0000000000
73637  28.698  -16.289  36.498 0.0000000000
123920  25.120  -19.865  32.747 0.0000000000
123828  27.043  -18.866  33.307 0.0000000000
69229  36.248  -18.383  16.980 0.0000000000
69249  35.377  -18.345  15.966 0.0000000000
69250  34.363  -18.309  15.604 0.0000000000
70343  32.771  -17.720  16.647 0.0000000000
69232  33.364  -18.322  16.262 0.0000000000
69262  33.383  -18.433  14.578 0.0000000000
69368  52.966  -18.546  -0.360 0.0000000000
72725  38.114  -15.593  17.480 0.0000000000
72737  37.222  -15.781  16.617 0.0000000000
72726  37.638  -16.086  17.371 0.0000000000
73891  38.241  -14.746  16.871 0.0000000000
72879  39.726  -16.055  8.918 0.0000000000
72837  39.915  -15.410  10.598 0.0000000000
72858  40.206  -15.778  9.901 0.0000000000
71645  40.422  -16.066  9.538 0.0000000000
123511  5.527  -15.092  40.044 0.0000000000
123524  4.831  -16.114  39.436 0.0000000000
123508  3.804  -16.515  40.015 0.0000000000
71310  30.022  -15.274  32.685 0.0000000000
72550  29.801  -15.106  31.786 0.0000000000
71304  29.594  -15.362  33.072 0.0000000000
123884  29.302  -15.461  33.124 0.0000000000
74721  27.734  -13.533  40.558 0.0000000000
73628  27.756  -14.371  40.840 0.0000000000
67982  21.658  -19.209  29.894 0.0000000000
66784  21.501  -20.018  29.291 0.0000000000
70266  29.594  -16.541  20.574 0.0000000000
70462  54.073  -16.971  2.536 0.0000000000
70483  54.547  -17.335  1.845 0.0000000000
69341  54.505  -17.646  1.463 0.0000000000
75155  38.404  -13.635  12.958 0.0000000000
71557  34.300  -16.959  14.299 0.0000000000
71567  33.958  -16.451  13.775 0.0000000000
70368  33.526  -17.076  13.854 0.0000000000
71568  33.386  -16.879  13.566 0.0000000000
75134  38.366  -13.468  13.756 0.0000000000
75133  39.151  -13.241  13.480 0.0000000000
71231  24.262  -15.715  41.163 0.0000000000
122562  23.976  -15.452  40.256 0.0000000000
122742  20.823  -18.504  33.321 0.0000000000
122722  20.790  -17.682  32.105 0.0000000000
71325  20.094  -17.625  31.302 0.0000000000
71380  24.715  -16.741  26.910 0.0000000000
71694  47.222  -17.051  6.430 0.0000000000
70417  47.676  -17.158  6.747 0.0000000000
71782  49.846  -16.435  1.682 0.0000000000
71608  44.353  -16.225  10.783 0.0000000000
71607  45.516  -16.535  10.672 0.0000000000
73697  15.388  -13.880  35.988 0.0000000000
73704  15.165  -13.583  35.205 0.0000000000
73698  14.430  -13.798  35.776 0.0000000000
71282  10.717  -15.881  36.102 0.0000000000
73646  9.556  -14.492  40.439 0.0000000000
71286  7.256  -16.533  36.473 0.0000000000
71358  29.470  -15.251  27.698 0.0000000000
71357  29.881  -15.932  27.475 0.0000000000
72599  29.423  -15.477  27.262 0.0000000000
71375  29.392  -15.832  26.710 0.0000000000
72614  29.072  -15.447  27.035 0.0000000000
72615  28.652  -15.491  26.975 0.0000000000
123850  27.547  -18.098  33.890 0.0000000000
70065  26.185  -17.368  39.432 0.0000000000
70052  27.179  -17.298  40.383 0.0000000000
70074  26.850  -17.570  38.856 0.0000000000
67915  26.737  -19.405  34.770 0.0000000000
69045  27.898  -18.978  36.407 0.0000000000
67887  28.074  -19.152  35.933 0.0000000000
123852  28.388  -18.850  36.155 0.0000000000
67913  27.725  -19.166  35.141 0.0000000000
71517  34.093  -16.897  18.857 0.0000000000
69202  34.149  -17.655  18.206 0.0000000000
70307  33.576  -16.998  18.510 0.0000000000
73931  36.925  -14.221  14.354 0.0000000000
75114  36.835  -14.180  15.140 0.0000000000
72752  36.293  -15.868  15.491 0.0000000000
72753  35.720  -16.354  15.198 0.0000000000
71546  35.433  -16.692  14.977 0.0000000000
71545  35.745  -16.814  15.538 0.0000000000
76304  39.941  -12.855  16.203 0.0000000000
75064  37.943  -14.175  16.373 0.0000000000
75085  38.185  -13.519  15.735 0.0000000000
75112  38.279  -13.500  14.631 0.0000000000
69100  17.557  -18.863  32.182 0.0000000000
122778  22.378  -15.445  37.967 0.0000000000
122754  22.926  -15.286  38.421 0.0000000000
122776  20.664  -18.176  35.099 0.0000000000
122775  18.816  -18.763  34.397 0.0000000000
122761  19.226  -18.595  34.929 0.0000000000
72800  42.352  -15.276  12.215 0.0000000000
71611  41.754  -16.026  10.393 0.0000000000
72834  42.467  -15.757  10.932 0.0000000000
72832  43.733  -15.940  10.815 0.0000000000
71624  43.532  -16.337  9.588 0.0000000000
74760  14.305  -13.590  38.094 0.0000000000
73665  13.052  -14.203  38.432 0.0000000000
71256  6.097  -15.452  38.992 0.0000000000
72496  6.930  -14.600  39.129 0.0000000000
72507  6.394  -15.272  38.870 0.0000000000
72506  6.690  -15.094  38.446 0.0000000000
123487  2.325  -17.907  40.375 0.0000000000
72568  29.786  -14.897  29.832 0.0000000000
123883  29.015  -16.658  34.771 0.0000000000
69075  23.109  -18.735  33.093 0.0000000000
67918  24.218  -19.038  34.034 0.0000000000
67969  23.185  -19.413  31.588 0.0000000000
67935  25.214  -19.569  33.698 0.0000000000
66765  23.882  -19.645  31.892 0.0000000000
66774  22.641  -19.857  30.295 0.0000000000
70291  29.467  -16.451  19.532 0.0000000000
69350  54.602  -17.978  1.004 0.0000000000
68251  54.732  -19.247  0.007 0.0000000000
69388  53.858  -19.275  -0.124 0.0000000000
72818  39.209  -14.927  11.178 0.0000000000
73992  38.286  -14.900  10.757 0.0000000000
73983  36.630  -14.408  11.748 0.0000000000
73994  36.883  -14.591  10.942 0.0000000000
72841  36.438  -14.740  10.454 0.0000000000
73952  36.136  -14.729  13.775 0.0000000000
73970  36.353  -14.371  12.730 0.0000000000
72819  34.093  -15.244  11.758 0.0000000000
73985  34.859  -14.976  12.231 0.0000000000
72842  33.862  -15.215  10.709 0.0000000000
76329  40.116  -12.383  15.494 0.0000000000
76328  41.113  -12.195  15.366 0.0000000000
76358  40.510  -12.448  14.416 0.0000000000
75132  40.201  -13.146  13.385 0.0000000000
75109  41.064  -13.031  13.953 0.0000000000
75130  42.044  -13.778  13.435 0.0000000000
73950  41.799  -14.002  13.076 0.0000000000
75152  40.860  -14.188  12.634 0.0000000000
73966  40.401  -14.648  12.155 0.0000000000
73980  39.592  -14.770  11.593 0.0000000000
72817  39.716  -15.060  11.177 0.0000000000
72458  25.612  -14.979  42.478 0.0000000000
70054  24.901  -16.476  40.708 0.0000000000
71247  25.844  -17.163  40.065 0.0000000000
71248  25.422  -16.981  39.448 0.0000000000
122753  23.367  -15.856  38.249 0.0000000000
70086  23.962  -17.632  37.482 0.0000000000
69039  23.888  -17.919  35.818 0.0000000000
69029  24.264  -18.161  36.800 0.0000000000
69051  23.773  -18.430  34.600 0.0000000000
69058  23.478  -18.627  34.011 0.0000000000
122611  23.197  -18.502  34.217 0.0000000000
69104  20.746  -18.216  30.797 0.0000000000
70171  18.288  -17.401  31.737 0.0000000000
122751  19.038  -18.434  32.182 0.0000000000
71619  48.858  -16.680  9.311 0.0000000000
70398  48.540  -17.126  6.574 0.0000000000
71662  49.872  -16.465  7.070 0.0000000000
71736  47.629  -16.533  4.334 0.0000000000
71733  50.432  -16.866  4.462 0.0000000000
71732  51.305  -16.856  4.466 0.0000000000
70466  50.755  -17.027  3.722 0.0000000000
70503  50.997  -16.279  1.760 0.0000000000
70486  51.629  -17.027  2.373 0.0000000000
122782  19.643  -14.865  36.546 0.0000000000
122750  16.675  -14.013  36.261 0.0000000000
122719  17.489  -13.002  36.914 0.0000000000
75920  19.587  -12.370  39.666 0.0000000000
75940  18.084  -12.250  39.046 0.0000000000
75966  16.961  -12.802  37.948 0.0000000000
74750  16.294  -12.904  38.117 0.0000000000
74751  15.629  -13.130  38.374 0.0000000000
73610  26.033  -13.806  42.129 0.0000000000
72451  21.770  -14.346  41.342 0.0000000000
72461  23.271  -14.407  41.158 0.0000000000
72876  43.543  -16.009  8.240 0.0000000000
71697  44.296  -16.076  6.807 0.0000000000
71721  44.597  -16.076  6.121 0.0000000000
71696  45.377  -16.198  6.701 0.0000000000
71314  17.018  -14.721  33.951 0.0000000000
72539  14.691  -14.886  34.152 0.0000000000
71306  15.393  -14.932  33.692 0.0000000000
73700  12.982  -14.487  35.695 0.0000000000
71290  12.015  -15.854  35.061 0.0000000000
70106  12.440  -16.276  34.539 0.0000000000
71292  10.251  -16.119  34.977 0.0000000000
70109  9.782  -17.334  34.681 0.0000000000
73668  10.551  -14.567  39.055 0.0000000000
72504  10.481  -14.991  38.460 0.0000000000
72494  8.758  -14.924  39.101 0.0000000000
71254  8.629  -15.015  38.265 0.0000000000
71263  8.972  -15.370  37.766 0.0000000000
71272  9.301  -15.502  36.981 0.0000000000
70047  1.560  -17.956  42.993 0.0000000000
71500  34.669  -16.897  19.509 0.0000000000
72677  32.271  -16.242  21.402 0.0000000000
71484  31.982  -15.876  20.689 0.0000000000
71462  32.103  -16.683  21.501 0.0000000000
70222  31.120  -16.611  22.050 0.0000000000
71463  30.362  -16.530  22.053 0.0000000000
71464  30.027  -16.551  21.898 0.0000000000
71374  30.346  -16.207  26.481 0.0000000000
71404  31.219  -16.498  24.680 0.0000000000
71406  29.745  -15.634  24.567 0.0000000000
71407  28.861  -15.797  24.281 0.0000000000
72653  28.018  -15.846  23.817 0.0000000000
72637  28.258  -15.843  24.705 0.0000000000
72617  27.010  -15.597  26.660 0.0000000000
72618  26.311  -15.564  26.462 0.0000000000
72587  26.222  -15.078  27.957 0.0000000000
71322  27.476  -15.357  30.829 0.0000000000
71331  27.248  -14.942  30.003 0.0000000000
70150  27.185  -16.060  31.053 0.0000000000
123914  26.647  -17.727  31.755 0.0000000000
123908  25.752  -19.310  31.806 0.0000000000
123894  25.437  -19.772  31.634 0.0000000000
64380  25.238  -20.391  29.851 0.0000000000
71237  29.464  -16.803  40.597 0.0000000000
67890  26.346  -18.948  36.072 0.0000000000
70083  27.369  -18.000  38.318 0.0000000000
69025  27.638  -18.299  37.914 0.0000000000
70061  29.367  -17.568  38.943 0.0000000000
70072  28.373  -17.671  38.689 0.0000000000
71236  30.669  -17.164  39.562 0.0000000000
72476  31.309  -16.326  39.176 0.0000000000
74717  29.470  -15.367  37.692 0.0000000000
66772  24.301  -19.819  31.546 0.0000000000
66796  23.728  -20.486  29.419 0.0000000000
70340  36.898  -17.408  17.272 0.0000000000
69199  36.100  -18.251  17.731 0.0000000000
69230  35.581  -18.572  16.779 0.0000000000
70326  32.247  -17.390  17.390 0.0000000000
68111  32.674  -18.454  15.749 0.0000000000
68110  32.945  -18.730  15.510 0.0000000000
69251  33.506  -18.574  15.341 0.0000000000
68124  32.914  -19.006  14.910 0.0000000000
68278  56.967  -19.181  -1.053 0.0000000000
68277  58.001  -19.375  -0.699 0.0000000000
69352  52.427  -18.299  0.303 0.0000000000
73892  37.638  -14.855  16.388 0.0000000000
73908  37.054  -14.912  15.971 0.0000000000
72738  36.624  -16.327  16.292 0.0000000000
71612  41.293  -16.002  10.525 0.0000000000
71626  41.682  -16.182  9.638 0.0000000000
71644  40.719  -16.265  9.004 0.0000000000
74754  13.336  -13.657  39.024 0.0000000000
123531  4.376  -16.826  39.251 0.0000000000
123521  3.969  -17.244  39.367 0.0000000000
72557  30.248  -14.934  31.231 0.0000000000
72551  29.449  -15.096  31.500 0.0000000000
72552  29.026  -15.066  31.451 0.0000000000
71312  28.985  -15.374  32.546 0.0000000000
67958  22.783  -19.113  32.071 0.0000000000
71749  52.800  -16.942  3.859 0.0000000000
71729  53.693  -16.092  4.164 0.0000000000
71748  53.788  -16.519  3.583 0.0000000000
70499  55.519  -17.373  1.598 0.0000000000
69340  54.851  -17.952  1.744 0.0000000000
72786  35.071  -15.544  13.772 0.0000000000
72803  35.097  -15.477  13.045 0.0000000000
72787  34.563  -16.000  13.561 0.0000000000
72804  34.419  -15.742  12.858 0.0000000000
72805  33.754  -16.087  12.756 0.0000000000
76379  39.684  -12.581  13.891 0.0000000000
75153  40.258  -13.974  12.698 0.0000000000
67962  15.743  -19.834  30.621 0.0000000000
69071  11.125  -18.663  33.716 0.0000000000
70044  24.701  -16.353  40.775 0.0000000000
122600  24.703  -16.350  40.371 0.0000000000
122628  23.237  -16.914  37.628 0.0000000000
122630  22.199  -18.554  33.755 0.0000000000
122741  20.931  -17.868  31.798 0.0000000000
69110  19.894  -17.410  30.040 0.0000000000
69114  19.181  -17.384  29.384 0.0000000000
70162  19.598  -17.150  30.924 0.0000000000
70169  18.691  -16.854  30.170 0.0000000000
71409  26.343  -16.299  24.286 0.0000000000
71664  48.140  -17.015  7.581 0.0000000000
70400  47.800  -17.110  7.164 0.0000000000
70416  48.041  -17.303  6.380 0.0000000000
70415  48.473  -17.178  5.984 0.0000000000
71754  48.329  -16.371  3.506 0.0000000000
72972  49.972  -15.898  3.314 0.0000000000
71770  50.218  -15.963  2.716 0.0000000000
70519  50.403  -17.120  0.709 0.0000000000
122676  19.507  -13.856  37.443 0.0000000000
71606  46.607  -16.566  10.538 0.0000000000
72537  16.031  -14.003  34.661 0.0000000000
71305  16.309  -14.390  34.289 0.0000000000
72531  15.019  -13.780  34.522 0.0000000000
72532  13.870  -14.563  34.541 0.0000000000
72512  12.149  -15.037  36.995 0.0000000000
72518  12.207  -15.003  36.168 0.0000000000
71291  11.141  -16.158  35.099 0.0000000000
73656  10.224  -14.555  39.710 0.0000000000
72492  10.029  -14.912  39.092 0.0000000000
71255  7.987  -14.973  37.986 0.0000000000
71285  7.914  -16.152  36.327 0.0000000000
69157  31.877  -18.076  22.313 0.0000000000
70221  31.573  -17.023  22.737 0.0000000000
71343  30.292  -15.741  28.035 0.0000000000
71390  30.464  -15.777  25.578 0.0000000000
70181  29.895  -16.144  26.028 0.0000000000
70194  29.094  -16.309  26.061 0.0000000000
72626  28.086  -15.861  25.127 0.0000000000
72616  27.882  -15.591  26.846 0.0000000000
123910  26.967  -16.742  31.711 0.0000000000
123895  26.217  -19.214  32.270 0.0000000000
71239  27.258  -16.932  41.188 0.0000000000
70051  28.064  -17.281  40.553 0.0000000000
67901  26.598  -19.191  35.450 0.0000000000
69035  27.726  -18.571  37.366 0.0000000000
70071  28.927  -17.753  38.295 0.0000000000
70060  29.592  -17.546  38.532 0.0000000000
123870  28.261  -18.990  35.889 0.0000000000
66781  23.670  -20.062  30.544 0.0000000000
65544  22.783  -20.802  29.403 0.0000000000
65552  23.175  -20.762  29.363 0.0000000000
65553  22.811  -21.181  28.764 0.0000000000
70305  35.149  -17.829  18.660 0.0000000000
69200  35.521  -18.272  17.999 0.0000000000
69201  34.658  -18.108  18.174 0.0000000000
69217  31.394  -17.357  16.726 0.0000000000
69216  31.744  -17.443  16.961 0.0000000000
69365  55.430  -18.171  -0.033 0.0000000000
75135  37.643  -13.787  14.051 0.0000000000
72768  35.849  -15.336  14.390 0.0000000000
73909  36.617  -14.910  15.431 0.0000000000
71556  34.822  -16.569  14.411 0.0000000000
70364  34.509  -17.269  14.658 0.0000000000
75084  38.812  -13.280  16.187 0.0000000000
76331  38.811  -13.238  15.700 0.0000000000
67975  17.032  -19.385  31.162 0.0000000000
122559  23.352  -15.131  39.519 0.0000000000
122743  23.086  -16.062  37.818 0.0000000000
122607  22.847  -16.017  37.418 0.0000000000
71719  47.164  -16.875  5.442 0.0000000000
75890  21.004  -12.568  40.729 0.0000000000
73962  43.755  -14.958  12.471 0.0000000000
72813  43.276  -15.580  11.586 0.0000000000
72814  42.418  -15.580  11.598 0.0000000000
72812  43.995  -15.734  11.402 0.0000000000
71642  42.775  -16.115  8.523 0.0000000000
73678  15.440  -13.860  37.253 0.0000000000
73679  14.573  -13.744  37.284 0.0000000000
74761  13.630  -13.742  38.391 0.0000000000
72513  11.454  -15.312  37.377 0.0000000000
73658  7.348  -14.581  38.805 0.0000000000
73657  7.380  -14.676  38.536 0.0000000000
72505  7.318  -14.939  38.111 0.0000000000
71276  6.086  -16.520  37.453 0.0000000000
73737  30.109  -14.746  28.976 0.0000000000
73753  30.152  -14.800  28.491 0.0000000000
72584  28.981  -14.938  28.500 0.0000000000
72585  28.043  -15.246  28.560 0.0000000000
71319  28.509  -15.396  31.965 0.0000000000
123871  27.578  -18.321  33.999 0.0000000000
67882  25.701  -18.673  36.461 0.0000000000
67903  25.163  -18.512  35.065 0.0000000000
67902  25.841  -18.974  35.309 0.0000000000
67917  25.119  -19.209  34.445 0.0000000000
67936  24.432  -19.276  33.493 0.0000000000
66729  25.574  -19.575  34.158 0.0000000000
67934  25.722  -19.674  33.734 0.0000000000
67955  25.324  -19.571  33.190 0.0000000000
66753  24.496  -19.516  32.465 0.0000000000
65539  22.440  -20.675  29.424 0.0000000000
70288  32.639  -16.415  19.195 0.0000000000
68280  54.537  -19.998  -0.453 0.0000000000
73993  37.728  -14.748  10.860 0.0000000000
72840  37.004  -14.932  10.323 0.0000000000
73984  35.623  -14.554  11.922 0.0000000000
75110  40.530  -12.771  13.852 0.0000000000
73964  42.323  -14.714  12.699 0.0000000000
72801  41.505  -15.133  12.240 0.0000000000
72802  40.975  -14.912  12.181 0.0000000000
72816  40.597  -15.240  11.563 0.0000000000
71229  26.308  -16.479  41.731 0.0000000000
70075  26.020  -17.514  38.672 0.0000000000
122601  24.511  -15.952  39.458 0.0000000000
71242  24.980  -16.327  39.100 0.0000000000
122651  24.254  -16.883  38.245 0.0000000000
122650  24.629  -16.510  38.596 0.0000000000
122624  25.042  -16.808  38.670 0.0000000000
70076  25.159  -17.338  38.373 0.0000000000
70085  25.520  -17.946  38.084 0.0000000000
69038  25.106  -18.343  36.456 0.0000000000
69057  23.936  -18.700  34.325 0.0000000000
69068  23.162  -18.650  33.545 0.0000000000
67938  22.269  -18.910  32.201 0.0000000000
69078  21.408  -18.733  32.353 0.0000000000
69098  21.508  -18.728  31.205 0.0000000000
69108  21.086  -18.754  29.717 0.0000000000
67987  20.850  -19.104  29.140 0.0000000000
71444  28.428  -16.399  22.471 0.0000000000
71691  51.147  -16.210  6.114 0.0000000000
71717  48.848  -16.846  5.344 0.0000000000
71735  48.608  -16.415  4.513 0.0000000000
71716  49.813  -16.666  5.325 0.0000000000
71714  51.631  -16.382  5.308 0.0000000000
71731  52.203  -16.564  4.570 0.0000000000
71750  51.901  -16.937  3.890 0.0000000000
70465  51.426  -17.162  3.435 0.0000000000
122777  17.021  -13.880  34.886 0.0000000000
72529  16.317  -13.809  35.369 0.0000000000
73696  16.272  -14.004  36.353 0.0000000000
73687  15.806  -14.068  36.770 0.0000000000
122718  19.099  -12.649  38.312 0.0000000000
74736  18.792  -12.549  38.281 0.0000000000
75954  18.252  -12.501  38.373 0.0000000000
75965  17.619  -12.720  37.784 0.0000000000
122738  16.927  -12.927  37.249 0.0000000000
74757  16.388  -13.184  37.399 0.0000000000
74752  14.915  -13.409  38.659 0.0000000000
74738  14.633  -13.237  39.395 0.0000000000
73612  24.791  -14.289  42.562 0.0000000000
122752  22.243  -14.907  38.800 0.0000000000
72880  38.605  -15.644  8.782 0.0000000000
71604  48.738  -16.579  10.341 0.0000000000
72935  45.357  -15.781  5.197 0.0000000000
73699  13.457  -14.146  35.415 0.0000000000
72533  13.274  -15.282  34.681 0.0000000000
70121  10.620  -17.902  34.333 0.0000000000
72503  11.357  -14.979  38.122 0.0000000000
72493  9.453  -14.970  39.123 0.0000000000
71253  9.296  -15.164  38.482 0.0000000000
70110  8.389  -16.975  34.924 0.0000000000
123505  2.677  -17.377  41.219 0.0000000000
123506  2.225  -17.694  41.253 0.0000000000
123520  1.573  -18.302  41.343 0.0000000000
70057  1.521  -18.280  42.099 0.0000000000
71528  37.503  -16.774  17.502 0.0000000000
71516  34.379  -16.953  19.054 0.0000000000
71501  33.875  -16.526  19.462 0.0000000000
71502  32.942  -15.877  19.899 0.0000000000
71503  32.222  -16.052  19.783 0.0000000000
70223  29.088  -16.844  22.137 0.0000000000
71420  31.248  -16.260  23.528 0.0000000000
72650  31.045  -15.832  23.253 0.0000000000
72635  30.289  -15.582  25.099 0.0000000000
71421  30.550  -15.864  23.538 0.0000000000
71424  27.440  -16.030  23.523 0.0000000000
71393  27.545  -15.879  25.359 0.0000000000
71408  27.224  -16.008  24.610 0.0000000000
71394  26.453  -16.050  25.278 0.0000000000
71379  25.358  -15.997  26.310 0.0000000000
71360  24.835  -16.447  27.488 0.0000000000
72571  27.287  -15.162  29.302 0.0000000000
71345  26.705  -15.408  29.169 0.0000000000
70151  27.003  -16.602  30.989 0.0000000000
71324  26.553  -16.637  30.597 0.0000000000
71346  25.849  -15.825  28.924 0.0000000000
70167  25.152  -16.635  28.723 0.0000000000
70159  25.213  -17.256  29.224 0.0000000000
123906  26.013  -19.880  31.009 0.0000000000
123930  25.412  -19.690  30.894 0.0000000000
123854  29.700  -15.169  34.430 0.0000000000
73616  29.145  -14.923  40.780 0.0000000000
71227  28.407  -16.110  41.554 0.0000000000
71226  29.017  -15.938  41.337 0.0000000000
74706  30.921  -14.591  39.299 0.0000000000
70063  27.898  -17.530  39.693 0.0000000000
70062  28.853  -17.597  39.763 0.0000000000
71235  31.053  -17.148  38.671 0.0000000000
74732  29.558  -14.388  37.297 0.0000000000
73652  29.016  -14.892  35.995 0.0000000000
123835  28.985  -15.286  35.516 0.0000000000
123834  28.742  -15.810  35.653 0.0000000000
67967  25.340  -19.785  33.014 0.0000000000
70341  36.431  -17.666  16.698 0.0000000000
69213  35.832  -18.490  17.394 0.0000000000
69248  36.036  -18.252  16.385 0.0000000000
70359  35.874  -17.621  15.966 0.0000000000
70361  34.338  -17.729  15.015 0.0000000000
70325  33.103  -17.375  17.753 0.0000000000
70342  33.166  -17.657  17.040 0.0000000000
69261  33.853  -18.097  15.041 0.0000000000
70500  53.528  -17.780  0.619 0.0000000000
70516  53.399  -18.083  0.034 0.0000000000
66728  25.886  -19.505  34.428 0.0000000000
66741  26.235  -19.546  34.367 0.0000000000
66742  25.923  -19.680  34.130 0.0000000000
66743  25.829  -19.692  34.081 0.0000000000
66763  24.794  -19.605  32.368 0.0000000000
66771  24.845  -19.711  32.151 0.0000000000
67881  26.011  -18.842  36.414 0.0000000000
67888  27.714  -19.109  36.065 0.0000000000
67889  27.083  -19.065  36.086 0.0000000000
67891  25.527  -18.620  35.900 0.0000000000
67892  25.006  -18.322  35.472 0.0000000000
67898  28.052  -19.120  35.600 0.0000000000
67899  27.809  -19.168  35.574 0.0000000000
67900  27.078  -19.275  35.421 0.0000000000
67904  24.044  -18.834  34.144 0.0000000000
67905  23.827  -18.719  34.125 0.0000000000
67914  27.425  -19.285  35.170 0.0000000000
67916  26.105  -19.303  34.838 0.0000000000
67919  23.767  -18.760  33.888 0.0000000000
67937  23.710  -18.882  33.341 0.0000000000
67939  21.983  -18.832  32.081 0.0000000000
67953  26.025  -19.709  33.401 0.0000000000
67954  25.784  -19.676  33.447 0.0000000000
67956  24.650  -19.463  32.783 0.0000000000
67968  24.741  -19.545  32.526 0.0000000000
69020  1.272  -18.573  41.387 0.0000000000
69026  27.146  -18.412  37.889 0.0000000000
69028  25.228  -18.208  37.286 0.0000000000
69034  28.048  -18.615  37.106 0.0000000000
69036  26.956  -18.786  37.274 0.0000000000
69037  26.040  -18.786  36.922 0.0000000000
69046  27.453  -18.914  36.678 0.0000000000
69049  24.781  -18.315  35.771 0.0000000000
69056  24.479  -18.633  34.633 0.0000000000
69065  27.257  -19.350  34.817 0.0000000000
69066  24.402  -18.942  34.381 0.0000000000
69069  22.625  -18.713  33.130 0.0000000000
69076  22.670  -18.857  32.648 0.0000000000
69077  21.916  -18.825  32.483 0.0000000000
69086  23.293  -18.883  32.809 0.0000000000
69088  21.621  -18.767  31.987 0.0000000000
69089  21.156  -18.568  31.929 0.0000000000
69158  31.640  -17.966  22.515 0.0000000000
69212  36.213  -18.320  17.388 0.0000000000
69339  55.137  -17.777  1.711 0.0000000000
70067  1.424  -18.382  41.685 0.0000000000
70070  29.129  -17.829  37.649 0.0000000000
70082  28.036  -18.198  37.959 0.0000000000
70084  26.563  -18.000  38.306 0.0000000000
70116  22.899  -18.564  33.817 0.0000000000
70117  21.669  -18.700  33.170 0.0000000000
70125  29.642  -15.381  33.314 0.0000000000
70126  21.870  -18.843  32.888 0.0000000000
70127  21.532  -18.808  32.690 0.0000000000
70133  29.150  -15.359  32.840 0.0000000000
70134  20.846  -18.124  31.875 0.0000000000
70135  20.990  -18.589  32.526 0.0000000000
70152  20.664  -17.706  31.407 0.0000000000
70161  20.325  -17.596  30.528 0.0000000000
70163  19.053  -17.148  31.818 0.0000000000
70183  29.206  -16.076  26.274 0.0000000000
70192  29.843  -15.988  25.810 0.0000000000
70193  29.453  -16.186  25.859 0.0000000000
70324  36.526  -18.006  17.475 0.0000000000
70399  48.159  -17.141  6.958 0.0000000000
70432  48.306  -17.053  5.599 0.0000000000
70433  47.919  -17.202  5.786 0.0000000000
70444  51.164  -17.124  3.965 0.0000000000
70445  50.901  -17.098  4.175 0.0000000000
70517  52.951  -17.897  0.163 0.0000000000
71260  28.559  -18.460  36.542 0.0000000000
71298  14.389  -15.232  34.012 0.0000000000
71303  29.985  -15.298  33.206 0.0000000000
71311  29.538  -15.270  32.571 0.0000000000
71313  28.703  -15.570  32.725 0.0000000000
71318  29.176  -15.199  32.031 0.0000000000
71323  26.824  -16.138  30.611 0.0000000000
71333  26.096  -16.376  30.125 0.0000000000
71334  19.696  -16.926  31.956 0.0000000000
71347  25.114  -16.306  28.261 0.0000000000
71441  31.533  -16.187  22.646 0.0000000000
71628  40.548  -15.996  9.881 0.0000000000
72487  6.817  -14.911  39.796 0.0000000000
72523  13.302  -14.531  35.031 0.0000000000
72544  30.013  -15.158  32.325 0.0000000000
72586  27.028  -15.282  28.442 0.0000000000
72603  26.193  -15.362  27.045 0.0000000000
72624  30.123  -15.665  25.322 0.0000000000
72625  29.991  -15.541  25.088 0.0000000000
72636  30.164  -15.531  24.828 0.0000000000
72638  27.817  -15.853  24.282 0.0000000000
72651  30.909  -15.777  22.938 0.0000000000
72652  28.299  -15.772  24.104 0.0000000000
72663  31.388  -15.713  22.995 0.0000000000
72664  31.139  -15.899  22.664 0.0000000000
72676  32.781  -16.583  21.413 0.0000000000
72694  32.571  -15.852  21.223 0.0000000000
72820  33.522  -15.822  12.260 0.0000000000
72857  40.626  -15.947  10.115 0.0000000000
72901  43.288  -15.896  8.027 0.0000000000
72902  43.001  -15.926  8.129 0.0000000000
72922  45.126  -15.912  5.925 0.0000000000
72959  49.798  -16.004  3.585 0.0000000000
72960  49.610  -15.960  3.308 0.0000000000
72973  49.760  -15.887  3.014 0.0000000000
73670  7.057  -14.642  38.642 0.0000000000
73676  16.330  -13.567  37.062 0.0000000000
73677  16.072  -13.719  37.180 0.0000000000
73686  16.366  -13.746  36.901 0.0000000000
73706  13.715  -14.047  34.866 0.0000000000
73910  36.578  -14.730  15.154 0.0000000000
73930  42.416  -13.804  13.666 0.0000000000
73933  36.509  -14.679  15.042 0.0000000000
73953  35.521  -15.027  13.622 0.0000000000
74731  29.172  -15.486  36.879 0.0000000000
74749  18.554  -12.547  38.208 0.0000000000
74765  16.529  -13.357  37.051 0.0000000000
74772  16.448  -14.006  35.907 0.0000000000
74773  14.740  -13.618  35.426 0.0000000000
74774  14.386  -13.588  35.371 0.0000000000
74779  16.651  -14.084  36.015 0.0000000000
74780  14.659  -13.455  35.106 0.0000000000
74781  14.426  -13.483  35.167 0.0000000000
75087  36.867  -14.533  15.488 0.0000000000
75088  36.707  -14.663  15.333 0.0000000000
75115  36.654  -14.525  15.182 0.0000000000
75953  18.625  -12.487  38.438 0.0000000000
75964  18.395  -12.686  37.812 0.0000000000
122653  22.446  -18.638  33.443 0.0000000000
122678  22.155  -18.762  33.121 0.0000000000
122720  20.804  -18.049  31.601 0.0000000000
122721  20.800  -17.842  31.772 0.0000000000
122740  16.787  -13.680  36.584 0.0000000000
122764  16.247  -13.906  35.718 0.0000000000
122765  16.761  -13.908  35.412 0.0000000000
123869  28.315  -18.517  37.053 0.0000000000
123896  28.879  -15.538  32.948 0.0000000000
123902  26.085  -18.983  32.023 0.0000000000
123904  25.651  -19.620  31.314 0.0000000000
123909  25.621  -19.316  31.596 0.0000000000
123913  25.496  -19.433  31.581 0.0000000000
123919  24.977  -19.608  32.591 0.0000000000
