#!ascii label  , from subject sub-NDARAG610XL4 vox2ras=TkReg
1152
123471  5.945  -22.288  42.164 0.0000000000
65767  42.062  -21.881  9.424 0.0000000000
60549  22.025  -25.036  32.678 0.0000000000
123809  31.296  -22.269  35.697 0.0000000000
122618  19.437  -20.000  35.780 0.0000000000
65440  11.300  -20.822  39.355 0.0000000000
65839  52.234  -21.626  6.509 0.0000000000
68123  48.949  -20.120  15.387 0.0000000000
64446  27.590  -22.514  18.776 0.0000000000
123036  56.045  -23.698  -2.240 0.0000000000
122554  24.854  -22.808  39.119 0.0000000000
69012  9.691  -19.137  42.288 0.0000000000
124034  50.857  -21.118  11.715 0.0000000000
65780  47.854  -21.211  8.718 0.0000000000
65732  40.092  -21.330  11.585 0.0000000000
65702  43.939  -21.700  13.722 0.0000000000
65737  35.346  -21.609  11.395 0.0000000000
61915  25.927  -24.416  29.141 0.0000000000
61867  26.769  -24.927  33.577 0.0000000000
122447  20.092  -23.077  38.591 0.0000000000
66697  17.660  -21.600  38.254 0.0000000000
122644  13.441  -21.496  36.676 0.0000000000
64289  9.113  -22.529  36.375 0.0000000000
64330  19.048  -23.103  33.377 0.0000000000
123958  55.293  -20.573  8.839 0.0000000000
70302  53.261  -17.838  16.467 0.0000000000
64528  45.969  -22.841  11.808 0.0000000000
63329  33.556  -23.988  13.988 0.0000000000
123816  29.173  -22.116  26.447 0.0000000000
62240  53.345  -24.681  2.785 0.0000000000
63453  58.745  -23.601  2.888 0.0000000000
57235  60.234  -27.934  0.715 0.0000000000
122553  25.310  -21.222  42.673 0.0000000000
65401  8.190  -20.378  42.422 0.0000000000
71200  10.017  -17.671  45.671 0.0000000000
70013  7.730  -18.752  45.176 0.0000000000
65820  48.138  -21.372  6.657 0.0000000000
65721  39.211  -21.442  12.721 0.0000000000
65705  41.448  -21.694  13.618 0.0000000000
66662  1.990  -21.189  45.318 0.0000000000
66965  35.290  -20.754  11.049 0.0000000000
60571  21.626  -25.903  30.734 0.0000000000
60558  24.607  -25.743  31.186 0.0000000000
60534  24.266  -25.586  33.590 0.0000000000
122613  19.675  -21.561  36.885 0.0000000000
122494  19.157  -21.139  38.119 0.0000000000
122615  16.819  -20.017  37.511 0.0000000000
65504  19.517  -22.185  34.366 0.0000000000
122450  20.282  -23.216  36.573 0.0000000000
122689  12.929  -21.066  38.526 0.0000000000
65837  54.318  -21.113  7.540 0.0000000000
123965  54.333  -18.503  13.495 0.0000000000
67004  53.258  -19.915  11.223 0.0000000000
68122  49.501  -20.584  14.009 0.0000000000
68107  50.606  -18.586  14.911 0.0000000000
65805  42.603  -22.045  7.733 0.0000000000
65784  44.277  -21.672  8.534 0.0000000000
65746  44.121  -22.033  10.059 0.0000000000
64469  27.253  -22.167  16.606 0.0000000000
63331  31.340  -23.810  13.793 0.0000000000
123879  29.487  -23.982  16.772 0.0000000000
123773  27.467  -22.106  32.524 0.0000000000
123747  27.417  -22.959  29.291 0.0000000000
123721  29.332  -22.249  31.911 0.0000000000
64624  50.648  -22.414  3.616 0.0000000000
63472  51.876  -23.351  1.854 0.0000000000
63407  53.027  -23.236  4.031 0.0000000000
64603  55.150  -21.661  4.704 0.0000000000
59687  58.406  -26.980  -1.753 0.0000000000
59673  57.226  -27.470  0.239 0.0000000000
60969  60.047  -25.803  1.816 0.0000000000
59659  56.321  -26.531  0.880 0.0000000000
122538  23.173  -23.793  35.827 0.0000000000
61850  25.179  -24.792  36.165 0.0000000000
64242  26.599  -23.532  39.666 0.0000000000
67874  10.972  -19.220  41.178 0.0000000000
72452  13.256  -17.006  43.490 0.0000000000
72445  12.046  -16.590  45.071 0.0000000000
65862  50.254  -21.750  4.881 0.0000000000
65795  51.383  -21.738  8.295 0.0000000000
65818  50.008  -21.304  6.804 0.0000000000
64567  49.397  -21.643  9.532 0.0000000000
65699  48.556  -21.648  12.442 0.0000000000
65750  40.936  -21.777  10.697 0.0000000000
64531  43.177  -22.170  11.690 0.0000000000
65718  42.009  -21.573  12.808 0.0000000000
65600  25.201  -21.695  21.825 0.0000000000
123741  34.161  -21.849  35.016 0.0000000000
123425  4.699  -22.266  42.639 0.0000000000
123417  5.527  -19.298  44.862 0.0000000000
67861  3.469  -20.169  44.938 0.0000000000
66982  39.389  -20.964  9.502 0.0000000000
65753  38.580  -21.010  10.446 0.0000000000
66962  37.986  -20.931  11.571 0.0000000000
65723  37.302  -21.924  12.416 0.0000000000
60590  24.227  -25.481  28.408 0.0000000000
61887  26.598  -24.741  31.753 0.0000000000
64294  28.689  -23.021  35.438 0.0000000000
61828  27.849  -25.392  37.689 0.0000000000
61811  30.902  -24.187  37.901 0.0000000000
122411  22.744  -23.266  41.705 0.0000000000
122385  21.713  -23.712  40.072 0.0000000000
122434  20.199  -22.522  38.761 0.0000000000
66706  16.626  -20.895  38.554 0.0000000000
64276  11.582  -21.728  37.807 0.0000000000
65489  13.624  -22.217  35.195 0.0000000000
64299  11.438  -22.510  36.417 0.0000000000
65455  10.081  -21.803  38.224 0.0000000000
66702  9.696  -21.372  39.522 0.0000000000
65431  7.822  -21.845  40.071 0.0000000000
65432  7.015  -21.862  40.496 0.0000000000
61900  20.351  -24.758  30.937 0.0000000000
63174  18.801  -23.725  30.823 0.0000000000
61881  21.323  -24.431  33.229 0.0000000000
122468  22.366  -23.529  36.288 0.0000000000
122410  22.877  -23.339  39.879 0.0000000000
70281  53.984  -16.864  17.859 0.0000000000
69226  51.857  -19.203  13.807 0.0000000000
65802  45.473  -21.235  7.519 0.0000000000
65762  46.823  -21.998  9.711 0.0000000000
65689  47.821  -22.044  14.044 0.0000000000
64498  44.750  -22.202  13.674 0.0000000000
65678  46.689  -22.040  15.896 0.0000000000
64522  32.393  -22.833  12.020 0.0000000000
64520  34.430  -23.088  12.299 0.0000000000
63338  36.118  -23.702  13.461 0.0000000000
123836  26.131  -22.471  24.187 0.0000000000
123837  28.044  -22.123  22.894 0.0000000000
123811  32.715  -21.978  31.124 0.0000000000
123567  30.207  -22.123  22.195 0.0000000000
123622  29.888  -23.151  19.215 0.0000000000
62115  33.188  -24.606  16.189 0.0000000000
63327  35.358  -24.313  14.297 0.0000000000
59661  54.320  -25.856  1.254 0.0000000000
62237  56.492  -24.341  3.921 0.0000000000
64601  57.287  -21.526  4.919 0.0000000000
66663  25.982  -20.715  43.359 0.0000000000
123419  7.395  -20.686  42.858 0.0000000000
123422  8.102  -19.311  43.205 0.0000000000
123420  7.226  -19.211  44.029 0.0000000000
65708  38.733  -22.063  13.121 0.0000000000
65707  39.505  -22.139  13.216 0.0000000000
63018  1.052  -23.207  45.399 0.0000000000
60561  21.960  -25.493  31.887 0.0000000000
60560  22.808  -25.794  32.014 0.0000000000
60535  23.389  -25.537  33.870 0.0000000000
66719  20.015  -21.297  36.134 0.0000000000
122587  19.869  -20.972  37.005 0.0000000000
122586  19.592  -19.770  37.316 0.0000000000
66745  18.543  -21.381  33.821 0.0000000000
67920  19.436  -21.127  34.540 0.0000000000
66730  20.074  -21.517  35.202 0.0000000000
122664  12.670  -20.969  38.574 0.0000000000
122671  13.328  -19.971  40.106 0.0000000000
65838  53.098  -21.621  6.947 0.0000000000
67017  53.598  -21.193  9.275 0.0000000000
65814  53.335  -21.820  8.318 0.0000000000
68108  49.407  -19.130  14.995 0.0000000000
65786  42.350  -21.948  8.593 0.0000000000
65765  43.827  -21.738  9.379 0.0000000000
65747  43.382  -22.082  10.037 0.0000000000
65631  26.333  -22.226  18.853 0.0000000000
64454  27.363  -22.614  17.578 0.0000000000
123892  28.798  -23.373  16.791 0.0000000000
123899  28.301  -22.838  17.852 0.0000000000
65487  29.286  -22.310  34.147 0.0000000000
123790  30.383  -22.287  34.520 0.0000000000
64607  51.304  -22.257  4.386 0.0000000000
64623  51.582  -22.786  3.423 0.0000000000
64589  52.773  -21.966  5.601 0.0000000000
65861  53.666  -21.637  5.789 0.0000000000
59674  56.595  -27.002  -0.796 0.0000000000
59689  56.274  -25.127  -2.050 0.0000000000
59658  57.590  -26.893  1.075 0.0000000000
59675  55.374  -26.285  -0.356 0.0000000000
122508  23.713  -23.615  36.868 0.0000000000
122448  25.152  -23.576  37.835 0.0000000000
122598  26.132  -23.073  39.679 0.0000000000
69017  10.398  -18.918  41.778 0.0000000000
70039  11.341  -18.091  42.578 0.0000000000
70024  10.603  -18.213  44.128 0.0000000000
68992  10.260  -18.477  46.115 0.0000000000
68991  11.028  -18.066  46.391 0.0000000000
65883  48.641  -21.731  3.670 0.0000000000
65842  49.345  -21.456  5.644 0.0000000000
65799  47.953  -21.239  7.676 0.0000000000
65798  48.809  -21.381  7.612 0.0000000000
65779  48.679  -21.308  8.587 0.0000000000
64557  48.938  -22.196  11.137 0.0000000000
65760  48.558  -21.618  9.522 0.0000000000
64533  41.602  -22.074  11.239 0.0000000000
65731  40.944  -21.693  11.827 0.0000000000
65882  49.388  -21.951  3.532 0.0000000000
66680  3.532  -20.825  43.238 0.0000000000
66681  2.678  -20.828  43.604 0.0000000000
66983  38.268  -20.793  9.760 0.0000000000
65771  38.967  -21.222  10.041 0.0000000000
66963  37.147  -20.863  11.400 0.0000000000
65736  36.314  -21.669  11.669 0.0000000000
65734  37.823  -21.322  12.131 0.0000000000
65724  36.670  -22.026  12.152 0.0000000000
60591  23.407  -25.559  28.217 0.0000000000
61877  25.755  -25.139  32.268 0.0000000000
60557  25.065  -25.441  30.848 0.0000000000
61876  26.893  -24.699  32.708 0.0000000000
64319  26.886  -22.814  33.176 0.0000000000
63134  28.194  -23.685  34.760 0.0000000000
63098  26.723  -24.208  38.544 0.0000000000
61830  26.432  -25.016  37.387 0.0000000000
61794  27.881  -25.143  39.047 0.0000000000
61791  30.681  -24.566  38.821 0.0000000000
63103  31.296  -23.454  38.230 0.0000000000
122393  21.319  -23.143  39.441 0.0000000000
122386  20.952  -22.917  39.118 0.0000000000
122391  20.054  -22.634  38.760 0.0000000000
66720  15.892  -20.430  38.192 0.0000000000
122536  18.360  -20.828  38.224 0.0000000000
65465  15.248  -20.718  38.115 0.0000000000
122707  13.159  -21.347  37.904 0.0000000000
64298  12.327  -21.926  36.671 0.0000000000
122709  14.927  -21.088  35.702 0.0000000000
65478  9.543  -22.563  35.287 0.0000000000
64311  10.889  -22.622  35.413 0.0000000000
64300  10.004  -22.787  35.981 0.0000000000
65468  10.239  -22.260  37.542 0.0000000000
64288  9.764  -22.485  36.695 0.0000000000
65441  9.870  -21.294  38.922 0.0000000000
65456  8.920  -21.989  38.021 0.0000000000
65444  6.842  -21.622  39.107 0.0000000000
61909  19.808  -24.753  29.703 0.0000000000
61910  19.004  -24.146  29.730 0.0000000000
64331  18.536  -22.807  32.741 0.0000000000
63159  19.058  -23.275  32.626 0.0000000000
63166  20.113  -24.003  32.676 0.0000000000
63158  19.643  -23.582  33.374 0.0000000000
63157  20.890  -23.874  34.040 0.0000000000
122523  20.101  -23.461  34.356 0.0000000000
122511  20.148  -23.644  38.180 0.0000000000
122524  20.969  -23.405  37.443 0.0000000000
122452  21.113  -23.067  38.648 0.0000000000
122437  22.301  -23.474  39.693 0.0000000000
122366  18.470  -22.172  38.222 0.0000000000
123409  5.432  -19.903  45.377 0.0000000000
123416  6.226  -19.625  45.293 0.0000000000
123993  55.196  -18.684  12.108 0.0000000000
124030  53.640  -18.224  14.743 0.0000000000
71526  54.528  -17.439  16.360 0.0000000000
70301  53.940  -17.407  16.907 0.0000000000
70257  53.235  -17.436  18.616 0.0000000000
123985  51.689  -21.503  10.390 0.0000000000
124058  51.710  -19.595  11.934 0.0000000000
68093  51.109  -18.551  16.065 0.0000000000
64560  45.450  -22.165  10.091 0.0000000000
65763  45.866  -21.671  9.569 0.0000000000
64545  46.704  -22.572  10.902 0.0000000000
124015  47.603  -22.425  11.613 0.0000000000
64511  47.287  -22.238  12.811 0.0000000000
65716  43.657  -21.641  12.994 0.0000000000
64514  44.345  -22.179  12.664 0.0000000000
64505  30.384  -22.326  13.481 0.0000000000
62128  31.721  -24.039  14.685 0.0000000000
63342  32.418  -23.679  12.750 0.0000000000
63341  33.481  -23.773  12.914 0.0000000000
63340  34.460  -23.649  13.147 0.0000000000
61924  25.950  -24.441  28.139 0.0000000000
123861  26.628  -23.679  27.399 0.0000000000
123838  27.576  -22.026  24.044 0.0000000000
123659  31.780  -23.159  20.685 0.0000000000
123623  30.449  -22.893  20.381 0.0000000000
123817  32.029  -23.860  18.429 0.0000000000
123826  31.700  -24.348  17.136 0.0000000000
123807  32.807  -24.241  17.722 0.0000000000
62241  52.686  -24.215  2.667 0.0000000000
60972  53.823  -25.533  1.496 0.0000000000
60949  54.950  -26.179  2.092 0.0000000000
60925  54.041  -25.844  3.051 0.0000000000
65859  55.351  -20.860  5.853 0.0000000000
64602  56.204  -21.468  4.871 0.0000000000
65858  56.525  -21.231  6.228 0.0000000000
65836  56.807  -20.298  8.340 0.0000000000
58418  58.707  -27.852  0.343 0.0000000000
62266  59.348  -24.523  2.675 0.0000000000
63421  60.303  -23.908  3.865 0.0000000000
64619  59.337  -22.456  3.823 0.0000000000
122552  25.504  -22.171  41.749 0.0000000000
122597  26.100  -22.376  41.172 0.0000000000
66684  26.251  -22.066  42.371 0.0000000000
123432  8.976  -19.021  43.104 0.0000000000
70033  9.538  -18.482  43.481 0.0000000000
123437  9.084  -17.984  43.993 0.0000000000
123426  9.121  -18.384  44.934 0.0000000000
67847  9.725  -19.000  45.618 0.0000000000
65845  46.449  -21.084  5.766 0.0000000000
65822  46.305  -21.186  6.713 0.0000000000
66953  39.612  -21.069  12.223 0.0000000000
65719  41.146  -21.571  12.740 0.0000000000
65720  40.182  -21.373  12.632 0.0000000000
65706  40.525  -22.084  13.480 0.0000000000
65395  2.048  -21.369  44.059 0.0000000000
64204  1.550  -22.374  44.667 0.0000000000
65359  1.573  -22.256  46.245 0.0000000000
66974  36.224  -20.303  10.495 0.0000000000
65738  34.364  -21.499  11.244 0.0000000000
60580  22.726  -25.911  29.141 0.0000000000
59211  22.744  -26.293  30.618 0.0000000000
60546  24.704  -25.556  32.441 0.0000000000
60533  25.136  -25.499  33.504 0.0000000000
122566  19.243  -22.632  37.982 0.0000000000
122435  19.456  -22.232  38.398 0.0000000000
122567  19.560  -22.025  37.631 0.0000000000
122584  17.990  -20.288  37.677 0.0000000000
122631  15.555  -21.040  37.074 0.0000000000
65470  7.952  -21.903  36.591 0.0000000000
65480  7.849  -21.720  35.697 0.0000000000
65505  18.537  -21.999  33.694 0.0000000000
64322  18.862  -22.595  33.647 0.0000000000
64321  19.488  -23.071  34.453 0.0000000000
122575  20.253  -22.523  35.709 0.0000000000
122612  19.537  -22.284  36.804 0.0000000000
65452  15.428  -21.437  38.121 0.0000000000
123950  54.591  -20.795  8.849 0.0000000000
123984  54.910  -19.349  11.127 0.0000000000
123949  54.501  -20.395  9.804 0.0000000000
124009  53.688  -19.326  12.648 0.0000000000
124028  53.154  -19.274  13.424 0.0000000000
69228  49.883  -19.854  13.483 0.0000000000
69227  50.328  -19.106  13.502 0.0000000000
68094  50.298  -18.818  16.296 0.0000000000
65804  43.539  -21.881  7.584 0.0000000000
65785  43.283  -21.838  8.540 0.0000000000
65764  44.829  -21.711  9.582 0.0000000000
64547  44.691  -22.326  10.624 0.0000000000
65680  44.700  -21.674  15.752 0.0000000000
63320  28.593  -22.761  14.897 0.0000000000
64490  30.039  -22.910  14.345 0.0000000000
63319  29.333  -23.182  14.925 0.0000000000
63318  30.337  -23.638  15.002 0.0000000000
62117  31.453  -24.534  15.743 0.0000000000
123791  27.483  -23.474  31.069 0.0000000000
123746  28.160  -22.315  32.162 0.0000000000
65914  50.601  -21.735  1.522 0.0000000000
65913  51.083  -22.053  1.244 0.0000000000
64641  51.329  -22.816  2.504 0.0000000000
63428  52.455  -23.594  3.189 0.0000000000
63427  53.545  -23.944  3.643 0.0000000000
62213  54.293  -24.031  4.114 0.0000000000
64604  54.270  -22.156  4.803 0.0000000000
65860  54.467  -21.294  5.595 0.0000000000
123025  58.056  -25.183  -3.413 0.0000000000
58430  57.471  -27.171  -1.046 0.0000000000
58419  58.116  -27.593  -0.244 0.0000000000
59671  60.578  -26.960  0.991 0.0000000000
59657  58.586  -27.255  1.111 0.0000000000
59636  58.180  -26.473  1.861 0.0000000000
60947  57.541  -25.505  2.694 0.0000000000
61879  22.387  -24.881  34.005 0.0000000000
60524  23.388  -24.910  34.570 0.0000000000
61851  24.437  -24.327  36.063 0.0000000000
64253  26.506  -23.742  38.849 0.0000000000
63084  26.876  -24.076  40.191 0.0000000000
66700  11.420  -20.306  40.387 0.0000000000
122673  12.568  -17.803  41.322 0.0000000000
70038  11.954  -17.660  42.588 0.0000000000
72453  12.527  -17.031  44.276 0.0000000000
71199  10.898  -17.062  46.148 0.0000000000
70011  12.232  -17.628  46.637 0.0000000000
64591  51.013  -21.727  5.088 0.0000000000
65816  51.691  -21.636  7.186 0.0000000000
65817  50.943  -21.412  7.024 0.0000000000
123987  50.973  -21.798  9.562 0.0000000000
65819  49.067  -21.332  6.668 0.0000000000
65777  49.842  -21.563  8.720 0.0000000000
124003  50.297  -21.759  9.726 0.0000000000
124051  49.397  -21.563  12.096 0.0000000000
124041  48.997  -21.037  12.734 0.0000000000
124023  48.864  -21.041  13.978 0.0000000000
65749  41.795  -21.848  10.215 0.0000000000
65748  42.570  -21.982  10.084 0.0000000000
64550  42.133  -22.206  10.698 0.0000000000
65729  42.462  -21.874  12.134 0.0000000000
65717  42.930  -21.642  12.735 0.0000000000
65704  42.266  -21.472  13.683 0.0000000000
65691  43.372  -21.246  14.685 0.0000000000
64432  26.121  -22.102  20.085 0.0000000000
123761  32.071  -22.563  33.784 0.0000000000
65915  49.730  -21.409  1.951 0.0000000000
65902  49.742  -21.900  2.725 0.0000000000
64608  50.403  -21.985  4.393 0.0000000000
63535  56.764  -23.082  -2.965 0.0000000000
63500  56.083  -23.059  -1.900 0.0000000000
123428  5.252  -22.727  42.156 0.0000000000
123424  5.020  -20.288  43.470 0.0000000000
123423  4.674  -19.641  44.388 0.0000000000
67848  4.265  -20.187  45.585 0.0000000000
66661  2.587  -20.651  45.103 0.0000000000
66994  40.903  -21.229  8.699 0.0000000000
66995  40.285  -20.828  8.950 0.0000000000
65788  40.879  -21.351  9.158 0.0000000000
65769  40.433  -21.337  9.819 0.0000000000
65751  39.951  -21.418  10.672 0.0000000000
65733  39.496  -21.190  11.255 0.0000000000
66973  37.210  -20.500  10.610 0.0000000000
66971  38.522  -20.946  10.996 0.0000000000
66961  38.866  -20.908  11.509 0.0000000000
66955  38.360  -20.988  12.071 0.0000000000
65722  38.257  -21.686  12.583 0.0000000000
64517  37.405  -22.534  12.987 0.0000000000
60589  24.915  -24.920  28.472 0.0000000000
60579  23.969  -25.933  29.180 0.0000000000
61898  25.006  -24.925  29.668 0.0000000000
61904  26.200  -24.237  30.027 0.0000000000
64336  26.696  -22.466  32.225 0.0000000000
64307  28.342  -22.343  34.577 0.0000000000
65464  29.817  -22.152  35.966 0.0000000000
61861  24.709  -24.691  34.990 0.0000000000
61849  26.003  -25.322  35.780 0.0000000000
60521  27.110  -25.404  35.170 0.0000000000
61792  29.709  -25.194  39.119 0.0000000000
61827  28.750  -25.203  37.275 0.0000000000
61845  28.982  -24.585  35.803 0.0000000000
63123  29.670  -23.807  36.262 0.0000000000
64270  30.821  -22.899  37.001 0.0000000000
64268  31.516  -22.356  37.032 0.0000000000
67853  23.388  -21.133  44.301 0.0000000000
122368  18.862  -21.858  38.325 0.0000000000
122466  18.329  -21.108  38.368 0.0000000000
66698  16.933  -21.247  38.765 0.0000000000
122724  12.606  -21.286  38.123 0.0000000000
122736  12.153  -20.924  38.587 0.0000000000
122656  16.041  -20.278  36.949 0.0000000000
122592  15.474  -20.972  36.350 0.0000000000
122708  14.077  -21.708  36.197 0.0000000000
65490  12.895  -22.451  34.694 0.0000000000
64310  12.564  -22.510  35.818 0.0000000000
64287  10.841  -22.433  37.184 0.0000000000
65467  10.760  -22.169  37.647 0.0000000000
66701  10.564  -20.920  39.811 0.0000000000
66693  10.934  -20.693  40.701 0.0000000000
65429  9.923  -21.629  40.520 0.0000000000
65442  8.822  -21.224  38.790 0.0000000000
65430  9.059  -22.108  39.833 0.0000000000
64232  9.296  -22.101  41.517 0.0000000000
65420  7.907  -22.253  41.279 0.0000000000
123454  7.385  -22.249  41.720 0.0000000000
123472  6.659  -22.229  41.213 0.0000000000
123451  4.940  -22.691  41.246 0.0000000000
61908  20.888  -25.467  29.677 0.0000000000
61899  21.281  -25.001  31.295 0.0000000000
61901  19.472  -24.356  30.825 0.0000000000
61891  20.778  -24.448  32.324 0.0000000000
61880  21.932  -24.721  33.419 0.0000000000
61870  22.126  -24.413  34.652 0.0000000000
122525  20.654  -23.171  35.507 0.0000000000
122495  24.549  -22.223  41.612 0.0000000000
122497  23.790  -21.885  42.575 0.0000000000
123411  6.966  -19.247  45.048 0.0000000000
123421  7.833  -19.291  45.472 0.0000000000
124046  54.450  -18.001  14.449 0.0000000000
67005  52.461  -21.518  9.850 0.0000000000
69225  52.429  -18.330  14.971 0.0000000000
68106  51.293  -18.461  15.097 0.0000000000
69211  51.835  -18.142  15.706 0.0000000000
69196  52.592  -18.105  16.903 0.0000000000
65823  45.495  -21.222  6.655 0.0000000000
65800  46.945  -20.966  7.793 0.0000000000
65783  45.442  -21.346  8.529 0.0000000000
66992  46.192  -21.013  8.426 0.0000000000
65781  47.006  -21.255  8.855 0.0000000000
65744  47.525  -22.319  10.524 0.0000000000
65713  48.130  -21.806  12.680 0.0000000000
66927  48.590  -21.103  15.218 0.0000000000
64548  43.748  -22.306  10.767 0.0000000000
64529  44.922  -22.809  11.682 0.0000000000
64513  45.296  -22.648  12.727 0.0000000000
64487  45.051  -22.351  14.629 0.0000000000
64486  45.964  -22.523  14.526 0.0000000000
64496  46.552  -22.475  13.690 0.0000000000
64484  47.384  -22.286  14.666 0.0000000000
66928  47.774  -21.188  15.572 0.0000000000
64538  32.419  -21.901  11.587 0.0000000000
64537  33.398  -22.185  11.593 0.0000000000
64504  31.020  -23.034  13.181 0.0000000000
64521  33.422  -23.075  12.088 0.0000000000
64535  35.335  -22.373  11.892 0.0000000000
64519  35.365  -23.015  12.529 0.0000000000
64518  36.420  -22.843  12.717 0.0000000000
64503  36.817  -23.313  13.335 0.0000000000
123856  26.987  -21.888  22.664 0.0000000000
64430  27.241  -21.730  20.597 0.0000000000
123611  31.349  -22.630  23.873 0.0000000000
123578  29.562  -22.415  23.533 0.0000000000
123579  29.064  -22.401  22.038 0.0000000000
123886  28.668  -22.457  19.480 0.0000000000
123847  30.693  -24.353  17.104 0.0000000000
62116  32.551  -24.489  15.830 0.0000000000
63304  33.907  -24.762  16.443 0.0000000000
63314  34.356  -24.432  15.378 0.0000000000
63328  34.437  -24.036  14.179 0.0000000000
64680  55.547  -23.192  -1.375 0.0000000000
59690  54.907  -25.317  -0.726 0.0000000000
59660  55.015  -26.320  1.182 0.0000000000
60948  56.158  -25.875  2.219 0.0000000000
62268  57.778  -24.590  3.245 0.0000000000
62211  55.753  -23.695  4.437 0.0000000000
63425  56.747  -23.409  4.321 0.0000000000
63423  58.472  -22.956  3.598 0.0000000000
65881  58.429  -21.428  4.581 0.0000000000
67851  24.160  -20.234  44.803 0.0000000000
66649  24.834  -20.525  44.850 0.0000000000
123453  7.105  -21.940  42.309 0.0000000000
60548  22.607  -25.269  33.089 0.0000000000
67921  19.713  -20.778  35.281 0.0000000000
122585  18.968  -19.167  37.074 0.0000000000
66731  20.037  -21.086  35.504 0.0000000000
122715  12.689  -20.001  39.775 0.0000000000
68109  48.784  -19.528  16.324 0.0000000000
65766  42.938  -21.819  9.355 0.0000000000
64447  26.731  -22.413  18.357 0.0000000000
65476  29.854  -22.069  35.237 0.0000000000
64590  51.886  -21.816  5.280 0.0000000000
67876  9.987  -19.385  41.678 0.0000000000
69003  10.391  -18.638  42.568 0.0000000000
70041  10.040  -18.620  43.057 0.0000000000
65864  48.507  -21.608  4.650 0.0000000000
65402  3.575  -22.016  42.927 0.0000000000
66997  37.975  -20.269  8.609 0.0000000000
66984  37.163  -20.081  9.658 0.0000000000
63145  27.326  -24.044  33.629 0.0000000000
63144  27.801  -24.091  34.235 0.0000000000
61774  27.391  -24.915  39.855 0.0000000000
61795  27.286  -24.651  38.849 0.0000000000
60426  28.105  -25.370  39.821 0.0000000000
122506  19.911  -22.779  38.635 0.0000000000
122680  13.643  -21.283  37.218 0.0000000000
122705  13.208  -21.560  36.742 0.0000000000
64301  9.293  -22.699  36.128 0.0000000000
65469  9.219  -22.176  37.013 0.0000000000
122390  20.007  -23.306  38.510 0.0000000000
122388  20.458  -23.137  38.572 0.0000000000
122436  22.210  -23.248  39.379 0.0000000000
123408  5.761  -20.262  45.387 0.0000000000
67029  55.704  -19.784  10.028 0.0000000000
70322  53.137  -18.117  15.449 0.0000000000
124047  54.053  -18.004  15.806 0.0000000000
70282  53.237  -17.538  17.555 0.0000000000
64546  45.650  -22.663  10.797 0.0000000000
64559  46.204  -22.307  10.149 0.0000000000
64527  46.801  -22.589  11.987 0.0000000000
63330  32.497  -24.094  13.917 0.0000000000
123825  26.494  -23.925  29.356 0.0000000000
123624  31.249  -23.310  19.766 0.0000000000
123793  32.786  -23.939  18.371 0.0000000000
62270  52.770  -24.423  2.379 0.0000000000
62269  52.904  -24.573  1.782 0.0000000000
60951  53.450  -25.314  2.023 0.0000000000
60926  53.638  -25.542  2.544 0.0000000000
62239  54.243  -24.743  3.858 0.0000000000
123947  55.691  -20.912  7.316 0.0000000000
58428  58.697  -28.089  -0.656 0.0000000000
57236  59.334  -28.179  0.728 0.0000000000
56107  60.277  -28.395  1.429 0.0000000000
62233  59.692  -24.416  3.696 0.0000000000
62234  59.375  -23.667  3.252 0.0000000000
64599  59.688  -22.585  3.872 0.0000000000
64639  59.200  -22.937  3.198 0.0000000000
66678  26.037  -21.443  42.738 0.0000000000
70021  8.568  -18.589  45.209 0.0000000000
68993  9.260  -18.735  45.594 0.0000000000
68985  8.576  -18.826  45.519 0.0000000000
65821  47.189  -21.307  6.720 0.0000000000
63045  1.797  -22.889  43.417 0.0000000000
64195  1.481  -22.715  45.638 0.0000000000
64180  0.858  -22.707  46.143 0.0000000000
60581  21.826  -25.910  29.650 0.0000000000
60570  22.380  -26.263  30.139 0.0000000000
59212  22.240  -26.267  30.846 0.0000000000
60547  23.572  -25.620  32.773 0.0000000000
60559  23.686  -25.910  31.674 0.0000000000
66744  19.222  -21.533  34.233 0.0000000000
65453  13.467  -21.787  38.200 0.0000000000
64482  27.369  -21.780  15.822 0.0000000000
64481  27.900  -22.419  15.582 0.0000000000
63306  28.622  -23.100  15.747 0.0000000000
123880  29.354  -23.713  15.839 0.0000000000
123867  29.899  -24.376  16.058 0.0000000000
63317  31.106  -24.030  15.025 0.0000000000
62118  30.593  -24.470  15.730 0.0000000000
123775  27.584  -22.854  31.316 0.0000000000
64642  50.614  -22.350  2.631 0.0000000000
64653  50.998  -22.377  2.063 0.0000000000
64622  52.257  -22.975  3.668 0.0000000000
63408  52.523  -23.096  3.811 0.0000000000
63406  54.071  -23.318  4.176 0.0000000000
58420  57.488  -27.446  -0.613 0.0000000000
59672  58.053  -27.424  0.500 0.0000000000
59637  57.157  -26.292  1.796 0.0000000000
60946  58.787  -25.613  2.269 0.0000000000
61863  23.252  -24.247  35.041 0.0000000000
61852  23.816  -23.979  35.974 0.0000000000
122568  25.891  -23.455  38.654 0.0000000000
122695  11.288  -19.483  40.856 0.0000000000
122672  11.795  -18.218  40.903 0.0000000000
69015  11.378  -18.565  41.183 0.0000000000
72454  11.774  -17.293  44.692 0.0000000000
71215  11.842  -17.593  43.993 0.0000000000
72435  13.062  -16.326  46.394 0.0000000000
72439  12.496  -16.186  45.883 0.0000000000
123430  9.965  -17.989  45.123 0.0000000000
123439  10.213  -18.052  45.113 0.0000000000
72441  10.579  -17.469  45.651 0.0000000000
64592  50.533  -21.727  4.983 0.0000000000
65840  51.399  -21.489  6.082 0.0000000000
65841  50.407  -21.530  5.610 0.0000000000
65796  50.484  -21.479  8.268 0.0000000000
65843  48.352  -21.342  5.654 0.0000000000
65778  49.298  -21.408  8.428 0.0000000000
124004  49.964  -21.904  10.549 0.0000000000
124014  48.991  -21.439  12.085 0.0000000000
64551  41.608  -22.046  10.687 0.0000000000
65730  41.761  -21.838  12.031 0.0000000000
65692  42.500  -21.200  14.502 0.0000000000
65703  43.109  -21.488  13.721 0.0000000000
65618  24.809  -21.485  20.713 0.0000000000
65617  25.787  -21.831  20.684 0.0000000000
64609  49.835  -22.035  4.030 0.0000000000
64691  56.482  -22.783  -2.460 0.0000000000
66679  4.262  -20.965  43.015 0.0000000000
66674  3.073  -20.133  44.073 0.0000000000
67866  3.984  -19.898  44.047 0.0000000000
67860  4.396  -19.851  45.140 0.0000000000
65387  1.732  -21.539  44.571 0.0000000000
66676  2.237  -21.042  44.561 0.0000000000
67009  40.995  -21.004  7.996 0.0000000000
66996  39.115  -20.662  8.683 0.0000000000
66981  39.972  -21.020  9.610 0.0000000000
65770  39.640  -21.290  10.018 0.0000000000
65752  39.153  -21.154  10.697 0.0000000000
60600  24.382  -25.069  27.776 0.0000000000
60569  23.510  -26.161  30.383 0.0000000000
61888  25.615  -25.112  31.183 0.0000000000
60567  25.214  -25.219  30.608 0.0000000000
61897  25.533  -24.909  30.273 0.0000000000
61896  26.450  -24.536  30.906 0.0000000000
63172  27.229  -23.978  31.277 0.0000000000
63171  27.097  -24.311  31.731 0.0000000000
64308  27.803  -22.904  34.499 0.0000000000
64318  27.219  -22.231  33.467 0.0000000000
64293  28.954  -22.396  35.208 0.0000000000
61838  26.667  -25.260  36.994 0.0000000000
60494  26.656  -25.397  36.493 0.0000000000
61848  26.623  -25.466  35.458 0.0000000000
60492  27.866  -25.570  36.686 0.0000000000
61812  30.242  -24.858  38.266 0.0000000000
61826  30.029  -24.569  37.250 0.0000000000
61837  28.677  -25.002  36.359 0.0000000000
63132  29.373  -24.168  35.756 0.0000000000
61825  30.663  -24.076  37.238 0.0000000000
64263  31.115  -23.188  37.908 0.0000000000
64269  31.325  -22.560  37.171 0.0000000000
122440  23.009  -21.811  42.877 0.0000000000
122433  22.714  -22.408  43.271 0.0000000000
122367  19.382  -21.987  38.332 0.0000000000
66699  16.430  -21.092  39.030 0.0000000000
65439  16.042  -21.104  38.878 0.0000000000
65466  14.269  -21.472  37.751 0.0000000000
122706  12.701  -21.433  37.359 0.0000000000
122642  12.813  -21.343  37.793 0.0000000000
122726  14.378  -21.870  35.231 0.0000000000
122639  14.852  -20.783  36.424 0.0000000000
65491  11.558  -22.478  34.600 0.0000000000
65454  11.034  -21.784  38.174 0.0000000000
65428  10.455  -21.217  40.615 0.0000000000
66695  9.715  -21.577  39.946 0.0000000000
65443  7.843  -21.460  38.935 0.0000000000
65457  7.916  -21.785  37.888 0.0000000000
65419  8.520  -22.268  40.875 0.0000000000
65411  8.794  -21.691  41.989 0.0000000000
123492  4.544  -22.511  40.166 0.0000000000
123452  5.360  -22.596  41.604 0.0000000000
61892  20.002  -24.282  31.732 0.0000000000
61871  21.529  -24.365  34.022 0.0000000000
122576  21.626  -24.180  34.798 0.0000000000
122389  22.263  -23.579  40.056 0.0000000000
122441  23.403  -22.986  42.008 0.0000000000
122382  22.364  -23.653  41.225 0.0000000000
71213  13.003  -17.276  42.886 0.0000000000
122697  13.231  -17.940  41.177 0.0000000000
122737  13.754  -17.177  43.173 0.0000000000
123407  7.174  -20.449  45.069 0.0000000000
123414  7.355  -19.585  45.248 0.0000000000
66659  8.011  -20.100  44.844 0.0000000000
67859  8.478  -19.360  45.313 0.0000000000
66658  9.022  -20.106  44.824 0.0000000000
124000  54.341  -18.989  12.446 0.0000000000
65815  52.304  -22.048  8.089 0.0000000000
70339  52.450  -18.830  14.481 0.0000000000
69197  51.762  -18.528  17.273 0.0000000000
69184  52.510  -17.963  18.247 0.0000000000
65824  44.675  -21.325  6.672 0.0000000000
65847  44.678  -21.288  5.693 0.0000000000
65801  46.089  -21.073  7.405 0.0000000000
65803  44.538  -21.511  7.554 0.0000000000
65782  46.330  -21.296  8.989 0.0000000000
65761  47.816  -21.778  9.710 0.0000000000
65715  47.569  -22.048  12.995 0.0000000000
64510  48.082  -22.069  12.271 0.0000000000
65700  48.124  -21.741  13.196 0.0000000000
65688  48.539  -21.632  13.961 0.0000000000
64549  42.907  -22.352  10.748 0.0000000000
64530  44.088  -22.352  11.618 0.0000000000
64477  46.287  -22.367  15.270 0.0000000000
64485  46.776  -22.469  14.537 0.0000000000
64476  47.067  -22.313  15.161 0.0000000000
64523  31.321  -22.283  12.331 0.0000000000
63332  30.573  -23.224  13.893 0.0000000000
63339  35.370  -23.616  13.324 0.0000000000
123843  27.234  -22.491  28.657 0.0000000000
123864  28.339  -21.800  29.421 0.0000000000
123858  27.626  -21.704  22.304 0.0000000000
65615  27.466  -21.530  21.661 0.0000000000
123857  28.168  -21.742  21.165 0.0000000000
123898  29.221  -23.479  17.916 0.0000000000
62102  33.263  -24.669  17.062 0.0000000000
63315  33.533  -24.191  15.191 0.0000000000
64652  51.435  -22.622  1.556 0.0000000000
64662  51.713  -22.418  0.973 0.0000000000
64651  51.859  -22.764  1.068 0.0000000000
61005  54.085  -24.814  -0.071 0.0000000000
61004  55.003  -24.334  -0.805 0.0000000000
59676  54.501  -25.739  0.278 0.0000000000
60924  55.219  -25.601  3.234 0.0000000000
60923  56.358  -25.203  3.313 0.0000000000
60922  57.150  -24.810  3.472 0.0000000000
63405  54.999  -22.877  4.412 0.0000000000
62212  54.757  -23.981  4.448 0.0000000000
63403  56.982  -22.381  4.498 0.0000000000
63424  57.644  -23.133  3.957 0.0000000000
64621  57.832  -22.112  3.929 0.0000000000
65857  57.884  -21.113  6.111 0.0000000000
123023  58.658  -26.888  -2.288 0.0000000000
123026  58.662  -26.468  -3.049 0.0000000000
58444  58.953  -27.350  -1.903 0.0000000000
59656  60.359  -26.426  1.514 0.0000000000
66664  25.110  -20.349  43.620 0.0000000000
123427  7.682  -21.323  42.555 0.0000000000
59202  21.870  -25.883  31.296 0.0000000000
59213  21.875  -26.136  31.094 0.0000000000
67940  18.989  -21.211  34.203 0.0000000000
122725  13.095  -20.807  39.170 0.0000000000
122698  13.370  -20.037  40.325 0.0000000000
67030  54.108  -20.776  9.333 0.0000000000
68095  49.571  -19.321  16.852 0.0000000000
64455  26.736  -22.111  17.429 0.0000000000
64468  27.992  -22.824  16.665 0.0000000000
123772  28.553  -22.309  33.674 0.0000000000
123745  28.838  -22.311  32.988 0.0000000000
64606  52.342  -22.585  4.371 0.0000000000
64605  53.363  -22.455  4.741 0.0000000000
122507  24.462  -23.730  37.121 0.0000000000
67878  10.605  -19.720  41.166 0.0000000000
70046  10.919  -18.356  41.727 0.0000000000
69002  10.849  -18.398  42.483 0.0000000000
70031  11.170  -18.159  43.640 0.0000000000
71205  11.247  -17.973  44.513 0.0000000000
70019  10.400  -17.680  46.173 0.0000000000
65863  49.600  -21.789  4.558 0.0000000000
64222  4.017  -22.703  42.615 0.0000000000
66964  36.257  -20.872  11.188 0.0000000000
65735  37.195  -21.380  11.934 0.0000000000
61889  25.134  -25.467  31.210 0.0000000000
61878  25.165  -25.404  31.658 0.0000000000
63155  27.230  -24.178  32.498 0.0000000000
63150  27.207  -24.012  33.167 0.0000000000
64309  27.415  -23.132  33.773 0.0000000000
64295  28.236  -23.342  35.114 0.0000000000
122449  26.015  -24.239  37.559 0.0000000000
61840  25.866  -24.723  36.992 0.0000000000
63105  26.822  -24.801  38.203 0.0000000000
61815  27.475  -25.108  38.317 0.0000000000
61814  28.320  -25.246  38.269 0.0000000000
63097  31.232  -24.283  39.262 0.0000000000
61810  31.207  -23.765  38.131 0.0000000000
66712  16.274  -20.534  38.122 0.0000000000
64286  11.873  -21.821  37.212 0.0000000000
64312  10.030  -22.630  35.251 0.0000000000
63168  18.680  -23.202  31.789 0.0000000000
63167  19.366  -23.800  31.967 0.0000000000
122569  19.760  -23.323  37.112 0.0000000000
122496  20.181  -23.564  37.599 0.0000000000
122438  20.516  -23.547  37.936 0.0000000000
123415  6.517  -20.124  45.301 0.0000000000
124011  53.888  -18.311  13.979 0.0000000000
123960  51.669  -21.844  9.692 0.0000000000
68078  51.149  -19.212  16.995 0.0000000000
64558  46.689  -22.333  10.243 0.0000000000
65701  47.643  -22.037  13.297 0.0000000000
64515  43.666  -21.954  12.319 0.0000000000
65664  47.020  -21.319  16.299 0.0000000000
123804  34.166  -21.904  33.418 0.0000000000
123805  33.974  -21.529  32.276 0.0000000000
123651  30.956  -22.863  20.739 0.0000000000
123605  30.924  -23.924  18.755 0.0000000000
62103  32.731  -24.563  17.054 0.0000000000
63455  52.316  -23.930  2.164 0.0000000000
63471  52.125  -23.374  1.283 0.0000000000
63454  52.481  -24.013  1.551 0.0000000000
60973  53.469  -25.036  1.296 0.0000000000
59639  54.605  -26.194  1.675 0.0000000000
60950  54.063  -25.903  2.053 0.0000000000
62238  55.479  -24.655  3.944 0.0000000000
58429  58.221  -27.514  -1.238 0.0000000000
57246  58.688  -28.433  0.041 0.0000000000
62289  59.915  -25.355  2.522 0.0000000000
62264  60.759  -24.841  2.871 0.0000000000
64617  60.416  -23.096  4.143 0.0000000000
66688  9.163  -19.788  41.971 0.0000000000
70042  9.556  -18.961  42.773 0.0000000000
70020  9.644  -18.192  45.577 0.0000000000
67836  10.397  -18.946  46.105 0.0000000000
67846  10.349  -19.432  45.805 0.0000000000
65844  47.375  -21.271  5.673 0.0000000000
64212  2.161  -22.297  43.187 0.0000000000
64213  1.697  -22.045  43.760 0.0000000000
65375  1.543  -21.832  45.423 0.0000000000
63029  1.392  -23.142  44.907 0.0000000000
66647  0.865  -21.315  47.079 0.0000000000
59200  22.870  -26.162  31.176 0.0000000000
60545  25.384  -25.333  32.868 0.0000000000
61868  25.959  -25.234  33.239 0.0000000000
61859  26.943  -25.337  34.447 0.0000000000
122505  19.575  -22.791  38.396 0.0000000000
122681  13.741  -21.374  36.801 0.0000000000
65492  9.814  -22.165  34.561 0.0000000000
65479  8.605  -22.319  35.554 0.0000000000
64323  18.263  -22.438  33.239 0.0000000000
122565  19.322  -23.097  37.918 0.0000000000
123948  54.965  -19.893  9.977 0.0000000000
123952  54.465  -19.942  10.553 0.0000000000
124010  53.853  -18.891  13.391 0.0000000000
124012  53.434  -18.705  14.082 0.0000000000
124031  52.962  -18.595  14.623 0.0000000000
65690  44.210  -21.815  14.668 0.0000000000
64492  28.361  -22.033  14.639 0.0000000000
64491  29.315  -22.382  14.237 0.0000000000
62127  32.212  -24.043  15.014 0.0000000000
63178  27.033  -23.604  30.353 0.0000000000
63456  51.829  -23.283  2.390 0.0000000000
63429  51.811  -23.108  2.890 0.0000000000
63426  54.074  -24.005  3.901 0.0000000000
59706  58.258  -26.195  -2.546 0.0000000000
59705  58.306  -26.618  -1.976 0.0000000000
59688  57.651  -26.651  -1.603 0.0000000000
57245  60.558  -27.526  0.890 0.0000000000
58409  59.569  -27.391  0.775 0.0000000000
58401  59.907  -26.763  0.917 0.0000000000
59635  59.335  -26.716  1.612 0.0000000000
60945  59.658  -25.832  1.894 0.0000000000
62267  58.422  -24.577  2.769 0.0000000000
60536  22.822  -25.164  34.212 0.0000000000
61862  23.954  -24.423  35.094 0.0000000000
63135  24.916  -24.118  36.945 0.0000000000
63125  25.620  -24.038  37.427 0.0000000000
122510  26.261  -23.929  38.088 0.0000000000
61775  27.105  -24.383  39.170 0.0000000000
122599  26.199  -22.721  40.358 0.0000000000
64229  27.033  -23.044  40.553 0.0000000000
64241  26.904  -23.566  40.294 0.0000000000
122694  12.161  -18.920  40.684 0.0000000000
71232  12.264  -17.622  41.896 0.0000000000
71214  12.465  -17.433  43.200 0.0000000000
70030  11.789  -17.810  43.244 0.0000000000
72444  13.424  -16.296  44.603 0.0000000000
72438  13.689  -16.257  45.562 0.0000000000
70025  9.953  -18.205  43.987 0.0000000000
72446  11.198  -17.593  45.275 0.0000000000
72440  11.470  -16.805  45.784 0.0000000000
70018  11.184  -17.437  46.396 0.0000000000
71194  11.569  -16.991  46.505 0.0000000000
71193  12.315  -16.803  46.667 0.0000000000
65797  49.611  -21.361  7.735 0.0000000000
65768  41.246  -21.703  9.651 0.0000000000
64532  42.342  -22.217  11.444 0.0000000000
65633  25.105  -21.730  19.714 0.0000000000
65632  25.933  -22.065  19.444 0.0000000000
64439  26.788  -22.237  19.514 0.0000000000
123781  32.028  -22.402  36.118 0.0000000000
123780  32.853  -22.128  36.644 0.0000000000
65901  50.183  -21.826  2.218 0.0000000000
64643  50.210  -22.291  3.127 0.0000000000
64625  50.002  -22.181  3.576 0.0000000000
67869  4.176  -20.447  43.512 0.0000000000
123410  4.997  -19.840  45.357 0.0000000000
65394  2.288  -21.505  43.569 0.0000000000
66675  2.617  -20.601  44.342 0.0000000000
66660  2.957  -20.361  44.719 0.0000000000
67849  3.739  -20.122  45.738 0.0000000000
65806  41.777  -21.724  7.808 0.0000000000
65787  41.405  -21.690  8.723 0.0000000000
66972  37.964  -20.824  10.795 0.0000000000
66960  39.437  -20.983  11.762 0.0000000000
66954  38.963  -20.958  12.232 0.0000000000
64516  38.103  -22.453  13.218 0.0000000000
61925  24.864  -24.740  27.129 0.0000000000
60599  25.029  -24.854  27.847 0.0000000000
61916  25.458  -24.674  28.856 0.0000000000
61917  22.440  -25.146  28.030 0.0000000000
60568  24.634  -25.363  30.177 0.0000000000
60578  24.605  -25.220  29.184 0.0000000000
61906  25.053  -24.852  29.136 0.0000000000
61905  25.517  -24.686  29.502 0.0000000000
63173  26.849  -24.033  30.654 0.0000000000
65514  27.135  -21.797  32.334 0.0000000000
64328  26.762  -23.069  33.017 0.0000000000
65501  26.669  -21.790  33.198 0.0000000000
64317  27.886  -22.344  33.513 0.0000000000
123771  28.832  -22.275  34.511 0.0000000000
65477  29.412  -22.244  35.300 0.0000000000
65463  30.543  -22.170  36.096 0.0000000000
60523  24.050  -25.196  34.485 0.0000000000
60522  24.745  -25.408  34.298 0.0000000000
61860  25.631  -25.383  34.522 0.0000000000
61793  28.759  -25.316  38.908 0.0000000000
61813  29.325  -25.111  38.204 0.0000000000
60477  28.143  -25.500  37.172 0.0000000000
60507  28.225  -25.323  36.256 0.0000000000
61847  27.902  -25.227  35.302 0.0000000000
61857  28.118  -24.979  35.041 0.0000000000
63143  28.240  -24.470  34.834 0.0000000000
63133  28.820  -23.976  35.178 0.0000000000
64282  29.362  -23.279  35.861 0.0000000000
63113  30.814  -23.593  37.218 0.0000000000
64271  30.404  -23.226  36.816 0.0000000000
64281  29.691  -22.854  36.185 0.0000000000
64280  30.203  -22.467  36.339 0.0000000000
65449  31.001  -22.509  36.717 0.0000000000
65448  31.220  -22.392  36.596 0.0000000000
66651  23.266  -20.870  45.259 0.0000000000
122381  23.036  -22.252  42.635 0.0000000000
122407  18.953  -21.482  38.295 0.0000000000
122537  18.622  -20.967  38.266 0.0000000000
122467  18.702  -21.198  38.304 0.0000000000
122409  18.709  -21.444  38.329 0.0000000000
122406  18.215  -21.497  38.323 0.0000000000
65438  16.335  -21.296  38.615 0.0000000000
122699  12.986  -21.191  38.360 0.0000000000
122632  16.410  -20.046  37.255 0.0000000000
122591  15.940  -20.816  36.640 0.0000000000
122654  14.642  -20.913  37.222 0.0000000000
64277  11.033  -22.049  37.687 0.0000000000
66690  10.594  -20.379  41.116 0.0000000000
65409  10.214  -20.737  41.421 0.0000000000
66687  9.709  -20.056  41.477 0.0000000000
64256  9.501  -22.049  40.416 0.0000000000
64244  9.722  -22.098  40.997 0.0000000000
65410  9.622  -21.177  41.649 0.0000000000
65412  8.035  -21.827  42.320 0.0000000000
65445  5.703  -22.125  39.460 0.0000000000
123433  4.818  -22.954  41.782 0.0000000000
123450  4.734  -22.860  41.379 0.0000000000
61890  21.572  -24.797  32.440 0.0000000000
61869  22.691  -24.601  34.627 0.0000000000
122539  22.711  -24.050  35.234 0.0000000000
122551  24.577  -21.057  42.846 0.0000000000
123418  7.717  -18.997  45.603 0.0000000000
67858  9.606  -19.552  45.289 0.0000000000
123946  55.057  -18.545  13.214 0.0000000000
70358  52.689  -19.080  14.190 0.0000000000
69210  52.604  -17.920  15.903 0.0000000000
65846  45.610  -21.036  5.871 0.0000000000
66993  45.856  -20.970  8.042 0.0000000000
67006  46.613  -20.953  8.343 0.0000000000
64494  48.528  -21.463  13.067 0.0000000000
64478  45.499  -22.338  15.299 0.0000000000
64497  45.642  -22.523  13.669 0.0000000000
64512  46.263  -22.510  12.770 0.0000000000
64495  47.278  -22.325  13.843 0.0000000000
65663  47.451  -21.233  15.800 0.0000000000
65677  47.658  -21.829  15.241 0.0000000000
66910  48.319  -20.237  16.221 0.0000000000
64536  34.396  -22.339  11.683 0.0000000000
63343  31.627  -23.247  12.692 0.0000000000
64534  36.053  -22.419  12.119 0.0000000000
65583  25.548  -22.193  22.833 0.0000000000
65582  26.203  -22.224  22.889 0.0000000000
65599  26.073  -21.691  22.087 0.0000000000
65616  26.686  -21.633  21.322 0.0000000000
123875  27.721  -22.029  19.857 0.0000000000
63316  32.882  -24.068  14.771 0.0000000000
62114  34.451  -24.893  16.232 0.0000000000
63305  33.666  -24.561  16.012 0.0000000000
63326  36.588  -24.355  13.950 0.0000000000
60970  55.513  -26.189  1.597 0.0000000000
60971  55.151  -26.266  1.638 0.0000000000
62235  58.160  -23.842  3.407 0.0000000000
63404  55.969  -22.573  4.564 0.0000000000
62236  57.391  -24.080  3.817 0.0000000000
64620  58.750  -22.091  3.716 0.0000000000
65880  59.356  -21.252  4.105 0.0000000000
65835  58.427  -20.381  7.167 0.0000000000
56118  60.430  -28.357  0.974 0.0000000000
56119  59.962  -28.778  0.903 0.0000000000
57244  60.628  -27.485  1.093 0.0000000000
58400  60.136  -26.701  0.972 0.0000000000
58408  60.389  -27.041  0.776 0.0000000000
58417  60.677  -27.184  1.035 0.0000000000
59201  22.235  -26.025  31.418 0.0000000000
59634  59.913  -26.510  1.326 0.0000000000
59638  54.849  -26.275  1.671 0.0000000000
60443  28.975  -25.345  39.367 0.0000000000
60444  28.373  -25.327  39.419 0.0000000000
60445  27.872  -25.255  39.553 0.0000000000
60476  28.416  -25.384  37.112 0.0000000000
60478  27.572  -25.481  37.197 0.0000000000
60491  28.367  -25.389  36.817 0.0000000000
60493  27.170  -25.464  36.701 0.0000000000
60508  27.727  -25.467  35.944 0.0000000000
60509  26.985  -25.523  35.889 0.0000000000
60510  26.435  -25.438  36.081 0.0000000000
60520  27.472  -25.394  35.391 0.0000000000
60525  23.010  -24.752  34.617 0.0000000000
60601  23.860  -25.315  27.833 0.0000000000
60968  60.611  -25.683  2.033 0.0000000000
61829  26.994  -25.291  37.602 0.0000000000
61831  26.182  -24.831  37.235 0.0000000000
61836  29.329  -24.609  36.426 0.0000000000
61839  26.257  -25.164  36.727 0.0000000000
61846  28.370  -24.909  35.557 0.0000000000
61858  27.708  -25.093  34.794 0.0000000000
61875  27.121  -24.411  32.166 0.0000000000
62209  59.419  -23.615  3.895 0.0000000000
62210  59.255  -23.338  3.530 0.0000000000
62265  60.133  -24.871  3.038 0.0000000000
62288  60.210  -25.227  2.456 0.0000000000
63070  27.173  -23.753  40.695 0.0000000000
63085  26.855  -24.106  39.392 0.0000000000
63104  31.053  -23.469  37.773 0.0000000000
63114  30.248  -23.672  36.827 0.0000000000
63115  26.567  -24.924  37.792 0.0000000000
63116  26.346  -24.489  37.775 0.0000000000
63124  29.285  -23.618  35.617 0.0000000000
63156  27.112  -23.641  32.770 0.0000000000
63164  27.371  -23.812  32.123 0.0000000000
63165  27.112  -23.118  32.414 0.0000000000
63401  59.724  -23.063  3.908 0.0000000000
63402  59.255  -23.034  3.828 0.0000000000
63422  59.149  -23.091  3.367 0.0000000000
63451  60.637  -24.318  3.342 0.0000000000
63452  59.167  -23.375  2.955 0.0000000000
64179  1.355  -22.564  46.071 0.0000000000
64196  1.044  -23.036  45.765 0.0000000000
64233  8.872  -22.258  41.358 0.0000000000
64245  9.108  -22.287  40.824 0.0000000000
64257  9.323  -22.205  40.485 0.0000000000
64320  26.236  -22.573  33.262 0.0000000000
64327  27.025  -21.683  32.837 0.0000000000
64329  26.147  -22.397  32.505 0.0000000000
64335  27.358  -22.870  31.847 0.0000000000
64337  26.170  -22.299  32.050 0.0000000000
64431  26.491  -21.901  20.312 0.0000000000
64440  26.328  -22.134  19.831 0.0000000000
64475  47.406  -22.205  15.054 0.0000000000
64600  59.371  -22.766  3.791 0.0000000000
64640  58.976  -22.889  3.297 0.0000000000
64707  56.980  -22.513  -3.246 0.0000000000
65360  0.877  -21.930  46.720 0.0000000000
65390  26.530  -21.171  43.153 0.0000000000
65417  10.660  -21.232  41.099 0.0000000000
65418  10.141  -21.511  41.260 0.0000000000
65437  16.992  -21.496  38.280 0.0000000000
65488  29.094  -22.201  34.822 0.0000000000
65502  26.094  -21.900  33.078 0.0000000000
65503  25.860  -22.175  32.613 0.0000000000
65515  26.653  -21.681  32.443 0.0000000000
65516  26.316  -22.261  32.237 0.0000000000
65517  25.844  -22.099  32.165 0.0000000000
65525  27.137  -21.948  31.946 0.0000000000
65526  26.701  -22.130  31.917 0.0000000000
65527  26.045  -22.059  31.722 0.0000000000
65528  25.880  -22.063  31.858 0.0000000000
65714  47.792  -21.945  12.868 0.0000000000
65745  46.959  -22.339  10.320 0.0000000000
66682  2.345  -20.997  44.008 0.0000000000
66685  4.033  -21.758  42.948 0.0000000000
66686  10.214  -19.904  41.289 0.0000000000
66689  10.858  -19.886  40.955 0.0000000000
66694  10.189  -21.195  40.165 0.0000000000
66705  17.702  -21.013  38.426 0.0000000000
66991  46.551  -21.107  8.632 0.0000000000
67007  46.279  -20.829  7.954 0.0000000000
67008  45.931  -20.955  7.726 0.0000000000
67852  23.567  -20.255  44.787 0.0000000000
67854  22.809  -20.901  44.718 0.0000000000
67862  3.014  -20.378  45.111 0.0000000000
67864  23.077  -21.522  44.238 0.0000000000
67872  9.674  -19.312  41.938 0.0000000000
67875  10.492  -19.288  41.448 0.0000000000
67877  9.600  -19.590  41.733 0.0000000000
68981  11.873  -18.227  46.444 0.0000000000
68990  11.461  -17.785  46.468 0.0000000000
69004  9.958  -18.860  42.584 0.0000000000
69009  11.009  -18.208  42.183 0.0000000000
69010  10.665  -18.455  42.013 0.0000000000
69011  10.094  -18.926  42.140 0.0000000000
69016  10.840  -18.695  41.547 0.0000000000
70008  12.609  -17.991  46.558 0.0000000000
70032  10.318  -18.350  43.596 0.0000000000
70040  10.729  -18.487  43.035 0.0000000000
70045  11.138  -18.118  41.771 0.0000000000
70055  11.076  -18.370  41.535 0.0000000000
71198  11.764  -16.706  46.241 0.0000000000
71206  10.379  -18.168  44.604 0.0000000000
71221  12.334  -17.593  42.273 0.0000000000
72443  13.944  -16.771  43.655 0.0000000000
72462  13.401  -17.638  42.433 0.0000000000
122383  22.727  -22.231  43.000 0.0000000000
122387  22.246  -23.376  39.681 0.0000000000
122408  18.483  -21.379  38.343 0.0000000000
122439  22.686  -21.942  43.442 0.0000000000
122472  22.746  -22.039  43.668 0.0000000000
122509  26.443  -24.155  38.131 0.0000000000
122555  20.194  -23.437  37.201 0.0000000000
122590  15.992  -20.688  36.809 0.0000000000
122622  15.833  -20.398  36.806 0.0000000000
122623  13.497  -21.366  36.872 0.0000000000
122643  13.156  -21.354  37.296 0.0000000000
122655  16.042  -20.756  36.524 0.0000000000
122670  11.251  -19.051  41.071 0.0000000000
122682  15.800  -20.810  37.002 0.0000000000
122683  16.000  -20.544  37.120 0.0000000000
122684  15.889  -20.599  37.261 0.0000000000
122696  11.901  -17.766  41.571 0.0000000000
122700  12.884  -17.830  41.909 0.0000000000
122701  12.501  -17.669  41.901 0.0000000000
122716  12.785  -17.508  42.437 0.0000000000
122999  60.688  -26.130  1.914 0.0000000000
123000  60.639  -26.892  1.372 0.0000000000
123029  58.776  -27.007  -2.564 0.0000000000
123030  58.741  -26.795  -2.870 0.0000000000
123403  6.204  -20.852  45.249 0.0000000000
123429  5.264  -22.729  41.789 0.0000000000
123434  5.001  -22.857  41.565 0.0000000000
123435  5.115  -22.716  41.437 0.0000000000
123436  7.572  -21.921  42.342 0.0000000000
123438  9.157  -18.452  43.588 0.0000000000
123538  26.863  -24.402  31.402 0.0000000000
123774  27.175  -22.419  32.105 0.0000000000
123795  31.671  -22.295  36.765 0.0000000000
123806  27.202  -23.791  30.814 0.0000000000
123845  24.976  -22.347  23.443 0.0000000000
123859  27.874  -21.687  21.989 0.0000000000
124032  53.086  -18.989  14.164 0.0000000000
124059  49.119  -21.253  12.244 0.0000000000
