#!ascii label  , from subject sub-NDARAG610XL4 vox2ras=TkReg
649
61565  21.201  -25.503  -39.326 0.2500000000
61564  21.850  -25.649  -40.020 0.2500000000
60202  21.535  -26.206  -39.425 0.7500000000
65231  20.590  -23.020  -39.895 0.2500000000
64087  21.099  -23.628  -40.040 0.1250000000
64106  21.249  -23.444  -40.625 0.3750000000
62919  21.568  -24.180  -39.948 0.2500000000
62891  21.163  -24.411  -39.299 0.2500000000
62890  21.605  -24.834  -39.765 0.3750000000
60201  22.144  -26.845  -39.614 0.8750000000
60200  22.551  -27.298  -40.039 0.8750000000
64086  21.481  -23.857  -40.474 0.3750000000
62918  21.852  -24.530  -40.512 0.3750000000
61583  22.732  -26.129  -41.038 1.0000000000
61584  22.422  -25.322  -40.908 0.8750000000
60219  22.415  -26.175  -40.406 0.8750000000
58952  22.925  -27.709  -40.210 1.0000000000
65255  20.812  -22.787  -40.725 0.2500000000
62933  22.345  -24.376  -41.251 0.8750000000
60235  23.195  -26.651  -41.504 1.0000000000
61598  22.957  -25.479  -41.720 1.0000000000
58968  23.785  -27.493  -41.252 1.0000000000
58969  23.212  -27.303  -40.841 1.0000000000
58951  23.466  -27.767  -40.696 1.0000000000
65256  20.327  -22.556  -40.244 0.1250000000
64105  21.690  -23.499  -41.220 0.6250000000
64104  22.419  -23.726  -41.586 1.0000000000
61599  22.728  -24.865  -41.397 1.0000000000
60234  24.181  -26.756  -41.923 1.0000000000
57790  25.683  -28.513  -40.748 1.0000000000
57805  24.256  -27.854  -40.977 1.0000000000
68816  20.120  -19.610  -41.443 0.2500000000
65254  21.337  -22.347  -41.615 0.3750000000
65277  21.893  -22.883  -42.164 1.0000000000
64119  22.140  -23.398  -41.810 1.0000000000
62931  23.862  -24.841  -41.977 1.0000000000
62932  22.981  -24.298  -41.869 1.0000000000
62930  24.272  -25.252  -42.258 1.0000000000
60233  25.297  -26.655  -42.012 1.0000000000
58949  25.476  -27.927  -41.033 1.0000000000
60232  26.277  -26.915  -41.958 1.0000000000
58966  25.838  -27.499  -41.401 1.0000000000
67674  20.472  -20.598  -41.393 0.3750000000
66501  20.616  -21.587  -41.412 0.5000000000
67698  20.780  -20.821  -41.821 0.5000000000
66525  21.746  -21.659  -42.475 0.8750000000
66524  22.383  -21.907  -42.789 1.0000000000
62947  23.714  -24.022  -42.473 1.0000000000
62948  23.252  -23.658  -42.246 1.0000000000
60248  25.369  -25.944  -42.665 1.0000000000
60247  26.028  -26.263  -42.629 1.0000000000
58965  26.834  -27.516  -41.369 0.8750000000
68817  18.831  -18.838  -41.581 0.5000000000
68815  20.674  -20.252  -41.633 0.5000000000
67716  21.426  -20.459  -42.662 0.6250000000
65275  23.170  -22.512  -42.915 1.0000000000
61621  25.622  -24.932  -43.283 1.0000000000
62959  25.004  -24.287  -43.671 1.0000000000
61622  25.139  -24.785  -43.446 1.0000000000
64116  24.109  -23.634  -43.079 1.0000000000
61620  26.012  -24.952  -42.977 1.0000000000
61612  25.144  -25.346  -43.074 1.0000000000
61610  26.440  -25.345  -42.562 0.8750000000
61611  25.777  -25.500  -42.943 1.0000000000
60246  26.899  -26.386  -42.203 0.8750000000
68859  20.753  -19.508  -42.786 0.5000000000
67733  21.609  -20.087  -43.416 0.8750000000
66543  24.105  -21.966  -43.861 1.0000000000
66545  22.753  -21.693  -43.235 1.0000000000
62958  25.531  -24.364  -43.551 1.0000000000
64134  25.323  -23.264  -43.950 1.0000000000
64129  23.985  -23.011  -43.378 1.0000000000
65290  25.730  -23.313  -43.717 1.0000000000
61609  27.329  -25.347  -42.052 1.0000000000
62945  26.396  -24.623  -42.866 1.0000000000
64126  25.957  -23.805  -43.546 1.0000000000
62944  27.076  -24.487  -42.653 1.0000000000
124520  19.585  -18.642  -42.542 0.5000000000
66562  25.442  -21.526  -44.257 1.0000000000
66564  23.550  -21.010  -43.821 1.0000000000
66565  22.633  -20.608  -43.578 1.0000000000
65303  26.871  -22.369  -44.101 1.0000000000
65304  25.754  -22.518  -43.802 1.0000000000
65288  27.322  -22.989  -43.535 1.0000000000
65289  26.413  -23.130  -43.666 1.0000000000
64115  27.262  -23.852  -43.234 1.0000000000
64114  27.798  -23.883  -42.857 0.8750000000
69939  22.611  -17.871  -45.323 1.0000000000
71072  20.426  -16.982  -43.012 0.3750000000
69938  23.305  -18.317  -45.460 0.8750000000
67751  24.823  -20.020  -45.070 1.0000000000
66561  26.419  -21.535  -44.464 1.0000000000
71137  23.918  -17.558  -46.033 0.8750000000
69959  24.003  -18.305  -46.073 1.0000000000
68895  24.076  -18.881  -45.904 1.0000000000
67728  25.963  -20.694  -44.985 1.0000000000
66560  27.319  -21.513  -44.442 1.0000000000
72359  23.476  -16.887  -45.676 0.7500000000
68910  24.642  -18.868  -46.411 1.0000000000
67762  25.941  -19.746  -46.487 1.0000000000
67727  26.997  -20.575  -45.184 1.0000000000
67749  26.258  -20.078  -45.962 1.0000000000
69957  25.186  -18.279  -46.685 1.0000000000
68909  25.453  -19.289  -46.541 1.0000000000
74622  27.657  -14.792  -46.549 0.1250000000
75838  28.058  -13.448  -47.343 0.1250000000
74604  28.538  -14.767  -46.757 0.2500000000
74621  28.368  -14.295  -47.274 0.1250000000
73544  28.529  -15.183  -46.163 0.5000000000
74603  29.198  -14.105  -46.643 0.2500000000
74589  29.792  -14.175  -45.929 0.3750000000
74634  28.991  -13.386  -48.066 0.2500000000
75836  29.867  -13.652  -47.108 0.2500000000
75835  30.202  -13.606  -47.479 0.2500000000
75813  30.302  -13.779  -45.870 0.2500000000
74588  30.287  -14.323  -45.524 0.3750000000
75812  30.815  -13.578  -45.656 0.2500000000
57791  24.651  -28.455  -40.639 1.0000000000
66546  21.976  -20.858  -43.236 0.8750000000
61544  20.486  -25.124  -38.462 0.1250000000
58933  22.300  -27.797  -39.100 0.7500000000
57794  22.697  -28.227  -39.261 1.0000000000
57793  23.087  -28.287  -39.658 1.0000000000
57771  24.270  -28.889  -40.010 1.0000000000
56681  25.568  -29.274  -40.215 1.0000000000
66502  19.987  -22.013  -40.561 0.3750000000
68794  19.608  -20.005  -40.676 0.2500000000
67675  19.951  -20.792  -40.769 0.2500000000
57803  26.306  -27.861  -41.145 0.8750000000
60245  27.483  -26.177  -41.720 0.8750000000
58980  27.157  -26.971  -41.855 0.8750000000
61608  28.111  -25.199  -41.984 0.8750000000
72315  19.826  -16.253  -42.641 0.1250000000
71073  19.733  -17.011  -42.326 0.1250000000
124522  19.238  -18.806  -42.880 0.3750000000
68875  21.338  -19.329  -43.959 0.6250000000
65272  27.562  -23.387  -43.063 1.0000000000
62943  27.924  -24.597  -42.376 0.8750000000
71116  22.088  -17.383  -45.269 0.5000000000
71115  23.004  -17.410  -45.593 0.8750000000
71093  21.088  -17.429  -43.778 0.3750000000
69915  22.208  -18.366  -44.648 0.8750000000
65302  27.660  -22.202  -44.067 1.0000000000
66559  27.763  -21.527  -43.782 1.0000000000
69958  24.500  -18.162  -46.370 1.0000000000
71136  24.903  -17.391  -46.548 0.8750000000
69955  26.948  -18.316  -46.645 1.0000000000
68907  27.209  -19.082  -46.320 1.0000000000
67748  26.819  -19.980  -45.751 1.0000000000
75829  27.652  -13.699  -46.457 0.1250000000
74623  27.227  -15.755  -46.068 0.1250000000
72388  27.384  -16.145  -46.042 0.6250000000
73557  28.050  -15.252  -46.463 0.6250000000
73532  28.740  -15.364  -45.584 0.5000000000
73531  29.525  -15.126  -45.336 0.5000000000
74620  29.442  -13.503  -47.634 0.2500000000
74587  30.953  -14.542  -45.556 0.5000000000
75834  30.908  -14.131  -47.834 0.1250000000
75828  30.642  -13.624  -46.665 0.2500000000
124327  32.349  -13.693  -45.139 0.2500000000
74586  31.444  -14.782  -45.507 0.3750000000
124332  31.103  -13.117  -46.213 0.1250000000
58932  22.477  -27.563  -39.738 1.0000000000
60218  22.750  -26.890  -40.520 1.0000000000
57792  23.649  -28.327  -40.283 1.0000000000
57806  23.910  -28.010  -40.826 1.0000000000
58967  24.800  -27.555  -41.228 1.0000000000
61597  23.902  -25.782  -41.852 1.0000000000
58950  25.141  -28.076  -40.853 1.0000000000
64118  22.702  -23.324  -42.117 1.0000000000
61596  24.666  -25.771  -42.393 1.0000000000
66500  21.226  -21.706  -41.819 0.6250000000
67697  21.156  -20.897  -42.221 0.6250000000
65276  22.668  -22.382  -42.644 1.0000000000
65293  22.975  -22.288  -43.078 1.0000000000
62946  24.466  -24.651  -42.993 1.0000000000
64117  23.521  -23.022  -42.640 1.0000000000
65292  23.435  -22.446  -43.322 1.0000000000
62957  26.117  -24.396  -43.287 1.0000000000
64127  25.359  -23.796  -43.810 1.0000000000
65305  24.906  -22.451  -44.112 1.0000000000
66544  23.708  -21.872  -43.739 1.0000000000
64135  25.156  -22.984  -44.089 1.0000000000
65291  24.160  -22.425  -43.809 1.0000000000
64128  24.640  -23.473  -43.851 1.0000000000
64125  26.671  -23.773  -43.483 1.0000000000
62956  26.711  -24.241  -43.149 1.0000000000
124521  19.512  -18.620  -42.876 0.6250000000
67732  22.112  -20.118  -44.066 0.7500000000
67731  23.086  -20.202  -44.340 1.0000000000
66563  24.416  -21.521  -44.033 1.0000000000
67730  24.169  -20.352  -44.551 1.0000000000
67729  25.097  -20.611  -44.634 1.0000000000
71092  21.593  -17.740  -44.451 0.7500000000
68874  22.579  -19.360  -44.442 1.0000000000
68872  24.425  -19.758  -45.029 1.0000000000
68894  24.742  -19.528  -45.738 1.0000000000
67750  25.426  -20.081  -45.563 1.0000000000
68908  26.392  -19.285  -46.551 1.0000000000
68892  26.803  -19.657  -46.117 1.0000000000
69956  26.028  -18.361  -46.813 1.0000000000
74605  27.760  -14.843  -45.835 0.1250000000
73558  27.528  -15.297  -46.046 0.3750000000
73543  29.048  -14.656  -45.842 0.5000000000
75811  31.408  -14.074  -45.243 0.2500000000
61545  19.909  -24.787  -38.120 0.1250000000
60183  21.117  -26.715  -38.606 0.6250000000
60182  21.874  -27.253  -38.930 0.7500000000
58953  22.649  -27.940  -39.617 1.0000000000
124528  19.831  -17.703  -42.565 0.5000000000
124523  20.273  -18.772  -43.073 0.6250000000
124526  20.619  -18.074  -43.497 0.7500000000
69916  20.972  -18.365  -43.837 0.8750000000
69914  22.967  -18.838  -44.863 1.0000000000
69954  27.758  -18.326  -46.326 1.0000000000
68890  28.104  -19.145  -45.288 1.0000000000
73559  26.889  -16.249  -46.128 0.3750000000
72387  27.775  -15.745  -45.735 0.7500000000
74573  31.876  -14.644  -45.328 0.2500000000
54206  21.982  -31.242  -36.963 0.7500000000
54169  23.508  -31.232  -35.930 0.7500000000
55516  21.082  -30.473  -37.068 0.7500000000
56617  21.402  -30.045  -37.669 0.7500000000
55490  23.668  -30.947  -36.620 0.7500000000
54205  22.385  -31.186  -37.164 0.7500000000
55542  22.119  -30.467  -37.797 0.7500000000
56644  21.821  -29.856  -38.040 0.7500000000
55513  23.417  -30.850  -37.422 0.7500000000
55541  22.665  -30.343  -38.004 0.7500000000
57748  21.992  -28.621  -38.446 0.7500000000
58913  21.697  -27.667  -38.589 0.6250000000
56643  22.697  -29.521  -38.592 0.7500000000
57747  22.523  -28.821  -38.761 0.8750000000
55512  24.693  -30.837  -37.538 0.7500000000
55540  23.568  -30.449  -38.452 0.7500000000
57773  22.971  -28.891  -39.100 0.8750000000
55539  24.764  -30.825  -38.344 0.7500000000
55560  24.096  -30.506  -38.890 0.7500000000
56668  23.650  -29.805  -39.166 0.8750000000
55558  25.367  -30.127  -38.986 0.7500000000
56667  24.557  -29.556  -39.466 0.8750000000
56665  26.325  -29.644  -39.209 0.8750000000
56666  25.431  -29.643  -39.490 0.8750000000
56663  28.208  -29.183  -39.417 0.3750000000
57770  27.864  -28.986  -39.826 0.6250000000
56679  27.006  -28.860  -40.254 0.7500000000
56662  28.595  -28.878  -39.404 0.5000000000
57769  28.231  -28.653  -39.761 0.5000000000
57787  28.234  -28.002  -40.158 0.7500000000
58948  27.124  -27.990  -40.726 0.7500000000
57746  29.862  -28.518  -38.717 0.1250000000
57768  29.032  -28.319  -39.662 0.3750000000
58947  27.638  -27.712  -40.769 0.6250000000
58964  27.660  -26.902  -41.362 0.6250000000
58911  30.299  -27.344  -38.449 0.1250000000
58931  29.903  -27.470  -39.256 0.1250000000
58945  29.238  -27.294  -40.080 0.1250000000
60216  29.889  -26.455  -39.835 0.1250000000
60229  28.481  -26.198  -40.851 0.6250000000
61595  27.857  -25.623  -41.631 0.7500000000
60199  30.215  -26.699  -39.257 0.1250000000
61580  30.520  -25.529  -39.772 0.1250000000
61581  29.752  -25.563  -40.534 0.1250000000
61593  29.323  -25.295  -41.164 0.5000000000
61594  28.558  -25.423  -41.378 0.6250000000
62929  28.588  -24.617  -41.926 0.7500000000
60198  30.592  -26.367  -38.752 0.1250000000
62928  29.178  -24.701  -41.485 0.5000000000
72376  25.518  -16.852  -46.312 0.5000000000
71135  25.690  -17.558  -46.733 0.7500000000
64102  28.983  -23.779  -41.558 0.6250000000
65271  27.888  -22.793  -42.557 0.6250000000
64101  29.362  -23.192  -41.304 0.5000000000
65251  28.488  -23.271  -42.021 0.6250000000
65250  28.816  -22.654  -41.710 0.6250000000
65270  28.374  -22.240  -42.129 0.7500000000
71144  25.563  -17.141  -46.619 0.7500000000
65287  27.701  -22.197  -43.526 0.8750000000
67726  27.662  -20.539  -44.263 0.8750000000
66518  28.163  -21.878  -42.339 0.7500000000
67712  28.099  -20.401  -43.061 0.8750000000
68870  28.376  -19.405  -44.214 0.8750000000
65249  29.767  -22.658  -41.182 0.3750000000
66494  29.445  -21.757  -41.560 0.5000000000
67690  28.288  -21.157  -42.358 0.6250000000
66469  30.929  -22.340  -40.595 0.2500000000
66517  28.695  -21.679  -41.981 0.5000000000
71142  26.357  -16.924  -46.505 0.6250000000
71143  25.991  -17.098  -46.597 0.7500000000
71134  26.565  -17.325  -46.636 0.7500000000
68891  27.355  -19.622  -45.687 0.8750000000
67667  29.750  -21.203  -41.408 0.5000000000
67711  28.977  -20.035  -42.782 0.7500000000
66493  30.335  -21.822  -40.956 0.2500000000
72390  26.227  -16.814  -46.326 0.6250000000
71133  27.608  -17.383  -46.322 0.8750000000
69937  28.444  -18.217  -45.678 0.8750000000
71132  28.084  -17.802  -46.125 0.7500000000
69913  28.599  -18.623  -44.918 0.8750000000
68869  29.528  -19.293  -43.933 0.7500000000
67665  30.930  -20.279  -41.279 0.2500000000
67688  30.249  -19.953  -41.774 0.5000000000
67689  29.252  -20.550  -42.098 0.5000000000
66492  31.011  -21.089  -40.898 0.2500000000
72389  26.866  -16.486  -46.324 0.5000000000
72373  27.670  -16.492  -45.830 0.6250000000
71114  27.935  -16.957  -45.882 0.7500000000
71113  28.291  -17.243  -45.742 0.7500000000
71112  29.179  -17.318  -45.248 0.7500000000
71111  29.645  -17.839  -45.208 0.7500000000
69936  29.161  -18.128  -45.100 0.7500000000
69912  29.299  -18.713  -44.607 0.7500000000
69911  30.188  -18.469  -44.312 0.7500000000
68853  30.177  -18.598  -42.887 0.5000000000
68868  30.235  -19.008  -43.596 0.6250000000
68831  29.907  -19.500  -42.352 0.3750000000
68830  30.537  -18.771  -41.995 0.3750000000
72372  28.125  -15.863  -45.452 0.6250000000
72356  29.377  -16.202  -45.091 0.7500000000
71091  29.623  -17.151  -44.901 0.7500000000
71090  29.934  -17.448  -44.647 0.7500000000
71071  30.292  -17.420  -43.770 0.6250000000
69900  31.105  -17.981  -42.987 0.3750000000
69901  30.307  -18.084  -43.420 0.3750000000
67687  30.965  -19.319  -41.379 0.1250000000
68829  31.168  -18.505  -41.927 0.1250000000
68852  30.832  -18.298  -42.510 0.2500000000
72357  28.751  -16.249  -45.385 0.6250000000
71070  31.004  -17.460  -43.353 0.3750000000
69935  29.813  -18.257  -45.015 0.7500000000
69899  31.862  -18.016  -42.705 0.2500000000
68806  33.926  -19.194  -41.380 0.1250000000
69853  32.860  -18.205  -41.816 0.1250000000
68807  33.022  -19.024  -41.213 0.1250000000
73512  30.121  -15.478  -44.890 0.6250000000
72339  30.158  -16.343  -44.416 0.3750000000
72338  30.777  -16.456  -44.081 0.3750000000
71068  33.160  -17.285  -43.118 0.2500000000
72312  30.871  -17.021  -43.631 0.3750000000
71037  32.905  -17.959  -42.089 0.1250000000
71069  32.094  -17.525  -43.050 0.3750000000
71038  32.571  -18.074  -42.113 0.1250000000
73529  31.132  -15.189  -45.331 0.3750000000
72337  31.949  -16.139  -44.185 0.3750000000
73511  30.644  -15.598  -44.705 0.3750000000
72310  32.508  -16.638  -43.475 0.3750000000
72311  31.518  -16.832  -43.549 0.3750000000
69876  34.348  -18.199  -42.547 0.1250000000
71055  33.081  -17.760  -42.500 0.1250000000
68827  34.641  -19.073  -42.296 0.1250000000
73510  31.449  -15.617  -44.786 0.2500000000
72336  32.919  -15.911  -44.096 0.2500000000
72309  33.454  -16.598  -43.610 0.1250000000
71067  34.104  -17.396  -43.313 0.1250000000
69910  35.710  -18.438  -44.318 0.1250000000
73528  31.713  -15.195  -45.369 0.3750000000
72308  34.175  -16.589  -43.796 0.1250000000
72334  34.837  -16.088  -44.230 0.1250000000
71089  34.622  -17.029  -43.823 0.1250000000
71088  35.270  -17.347  -44.120 0.1250000000
72333  35.991  -16.388  -44.711 0.1250000000
71110  35.720  -17.540  -45.006 0.1250000000
72355  36.057  -16.967  -45.305 0.1250000000
68889  36.563  -19.269  -45.430 0.1250000000
68867  36.109  -19.440  -44.700 0.1250000000
57772  23.696  -28.904  -39.582 0.8750000000
66540  27.824  -21.628  -42.898 0.8750000000
72374  27.262  -16.746  -46.344 0.6250000000
68854  29.547  -19.489  -42.996 0.5000000000
69898  34.666  -17.833  -43.069 0.1250000000
69934  36.107  -18.471  -45.174 0.1250000000
58946  28.337  -27.069  -40.505 0.5000000000
58963  28.110  -26.585  -40.999 0.6250000000
64079  29.447  -24.234  -41.220 0.3750000000
64078  29.947  -23.721  -40.891 0.3750000000
65225  30.577  -22.807  -40.554 0.2500000000
68855  28.839  -19.616  -43.339 0.7500000000
54170  22.529  -31.556  -35.734 0.7500000000
54189  21.093  -31.162  -36.082 0.7500000000
56618  20.927  -29.888  -37.419 0.7500000000
54150  23.551  -31.745  -34.927 0.7500000000
54187  22.495  -31.352  -36.546 0.7500000000
54168  24.236  -30.979  -35.681 0.7500000000
58914  20.956  -28.016  -38.149 0.6250000000
55489  24.362  -30.728  -36.719 0.6250000000
54203  25.033  -31.073  -37.882 0.7500000000
54222  25.215  -31.171  -38.023 0.6250000000
55537  26.251  -30.490  -38.434 0.6250000000
56641  26.566  -29.935  -38.498 0.5000000000
56615  27.774  -29.850  -38.264 0.3750000000
56640  27.177  -29.729  -38.423 0.5000000000
56638  29.003  -29.442  -39.111 0.1250000000
57745  30.141  -27.989  -38.507 0.1250000000
58896  30.586  -27.301  -37.316 0.1250000000
60178  31.281  -26.365  -37.808 0.1250000000
60197  31.161  -26.196  -38.279 0.1250000000
61557  30.843  -25.786  -39.184 0.1250000000
61579  31.209  -25.370  -39.354 0.1250000000
62910  30.480  -24.701  -40.426 0.1250000000
66468  31.390  -21.978  -40.533 0.1250000000
66491  31.297  -20.358  -40.942 0.1250000000
67664  31.546  -19.810  -41.027 0.1250000000
68782  33.710  -19.533  -40.810 0.1250000000
68805  34.777  -19.640  -41.562 0.1250000000
69875  34.751  -18.888  -42.757 0.1250000000
68851  35.574  -19.533  -43.758 0.1250000000
73508  33.352  -15.203  -44.508 0.2500000000
73506  35.715  -14.749  -44.401 0.1250000000
71109  36.389  -17.586  -45.365 0.1250000000
69933  36.802  -18.452  -45.585 0.1250000000
69953  37.128  -18.801  -45.838 0.1250000000
57804  25.973  -28.081  -41.083 0.7500000000
64103  28.387  -23.837  -42.326 0.7500000000
72360  22.708  -16.656  -45.505 0.3750000000
68871  27.823  -19.962  -45.036 0.8750000000
56682  24.850  -29.294  -40.081 0.8750000000
57774  22.519  -28.416  -38.891 0.7500000000
57789  26.610  -28.321  -40.731 0.7500000000
60230  28.006  -26.148  -41.306 0.6250000000
65301  27.816  -22.017  -43.881 0.8750000000
68906  27.934  -19.008  -46.048 0.8750000000
73530  30.444  -15.076  -45.300 0.3750000000
74572  33.236  -14.413  -44.853 0.1250000000
73509  32.443  -15.234  -44.997 0.2500000000
55515  21.643  -30.666  -37.378 0.7500000000
54188  21.590  -31.225  -36.514 0.7500000000
54186  23.059  -31.233  -36.873 0.7500000000
55472  24.097  -30.864  -36.144 0.7500000000
57749  21.159  -29.178  -38.000 0.7500000000
54204  22.826  -31.132  -37.321 0.7500000000
56642  23.162  -29.861  -38.876 0.8750000000
55559  24.641  -30.321  -38.988 0.7500000000
55538  25.416  -30.702  -38.558 0.7500000000
55557  25.852  -29.968  -39.002 0.7500000000
56680  26.453  -29.096  -40.225 0.7500000000
55535  28.536  -29.998  -38.511 0.2500000000
56639  28.141  -29.683  -38.753 0.5000000000
56664  27.353  -29.271  -39.583 0.6250000000
57788  27.538  -28.542  -40.294 0.7500000000
56614  29.553  -29.474  -38.100 0.1250000000
57786  28.757  -27.738  -40.205 0.3750000000
58930  30.256  -26.982  -38.948 0.1250000000
60179  30.668  -26.603  -37.974 0.1250000000
60217  29.112  -26.388  -40.431 0.5000000000
60215  30.430  -26.181  -39.395 0.1250000000
61582  29.035  -25.760  -40.856 0.5000000000
62911  29.773  -24.728  -41.065 0.1250000000
67666  30.196  -20.801  -41.362 0.3750000000
69879  31.414  -18.228  -42.521 0.3750000000
67686  31.379  -18.964  -41.340 0.1250000000
69878  32.042  -18.226  -42.154 0.1250000000
68828  32.124  -18.845  -41.579 0.1250000000
71056  32.432  -17.948  -42.448 0.2500000000
69852  33.564  -18.284  -41.871 0.1250000000
69851  34.268  -18.854  -41.896 0.1250000000
69877  33.700  -17.911  -42.367 0.1250000000
69897  35.098  -18.409  -43.296 0.1250000000
71054  33.692  -17.692  -42.756 0.1250000000
72335  33.838  -15.830  -44.105 0.2500000000
71066  34.827  -17.545  -43.443 0.1250000000
72332  36.508  -16.167  -44.941 0.1250000000
54171  21.591  -31.560  -35.591 0.7500000000
54220  25.892  -31.021  -38.293 0.6250000000
55536  26.720  -30.096  -38.147 0.5000000000
62909  31.217  -24.786  -39.727 0.1250000000
62881  31.812  -25.087  -39.280 0.1250000000
55473  20.497  -30.652  -35.975 0.7500000000
56601  20.364  -29.398  -36.890 0.5000000000
54151  22.483  -31.957  -34.793 0.6250000000
54128  23.485  -31.760  -33.867 0.6250000000
54127  24.489  -31.541  -33.943 0.3750000000
54148  25.800  -31.238  -34.589 0.2500000000
54149  24.633  -31.247  -34.984 0.3750000000
56616  27.573  -29.936  -37.973 0.3750000000
73560  26.448  -16.581  -46.153 0.2500000000
55470  25.795  -31.094  -35.763 0.5000000000
54185  25.599  -31.339  -37.053 0.5000000000
54202  25.500  -31.246  -37.557 0.3750000000
54097  25.378  -31.530  -33.065 0.5000000000
55510  26.604  -30.897  -37.811 0.5000000000
54129  22.418  -31.735  -33.761 0.6250000000
57720  19.912  -28.684  -36.577 0.3750000000
55474  20.099  -30.403  -35.896 0.3750000000
54172  20.656  -31.171  -35.637 0.6250000000
54098  24.466  -31.501  -32.927 0.3750000000
57731  20.178  -28.494  -37.063 0.2500000000
54126  25.453  -31.442  -33.854 0.2500000000
54184  26.211  -31.631  -36.696 0.3750000000
54200  26.830  -31.164  -37.599 0.2500000000
55509  27.159  -30.513  -37.613 0.2500000000
68818  18.793  -18.517  -42.193 0.2500000000
55508  28.205  -30.096  -37.954 0.2500000000
124524  20.109  -18.367  -42.939 0.3750000000
124527  19.273  -18.589  -42.821 0.2500000000
72361  22.010  -16.430  -45.076 0.2500000000
55488  25.420  -30.979  -36.673 0.5000000000
55492  20.663  -30.505  -36.489 0.5000000000
55471  24.847  -30.946  -35.880 0.5000000000
55485  28.117  -30.721  -37.036 0.2500000000
57730  20.491  -28.720  -37.465 0.3750000000
58901  20.452  -28.066  -37.697 0.3750000000
54201  26.278  -31.291  -37.763 0.2500000000
54125  26.475  -31.620  -33.474 0.2500000000
55455  25.366  -31.096  -35.264 0.3750000000
55487  25.900  -31.277  -36.325 0.3750000000
52850  25.372  -32.106  -32.354 0.3750000000
56602  20.065  -29.797  -36.363 0.3750000000
54152  21.320  -31.795  -34.637 0.6250000000
52851  24.521  -32.128  -32.196 0.3750000000
54099  23.443  -31.723  -32.670 0.5000000000
54166  26.648  -31.191  -35.578 0.2500000000
54183  27.282  -31.619  -37.149 0.2500000000
66475  19.338  -21.390  -39.873 0.1250000000
54131  20.623  -32.182  -33.606 0.5000000000
52852  23.969  -32.148  -32.008 0.2500000000
52826  23.325  -32.303  -31.689 0.3750000000
54076  22.860  -31.828  -32.298 0.5000000000
54130  21.448  -31.878  -33.628 0.5000000000
54102  20.361  -31.977  -33.007 0.3750000000
54154  19.826  -31.654  -34.560 0.5000000000
52876  20.721  -31.846  -34.515 0.5000000000
52869  20.198  -32.208  -34.176 0.5000000000
54173  19.987  -30.984  -35.153 0.3750000000
54153  20.462  -31.616  -34.857 0.5000000000
54104  18.566  -31.745  -32.853 0.1250000000
54103  19.490  -31.814  -32.994 0.3750000000
55475  19.378  -30.365  -35.384 0.2500000000
51525  19.081  -33.142  -31.074 0.1250000000
52855  19.333  -32.241  -32.375 0.2500000000
52828  21.167  -32.431  -31.814 0.3750000000
52827  22.259  -32.446  -31.486 0.3750000000
54078  21.764  -32.175  -32.007 0.5000000000
52856  18.373  -32.367  -32.351 0.1250000000
52854  20.216  -32.225  -32.417 0.3750000000
52853  20.779  -32.187  -32.496 0.3750000000
54133  18.676  -31.363  -33.588 0.1250000000
55456  18.885  -30.421  -34.807 0.1250000000
54100  22.293  -31.717  -32.852 0.5000000000
56587  19.528  -29.404  -35.776 0.2500000000
52825  24.388  -32.668  -31.622 0.2500000000
54101  21.329  -31.983  -32.679 0.5000000000
54132  19.630  -32.082  -33.860 0.5000000000
54077  22.302  -31.965  -32.115 0.3750000000
54155  19.074  -31.224  -34.361 0.1250000000
54174  19.362  -30.986  -34.923 0.1250000000
52830  19.201  -32.793  -31.795 0.1250000000
52829  20.130  -32.535  -31.719 0.3750000000
51521  22.992  -33.159  -30.987 0.2500000000
51523  20.892  -33.043  -31.134 0.2500000000
51522  21.919  -33.024  -30.656 0.2500000000
58915  20.419  -27.677  -37.854 0.2500000000
51524  19.986  -33.149  -31.205 0.1250000000
60170  20.178  -27.081  -37.935 0.1250000000
72377  24.405  -16.862  -45.855 0.1250000000
73548  24.433  -17.006  -44.842 0.1250000000
73546  26.285  -16.881  -45.835 0.1250000000
74608  25.131  -17.673  -44.221 0.1250000000
73547  25.315  -17.435  -45.372 0.1250000000
73545  26.716  -16.654  -45.738 0.1250000000
73534  22.494  -16.017  -45.238 0.1250000000
74607  26.311  -17.904  -44.492 0.1250000000
74592  26.765  -16.966  -43.285 0.1250000000
73535  22.183  -16.026  -45.019 0.1250000000
69885  18.461  -18.105  -42.245 0.1250000000
60150  19.821  -26.780  -37.059 0.1250000000
71075  18.379  -17.178  -42.221 0.1250000000
73491  20.622  -15.271  -43.676 0.1250000000
73514  22.825  -15.740  -44.940 0.1250000000
74576  23.236  -15.931  -44.660 0.1250000000
75819  23.896  -17.112  -43.316 0.1250000000
74606  27.151  -16.961  -45.093 0.1250000000
72340  21.466  -16.497  -44.339 0.1250000000
58902  20.055  -27.873  -37.284 0.1250000000
71057  18.948  -17.880  -42.460 0.1250000000
60184  20.645  -27.368  -38.134 0.1250000000
60169  20.358  -26.100  -37.706 0.1250000000
73533  23.409  -16.304  -45.159 0.1250000000
74595  23.978  -16.525  -44.164 0.1250000000
74594  24.687  -17.460  -43.762 0.1250000000
75804  23.266  -16.519  -43.151 0.1250000000
74591  28.420  -15.871  -44.859 0.1250000000
52849  26.328  -32.079  -32.615 0.1250000000
54096  25.934  -31.611  -33.206 0.1250000000
54147  26.734  -31.258  -34.438 0.1250000000
54165  27.418  -31.594  -35.935 0.1250000000
54145  28.437  -31.418  -35.030 0.1250000000
54144  29.035  -30.914  -35.367 0.1250000000
54182  27.777  -31.238  -36.872 0.1250000000
54163  28.783  -30.777  -36.037 0.1250000000
55468  28.784  -30.756  -36.550 0.1250000000
51520  24.046  -33.257  -31.036 0.1250000000
52824  25.223  -32.722  -31.675 0.1250000000
52823  26.084  -32.790  -31.820 0.1250000000
52848  27.424  -32.271  -32.518 0.1250000000
54124  27.570  -31.691  -33.400 0.1250000000
54146  27.596  -31.383  -34.701 0.1250000000
54123  28.575  -31.591  -33.800 0.1250000000
55484  29.265  -30.303  -37.317 0.1250000000
55467  29.411  -30.409  -36.037 0.1250000000
55507  28.979  -30.095  -38.409 0.1250000000
52866  27.080  -31.839  -33.012 0.1250000000
54164  28.238  -31.267  -36.277 0.1250000000
51519  24.957  -33.453  -31.197 0.1250000000
52867  26.828  -31.938  -32.867 0.1250000000
55453  29.794  -30.344  -34.859 0.1250000000
51494  23.617  -33.932  -30.470 0.1250000000
51493  24.605  -34.186  -30.705 0.1250000000
52822  27.018  -32.791  -31.793 0.1250000000
55466  30.050  -29.912  -35.589 0.1250000000
52868  20.779  -32.072  -34.199 0.5000000000
52870  19.850  -32.090  -34.255 0.5000000000
52877  20.334  -31.943  -34.462 0.5000000000
52878  20.035  -32.052  -34.410 0.5000000000
54167  26.168  -31.064  -35.088 0.2500000000
54221  25.519  -31.128  -38.125 0.6250000000
55454  25.782  -31.096  -35.166 0.3750000000
55469  26.172  -31.262  -36.127 0.2500000000
55486  27.589  -31.091  -37.154 0.2500000000
55491  21.223  -30.735  -36.879 0.7500000000
55493  20.255  -30.241  -36.259 0.5000000000
55511  25.384  -31.015  -37.233 0.5000000000
55514  22.484  -30.840  -37.573 0.7500000000
55534  28.698  -29.959  -38.818 0.2500000000
56645  21.318  -29.733  -37.774 0.7500000000
56669  23.066  -29.507  -38.971 0.8750000000
57719  20.244  -28.804  -36.985 0.2500000000
58912  30.051  -27.859  -38.749 0.1250000000
58979  27.290  -26.629  -41.809 0.7500000000
60231  26.802  -27.019  -41.948 0.8750000000
66526  21.123  -21.307  -41.918 0.6250000000
66566  22.024  -20.468  -43.653 1.0000000000
67763  25.675  -19.838  -46.198 1.0000000000
68839  20.865  -20.206  -42.091 0.5000000000
68840  19.055  -18.560  -42.622 0.3750000000
68873  23.737  -19.341  -44.954 1.0000000000
68888  36.909  -19.075  -45.830 0.1250000000
68893  25.341  -19.706  -46.062 1.0000000000
68911  24.302  -18.580  -46.244 1.0000000000
71074  19.037  -17.310  -42.091 0.5000000000
71117  21.664  -17.093  -44.599 0.5000000000
72313  20.821  -16.571  -43.804 0.1250000000
72341  21.039  -15.826  -44.104 0.1250000000
72358  28.090  -16.586  -45.566 0.7500000000
72375  25.982  -16.821  -46.245 0.5000000000
72391  25.801  -16.993  -46.536 0.6250000000
73493  19.441  -15.771  -42.296 0.1250000000
73513  23.233  -15.861  -45.000 0.1250000000
75837  28.672  -13.245  -47.806 0.2500000000
124525  20.446  -17.798  -43.158 0.5000000000
