#!ascii label  , from subject sub-NDARAG610XL4 vox2ras=TkReg
331
13453  26.259  -67.179  -3.607 0.0000000000
4806  20.829  -78.070  -4.032 0.0000000000
10926  29.573  -72.259  -4.618 0.0000000000
9227  24.571  -72.281  -4.518 0.0000000000
4818  27.270  -78.230  -4.550 0.0000000000
6195  29.729  -75.265  -5.334 0.0000000000
6090  27.358  -76.667  -1.002 0.0000000000
6920  22.617  -75.135  -4.293 0.0000000000
10097  20.343  -71.170  -3.840 0.0000000000
12601  28.676  -69.562  -4.808 0.0000000000
9239  27.846  -72.581  -5.518 0.0000000000
6916  26.444  -75.352  -5.238 0.0000000000
5456  25.032  -77.832  -4.050 0.0000000000
3709  24.856  -79.876  -4.164 0.0000000000
14352  25.571  -66.131  -1.595 0.0000000000
12531  29.107  -68.881  -1.702 0.0000000000
10877  32.187  -71.421  -2.442 0.0000000000
12564  21.524  -68.509  -3.040 0.0000000000
6848  27.288  -75.495  -2.129 0.0000000000
6886  22.096  -76.152  -3.582 0.0000000000
7646  20.621  -74.700  -4.596 0.0000000000
11738  29.582  -70.660  -4.314 0.0000000000
119020  29.021  -71.766  -5.536 0.0000000000
5452  28.765  -76.710  -4.683 0.0000000000
6939  28.253  -75.514  -6.094 0.0000000000
5492  27.412  -76.975  -5.853 0.0000000000
6177  25.870  -76.512  -4.886 0.0000000000
5454  26.461  -77.624  -4.841 0.0000000000
4291  24.556  -79.632  -4.733 0.0000000000
11686  30.143  -69.889  -0.871 0.0000000000
11697  30.303  -69.766  -1.785 0.0000000000
10859  31.701  -70.879  -0.652 0.0000000000
10929  24.772  -71.008  -4.243 0.0000000000
10914  22.999  -70.331  -3.633 0.0000000000
10931  18.435  -70.560  -4.170 0.0000000000
12567  18.870  -68.726  -3.734 0.0000000000
10090  29.251  -73.693  -4.434 0.0000000000
119009  29.422  -73.793  -4.932 0.0000000000
119015  28.501  -75.431  -3.774 0.0000000000
6135  28.756  -76.205  -3.337 0.0000000000
4785  27.518  -77.366  -2.821 0.0000000000
8420  23.660  -73.796  -4.638 0.0000000000
9220  22.078  -72.102  -3.819 0.0000000000
8404  21.210  -73.264  -4.342 0.0000000000
9232  19.782  -72.481  -4.533 0.0000000000
4296  21.162  -79.374  -6.097 0.0000000000
13475  27.532  -67.871  -4.041 0.0000000000
10927  26.362  -70.644  -4.832 0.0000000000
9241  25.865  -72.401  -4.936 0.0000000000
8436  28.908  -73.945  -6.108 0.0000000000
8416  27.442  -73.433  -5.374 0.0000000000
7608  25.399  -73.508  -4.679 0.0000000000
6918  24.196  -75.126  -4.696 0.0000000000
6898  23.703  -75.718  -3.722 0.0000000000
5443  22.938  -77.618  -3.380 0.0000000000
4257  25.855  -78.691  -3.720 0.0000000000
4820  25.339  -78.400  -4.206 0.0000000000
4843  24.239  -78.819  -4.679 0.0000000000
4270  22.469  -79.206  -5.071 0.0000000000
16157  25.298  -65.067  -2.648 0.0000000000
15228  26.134  -66.018  -2.834 0.0000000000
13421  26.817  -67.354  -1.493 0.0000000000
13433  27.784  -67.180  -2.889 0.0000000000
12557  28.813  -68.661  -3.444 0.0000000000
10910  30.384  -70.431  -3.398 0.0000000000
10909  30.446  -71.683  -3.967 0.0000000000
9201  31.313  -72.583  -2.437 0.0000000000
10089  30.541  -72.234  -3.001 0.0000000000
10916  20.895  -70.384  -3.461 0.0000000000
14381  25.636  -66.300  -3.451 0.0000000000
14382  24.745  -66.258  -3.562 0.0000000000
5445  20.938  -77.478  -3.629 0.0000000000
6901  20.526  -75.907  -3.937 0.0000000000
119017  29.334  -71.784  -5.189 0.0000000000
5453  28.329  -77.743  -4.568 0.0000000000
5469  28.378  -77.323  -5.406 0.0000000000
4841  27.723  -78.051  -5.217 0.0000000000
3733  24.281  -80.423  -6.091 0.0000000000
10879  30.898  -70.335  -1.350 0.0000000000
10101  24.218  -71.430  -4.143 0.0000000000
10093  24.019  -71.054  -3.919 0.0000000000
10102  23.791  -71.609  -4.014 0.0000000000
12589  17.616  -68.759  -4.770 0.0000000000
6880  28.448  -74.868  -4.265 0.0000000000
6830  27.625  -75.871  -1.622 0.0000000000
6829  28.150  -75.914  -2.167 0.0000000000
6105  28.070  -76.399  -1.932 0.0000000000
5420  28.043  -76.894  -2.302 0.0000000000
5407  27.504  -76.866  -1.536 0.0000000000
7628  23.433  -74.497  -4.718 0.0000000000
8403  22.146  -73.207  -4.415 0.0000000000
8422  21.694  -73.963  -4.725 0.0000000000
7613  19.976  -73.784  -4.565 0.0000000000
8424  19.119  -73.268  -5.105 0.0000000000
9233  18.984  -72.199  -4.679 0.0000000000
12584  28.243  -68.590  -4.227 0.0000000000
12585  27.360  -68.567  -4.408 0.0000000000
11739  27.906  -69.360  -4.817 0.0000000000
10112  26.457  -71.536  -5.199 0.0000000000
9240  26.916  -72.486  -5.301 0.0000000000
6914  29.431  -74.486  -5.056 0.0000000000
7642  29.295  -74.213  -5.932 0.0000000000
6936  29.524  -74.744  -5.621 0.0000000000
6915  27.648  -75.412  -5.762 0.0000000000
7624  27.919  -74.336  -5.694 0.0000000000
7625  26.983  -74.367  -5.232 0.0000000000
8417  26.454  -73.350  -5.048 0.0000000000
7626  25.732  -74.133  -4.792 0.0000000000
7627  24.432  -74.191  -4.672 0.0000000000
6917  25.265  -75.204  -4.754 0.0000000000
6159  24.888  -76.836  -4.005 0.0000000000
6160  24.475  -75.904  -3.909 0.0000000000
6883  24.289  -76.630  -3.600 0.0000000000
6145  23.367  -76.961  -3.324 0.0000000000
5433  24.254  -78.119  -2.814 0.0000000000
3242  23.773  -80.623  -3.287 0.0000000000
3697  24.688  -80.081  -3.448 0.0000000000
3696  25.208  -79.292  -3.350 0.0000000000
4267  25.245  -79.133  -4.158 0.0000000000
4292  24.243  -79.341  -5.189 0.0000000000
4269  24.515  -78.898  -4.677 0.0000000000
4844  23.745  -78.921  -4.962 0.0000000000
4823  23.049  -78.838  -4.391 0.0000000000
4845  23.174  -79.118  -5.212 0.0000000000
16141  24.654  -64.705  -2.224 0.0000000000
15217  25.506  -65.513  -2.244 0.0000000000
14367  25.845  -66.060  -2.028 0.0000000000
11688  28.713  -68.996  -1.145 0.0000000000
12533  27.363  -67.982  -1.334 0.0000000000
12532  28.254  -68.397  -1.570 0.0000000000
13420  27.619  -67.630  -2.039 0.0000000000
12539  28.281  -68.082  -2.667 0.0000000000
12558  28.139  -67.947  -3.466 0.0000000000
12538  29.077  -68.701  -2.494 0.0000000000
10896  30.915  -70.291  -2.407 0.0000000000
11713  30.293  -69.792  -2.664 0.0000000000
10895  31.380  -70.981  -3.084 0.0000000000
10894  31.435  -71.934  -3.397 0.0000000000
10060  30.044  -72.443  -1.649 0.0000000000
9213  30.349  -72.949  -2.470 0.0000000000
10096  21.626  -71.420  -3.815 0.0000000000
13461  19.119  -68.156  -3.694 0.0000000000
6899  22.649  -75.495  -3.859 0.0000000000
7630  21.498  -74.584  -4.493 0.0000000000
12600  29.119  -69.958  -4.637 0.0000000000
119018  29.180  -70.972  -4.995 0.0000000000
10110  28.325  -71.861  -5.680 0.0000000000
5468  29.155  -76.468  -5.592 0.0000000000
6196  29.602  -75.733  -5.860 0.0000000000
5490  28.739  -76.561  -6.004 0.0000000000
6199  27.702  -76.610  -5.863 0.0000000000
6176  27.189  -76.319  -5.731 0.0000000000
5472  26.228  -77.228  -4.937 0.0000000000
5455  25.734  -77.470  -4.484 0.0000000000
3722  24.422  -80.196  -5.000 0.0000000000
4311  24.375  -79.911  -6.013 0.0000000000
11687  29.440  -69.426  -1.211 0.0000000000
11698  29.696  -69.312  -2.205 0.0000000000
10858  32.351  -70.951  -1.629 0.0000000000
11718  23.314  -69.345  -3.506 0.0000000000
11719  22.260  -69.406  -3.381 0.0000000000
10930  19.087  -70.622  -4.008 0.0000000000
10918  19.235  -70.186  -3.746 0.0000000000
11723  18.627  -69.673  -3.811 0.0000000000
12588  18.216  -68.775  -4.210 0.0000000000
119012  29.436  -73.578  -4.887 0.0000000000
6896  29.336  -74.857  -4.767 0.0000000000
6142  28.899  -75.303  -4.466 0.0000000000
119004  28.535  -75.671  -3.229 0.0000000000
6143  28.685  -75.956  -4.024 0.0000000000
5439  28.610  -76.481  -3.701 0.0000000000
5440  28.323  -77.330  -3.716 0.0000000000
8401  24.184  -73.239  -4.591 0.0000000000
9228  23.555  -72.144  -4.031 0.0000000000
8402  23.128  -73.115  -4.493 0.0000000000
9230  21.587  -72.447  -4.068 0.0000000000
10103  20.880  -71.915  -4.005 0.0000000000
8423  20.830  -73.906  -4.529 0.0000000000
8405  20.343  -73.308  -4.473 0.0000000000
10104  20.229  -71.874  -4.279 0.0000000000
10105  19.319  -71.407  -4.269 0.0000000000
10932  17.461  -70.580  -4.615 0.0000000000
4846  21.431  -79.051  -5.004 0.0000000000
13452  27.013  -67.244  -3.659 0.0000000000
13476  26.798  -67.821  -4.101 0.0000000000
10100  25.219  -71.607  -4.610 0.0000000000
9226  25.196  -72.315  -4.711 0.0000000000
9238  28.463  -72.659  -5.585 0.0000000000
7643  28.915  -74.673  -6.195 0.0000000000
7623  28.524  -74.272  -6.040 0.0000000000
8418  25.747  -73.270  -4.724 0.0000000000
8400  25.142  -72.955  -4.650 0.0000000000
8419  24.085  -73.762  -4.613 0.0000000000
6178  24.821  -75.837  -4.440 0.0000000000
6179  24.116  -75.504  -4.246 0.0000000000
6919  23.278  -75.223  -4.410 0.0000000000
6885  23.011  -76.174  -3.364 0.0000000000
6146  22.465  -76.866  -3.341 0.0000000000
5444  21.939  -77.585  -3.440 0.0000000000
4778  26.483  -77.579  -1.899 0.0000000000
3235  24.169  -80.309  -2.739 0.0000000000
4787  26.102  -78.379  -3.455 0.0000000000
4801  26.389  -78.423  -3.733 0.0000000000
4819  26.293  -78.300  -4.338 0.0000000000
4268  24.813  -78.990  -4.573 0.0000000000
4821  24.596  -78.481  -4.175 0.0000000000
4802  24.176  -78.326  -3.622 0.0000000000
4803  23.567  -78.265  -3.475 0.0000000000
4804  22.460  -78.308  -3.726 0.0000000000
4824  21.948  -78.875  -4.420 0.0000000000
4295  21.808  -79.368  -5.734 0.0000000000
16143  22.945  -63.312  -2.749 0.0000000000
16142  23.420  -63.875  -2.395 0.0000000000
16159  24.217  -64.445  -3.142 0.0000000000
16158  25.132  -64.806  -3.008 0.0000000000
15229  25.730  -65.558  -3.011 0.0000000000
14380  26.442  -66.520  -3.148 0.0000000000
12520  27.380  -68.481  -0.540 0.0000000000
13435  26.532  -66.864  -1.920 0.0000000000
13434  27.058  -66.971  -2.267 0.0000000000
14365  27.109  -66.704  -2.861 0.0000000000
14379  27.261  -66.898  -3.292 0.0000000000
13451  27.629  -67.419  -3.513 0.0000000000
13474  27.913  -67.927  -3.855 0.0000000000
12583  29.135  -69.404  -4.230 0.0000000000
11714  29.663  -69.603  -3.332 0.0000000000
10908  30.262  -72.159  -3.533 0.0000000000
10095  22.646  -71.131  -3.808 0.0000000000
10915  21.951  -70.360  -3.548 0.0000000000
11720  21.254  -69.460  -3.163 0.0000000000
11721  20.261  -69.466  -3.268 0.0000000000
12565  20.559  -68.435  -3.022 0.0000000000
4250  25.562  -78.354  -3.149 0.0000000000
4271  21.893  -79.261  -5.000 0.0000000000
4290  24.840  -79.684  -4.356 0.0000000000
4293  23.629  -79.366  -5.736 0.0000000000
4316  20.833  -79.204  -6.437 0.0000000000
4788  24.156  -78.268  -3.098 0.0000000000
4789  23.961  -78.191  -2.886 0.0000000000
4799  27.648  -78.108  -3.847 0.0000000000
4800  26.881  -78.363  -3.925 0.0000000000
4805  21.476  -78.222  -3.837 0.0000000000
4817  27.888  -78.192  -4.677 0.0000000000
4822  23.909  -78.601  -4.231 0.0000000000
4825  21.065  -78.499  -4.539 0.0000000000
4840  28.182  -78.019  -5.067 0.0000000000
4842  26.998  -77.925  -5.097 0.0000000000
4847  20.623  -78.874  -5.535 0.0000000000
5391  27.271  -76.891  -0.952 0.0000000000
5406  28.178  -76.560  -2.147 0.0000000000
5419  28.416  -76.533  -2.444 0.0000000000
5430  28.575  -76.555  -2.835 0.0000000000
5431  28.326  -76.998  -2.999 0.0000000000
5432  23.877  -78.197  -3.235 0.0000000000
5441  24.598  -77.953  -3.185 0.0000000000
5442  23.832  -77.715  -2.867 0.0000000000
5470  27.544  -77.489  -5.604 0.0000000000
5471  26.781  -77.216  -5.388 0.0000000000
5489  29.292  -76.271  -6.077 0.0000000000
5491  28.000  -76.877  -5.837 0.0000000000
6091  27.178  -76.712  -0.750 0.0000000000
6106  27.547  -76.480  -1.340 0.0000000000
6122  28.660  -76.033  -2.751 0.0000000000
6134  28.709  -75.895  -3.687 0.0000000000
6144  24.131  -77.094  -3.375 0.0000000000
6147  21.573  -76.807  -3.426 0.0000000000
6148  20.893  -76.637  -3.589 0.0000000000
6156  29.346  -75.311  -4.677 0.0000000000
6157  29.106  -75.832  -4.527 0.0000000000
6158  25.495  -76.953  -4.499 0.0000000000
6173  29.601  -75.291  -4.869 0.0000000000
6174  29.671  -76.011  -5.107 0.0000000000
6175  27.680  -76.002  -5.897 0.0000000000
6197  29.094  -75.935  -6.354 0.0000000000
6198  28.140  -76.120  -6.066 0.0000000000
6847  27.839  -75.519  -2.631 0.0000000000
6865  27.960  -75.154  -3.544 0.0000000000
6884  23.820  -76.424  -3.435 0.0000000000
6887  21.317  -76.175  -3.634 0.0000000000
6897  24.296  -76.239  -3.638 0.0000000000
6937  29.273  -75.144  -6.098 0.0000000000
6938  28.731  -75.420  -6.238 0.0000000000
6940  20.835  -74.846  -4.566 0.0000000000
6941  20.631  -74.965  -4.626 0.0000000000
7609  24.973  -73.622  -4.660 0.0000000000
7610  22.206  -75.108  -4.156 0.0000000000
7611  21.743  -74.940  -4.267 0.0000000000
7612  20.354  -73.823  -4.519 0.0000000000
7629  22.393  -74.675  -4.529 0.0000000000
7631  20.295  -74.269  -4.592 0.0000000000
7644  28.383  -74.966  -6.018 0.0000000000
7645  20.985  -74.647  -4.537 0.0000000000
8406  19.631  -73.298  -4.718 0.0000000000
8414  28.705  -73.008  -5.498 0.0000000000
8415  28.383  -73.470  -5.659 0.0000000000
8421  22.736  -73.874  -4.699 0.0000000000
8434  28.926  -72.453  -5.570 0.0000000000
8437  21.156  -74.295  -4.573 0.0000000000
8438  20.774  -74.367  -4.555 0.0000000000
9218  23.114  -71.606  -3.771 0.0000000000
9219  22.600  -71.854  -3.751 0.0000000000
9229  22.521  -72.507  -4.067 0.0000000000
9231  20.668  -72.557  -4.268 0.0000000000
9242  19.243  -72.757  -4.886 0.0000000000
10094  23.580  -71.230  -3.867 0.0000000000
10098  19.579  -70.743  -3.857 0.0000000000
10106  18.104  -71.605  -4.760 0.0000000000
10113  25.848  -71.688  -4.930 0.0000000000
10878  31.697  -70.721  -1.969 0.0000000000
10911  29.868  -70.242  -3.664 0.0000000000
10913  24.188  -70.437  -3.893 0.0000000000
10917  19.949  -70.251  -3.589 0.0000000000
10919  18.831  -70.270  -3.892 0.0000000000
10937  27.085  -70.771  -5.354 0.0000000000
11668  29.934  -70.106  -0.422 0.0000000000
11722  19.407  -69.497  -3.536 0.0000000000
11743  17.791  -69.645  -4.255 0.0000000000
11754  28.978  -70.369  -4.976 0.0000000000
12540  21.335  -68.023  -2.869 0.0000000000
12566  19.600  -68.649  -3.382 0.0000000000
13406  26.849  -67.904  -0.863 0.0000000000
13422  25.961  -66.789  -1.478 0.0000000000
13480  17.991  -68.229  -4.650 0.0000000000
14351  25.923  -66.329  -1.877 0.0000000000
14364  27.481  -66.861  -3.082 0.0000000000
14366  26.235  -66.372  -2.374 0.0000000000
14378  27.603  -67.029  -3.230 0.0000000000
15216  25.939  -65.825  -2.654 0.0000000000
15218  25.007  -65.219  -1.846 0.0000000000
16140  25.191  -65.047  -2.417 0.0000000000
119019  28.785  -71.786  -5.631 0.0000000000
