#!ascii label  , from subject sub-NDARAG610XL4 vox2ras=TkReg
513
48653  20.428  -35.451  -28.550 0.1428571492
47561  19.751  -36.101  -28.218 0.1428571492
50039  20.567  -34.252  -29.658 0.1428571492
48635  21.354  -35.907  -27.901 0.1428571492
48679  21.385  -34.935  -29.454 0.2857142985
50012  19.663  -34.894  -28.849 0.1428571492
48652  21.633  -35.729  -28.418 0.1428571492
50096  21.350  -33.432  -30.580 0.5714285970
48694  22.284  -35.058  -30.129 0.1428571492
50068  24.083  -34.795  -29.940 0.2857142985
50069  23.004  -34.549  -30.233 0.2857142985
51493  24.605  -34.186  -30.705 0.1428571492
52824  25.223  -32.722  -31.675 0.2857142985
51519  24.957  -33.453  -31.197 0.2857142985
52849  26.328  -32.079  -32.615 0.2857142985
52823  26.084  -32.790  -31.820 0.2857142985
52866  27.080  -31.839  -33.012 0.2857142985
54125  26.475  -31.620  -33.474 0.2857142985
54146  27.596  -31.383  -34.701 0.2857142985
54164  28.238  -31.267  -36.277 0.8571428657
54145  28.437  -31.418  -35.030 0.4285714328
54124  27.570  -31.691  -33.400 0.2857142985
55484  29.265  -30.303  -37.317 0.7142857313
55467  29.411  -30.409  -36.037 0.7142857313
54163  28.783  -30.777  -36.037 0.7142857313
56598  30.156  -29.607  -37.381 0.8571428657
55507  28.979  -30.095  -38.409 0.8571428657
55468  28.784  -30.756  -36.550 0.7142857313
55485  28.117  -30.721  -37.036 0.7142857313
57728  30.321  -28.111  -37.999 0.4285714328
57729  30.136  -28.887  -37.743 0.7142857313
56614  29.553  -29.474  -38.100 0.8571428657
60178  31.281  -26.365  -37.808 0.2857142985
60198  30.592  -26.367  -38.752 0.5714285970
57745  30.141  -27.989  -38.507 0.8571428657
58911  30.299  -27.344  -38.449 0.7142857313
57746  29.862  -28.518  -38.717 0.8571428657
61556  31.686  -25.715  -38.752 0.1428571492
61536  31.768  -26.166  -38.135 0.1428571492
60197  31.161  -26.196  -38.279 0.4285714328
58930  30.256  -26.982  -38.948 0.5714285970
58931  29.903  -27.470  -39.256 0.8571428657
64055  32.071  -24.464  -39.539 0.1428571492
61555  32.296  -25.429  -38.496 0.1428571492
62881  31.812  -25.087  -39.280 0.1428571492
61557  30.843  -25.786  -39.184 0.4285714328
64054  32.781  -23.538  -39.151 0.1428571492
62879  33.923  -23.890  -38.047 0.1428571492
62909  31.217  -24.786  -39.727 0.4285714328
61580  30.520  -25.529  -39.772 0.5714285970
60215  30.430  -26.181  -39.395 0.7142857313
58945  29.238  -27.294  -40.080 0.8571428657
64076  32.116  -23.080  -39.920 0.1428571492
64077  31.386  -23.743  -40.165 0.1428571492
62910  30.480  -24.701  -40.426 0.5714285970
60216  29.889  -26.455  -39.835 0.8571428657
60217  29.112  -26.388  -40.431 0.8571428657
65223  32.430  -22.321  -39.513 0.1428571492
65224  31.494  -22.715  -40.288 0.2857142985
65225  30.577  -22.807  -40.554 0.8571428657
62911  29.773  -24.728  -41.065 0.8571428657
66468  31.390  -21.978  -40.533 0.1428571492
66467  32.134  -21.135  -40.103 0.1428571492
66469  30.929  -22.340  -40.595 0.4285714328
65249  29.767  -22.658  -41.182 0.8571428657
64101  29.362  -23.192  -41.304 0.8571428657
64079  29.447  -24.234  -41.220 0.8571428657
62928  29.178  -24.701  -41.485 0.8571428657
64078  29.947  -23.721  -40.891 0.8571428657
64102  28.983  -23.779  -41.558 0.8571428657
66492  31.011  -21.089  -40.898 0.1428571492
66491  31.297  -20.358  -40.942 0.2857142985
67667  29.750  -21.203  -41.408 0.8571428657
66493  30.335  -21.822  -40.956 0.8571428657
65250  28.816  -22.654  -41.710 0.8571428657
66494  29.445  -21.757  -41.560 0.8571428657
65251  28.488  -23.271  -42.021 0.8571428657
67665  30.930  -20.279  -41.279 0.2857142985
67666  30.196  -20.801  -41.362 0.8571428657
66517  28.695  -21.679  -41.981 0.8571428657
67690  28.288  -21.157  -42.358 0.8571428657
67688  30.249  -19.953  -41.774 0.8571428657
67689  29.252  -20.550  -42.098 0.8571428657
67712  28.099  -20.401  -43.061 0.7142857313
68831  29.907  -19.500  -42.352 0.8571428657
67711  28.977  -20.035  -42.782 0.8571428657
68854  29.547  -19.489  -42.996 0.8571428657
68853  30.177  -18.598  -42.887 0.7142857313
68868  30.235  -19.008  -43.596 0.8571428657
69911  30.188  -18.469  -44.312 0.7142857313
68869  29.528  -19.293  -43.933 0.8571428657
71054  33.692  -17.692  -42.756 0.1428571492
69901  30.307  -18.084  -43.420 0.7142857313
71070  31.004  -17.460  -43.353 0.7142857313
71067  34.104  -17.396  -43.313 0.1428571492
72311  31.518  -16.832  -43.549 0.5714285970
71068  33.160  -17.285  -43.118 0.1428571492
71088  35.270  -17.347  -44.120 0.1428571492
72338  30.777  -16.456  -44.081 0.5714285970
72308  34.175  -16.589  -43.796 0.1428571492
72355  36.057  -16.967  -45.305 0.1428571492
72309  33.454  -16.598  -43.610 0.1428571492
72333  35.991  -16.388  -44.711 0.1428571492
72310  32.508  -16.638  -43.475 0.5714285970
72334  34.837  -16.088  -44.230 0.1428571492
72354  36.730  -16.515  -45.288 0.1428571492
47538  20.259  -36.417  -27.701 0.1428571492
47539  19.297  -36.649  -27.790 0.1428571492
48678  22.403  -35.522  -29.345 0.1428571492
48693  23.161  -35.210  -29.777 0.2857142985
51518  25.769  -33.444  -31.253 0.2857142985
51492  25.476  -34.275  -30.983 0.2857142985
54147  26.734  -31.258  -34.438 0.2857142985
57714  30.445  -29.093  -37.284 0.2857142985
54182  27.777  -31.238  -36.872 0.7142857313
58896  30.586  -27.301  -37.316 0.1428571492
57768  29.032  -28.319  -39.662 0.8571428657
60199  30.215  -26.699  -39.257 0.7142857313
65198  33.482  -22.600  -39.090 0.1428571492
61593  29.323  -25.295  -41.164 0.8571428657
68830  30.537  -18.771  -41.995 0.8571428657
69900  31.105  -17.981  -42.987 0.8571428657
71069  32.094  -17.525  -43.050 0.7142857313
71089  34.622  -17.029  -43.823 0.1428571492
71131  37.551  -17.584  -46.179 0.1428571492
50070  22.143  -34.294  -30.438 0.4285714328
51494  23.617  -33.932  -30.470 0.2857142985
50095  21.801  -33.736  -30.500 0.2857142985
51517  26.753  -33.458  -31.113 0.2857142985
52822  27.018  -32.791  -31.793 0.2857142985
52850  25.372  -32.106  -32.354 0.2857142985
54165  27.418  -31.594  -35.935 0.7142857313
62880  32.606  -24.817  -38.550 0.1428571492
64053  34.054  -23.104  -38.188 0.1428571492
65222  33.074  -21.614  -39.418 0.1428571492
61581  29.752  -25.563  -40.534 0.8571428657
61582  29.035  -25.760  -40.856 1.0000000000
67687  30.965  -19.319  -41.379 0.2857142985
66540  27.824  -21.628  -42.898 0.8571428657
68852  30.832  -18.298  -42.510 0.5714285970
69879  31.414  -18.228  -42.521 0.5714285970
71056  32.432  -17.948  -42.448 0.2857142985
71055  33.081  -17.760  -42.500 0.2857142985
72336  32.919  -15.911  -44.096 0.2857142985
72335  33.838  -15.830  -44.105 0.1428571492
71110  35.720  -17.540  -45.006 0.1428571492
72332  36.508  -16.167  -44.941 0.1428571492
73506  35.715  -14.749  -44.401 0.1428571492
73527  36.993  -15.909  -45.291 0.1428571492
67686  31.379  -18.964  -41.340 0.4285714328
68829  31.168  -18.505  -41.927 0.4285714328
69878  32.042  -18.226  -42.154 0.4285714328
71038  32.571  -18.074  -42.113 0.4285714328
69899  31.862  -18.016  -42.705 0.5714285970
48680  20.390  -34.786  -29.174 0.1428571492
47560  20.317  -35.956  -28.106 0.1428571492
47562  18.868  -36.188  -28.209 0.1428571492
50040  19.758  -34.429  -29.444 0.2857142985
50071  21.348  -34.006  -30.113 0.5714285970
60179  30.668  -26.603  -37.974 0.5714285970
61579  31.209  -25.370  -39.354 0.1428571492
66518  28.163  -21.878  -42.339 0.8571428657
72312  30.871  -17.021  -43.631 0.5714285970
72337  31.949  -16.139  -44.185 0.4285714328
71108  37.100  -17.562  -45.599 0.1428571492
71109  36.389  -17.586  -45.365 0.1428571492
50094  26.129  -33.967  -30.815 0.1428571492
51495  22.652  -33.770  -30.447 0.4285714328
54097  25.378  -31.530  -33.065 0.5714285970
54098  24.466  -31.501  -32.927 0.5714285970
54128  23.485  -31.760  -33.867 0.5714285970
54129  22.418  -31.735  -33.761 0.2857142985
54127  24.489  -31.541  -33.943 0.5714285970
54150  23.551  -31.745  -34.927 0.5714285970
54100  22.293  -31.717  -32.852 0.4285714328
54152  21.320  -31.795  -34.637 0.2857142985
54151  22.483  -31.957  -34.793 0.4285714328
54148  25.800  -31.238  -34.589 0.4285714328
54149  24.633  -31.247  -34.984 0.5714285970
54169  23.508  -31.232  -35.930 0.5714285970
55470  25.795  -31.094  -35.763 0.5714285970
54168  24.236  -30.979  -35.681 0.4285714328
55487  25.900  -31.277  -36.325 0.7142857313
55488  25.420  -30.979  -36.673 0.4285714328
54184  26.211  -31.631  -36.696 0.4285714328
54171  21.591  -31.560  -35.591 0.2857142985
54166  26.648  -31.191  -35.578 0.7142857313
54201  26.278  -31.291  -37.763 0.7142857313
55538  25.416  -30.702  -38.558 0.4285714328
55537  26.251  -30.490  -38.434 0.7142857313
55557  25.852  -29.968  -39.002 0.5714285970
56665  26.325  -29.644  -39.209 0.7142857313
56666  25.431  -29.643  -39.490 0.2857142985
54183  27.282  -31.619  -37.149 0.5714285970
54200  26.830  -31.164  -37.599 0.5714285970
55510  26.604  -30.897  -37.811 0.7142857313
56640  27.177  -29.729  -38.423 0.7142857313
56680  26.453  -29.096  -40.225 0.7142857313
56679  27.006  -28.860  -40.254 0.7142857313
57790  25.683  -28.513  -40.748 0.7142857313
57804  25.973  -28.081  -41.083 0.4285714328
55508  28.205  -30.096  -37.954 0.5714285970
56616  27.573  -29.936  -37.973 0.5714285970
55535  28.536  -29.998  -38.511 0.5714285970
57770  27.864  -28.986  -39.826 0.5714285970
57788  27.538  -28.542  -40.294 0.7142857313
58948  27.124  -27.990  -40.726 0.7142857313
58964  27.660  -26.902  -41.362 0.7142857313
57803  26.306  -27.861  -41.145 0.7142857313
58965  26.834  -27.516  -41.369 0.5714285970
60246  26.899  -26.386  -42.203 0.5714285970
57769  28.231  -28.653  -39.761 0.5714285970
57787  28.234  -28.002  -40.158 0.7142857313
58963  28.110  -26.585  -40.999 0.8571428657
58966  25.838  -27.499  -41.401 0.4285714328
60230  28.006  -26.148  -41.306 0.7142857313
60245  27.483  -26.177  -41.720 0.7142857313
61595  27.857  -25.623  -41.631 0.7142857313
61609  27.329  -25.347  -42.052 0.7142857313
58947  27.638  -27.712  -40.769 0.7142857313
60229  28.481  -26.198  -40.851 0.8571428657
61608  28.111  -25.199  -41.984 0.7142857313
62956  26.711  -24.241  -43.149 0.2857142985
61594  28.558  -25.423  -41.378 0.7142857313
65272  27.562  -23.387  -43.063 0.7142857313
62929  28.588  -24.617  -41.926 0.8571428657
62943  27.924  -24.597  -42.376 0.8571428657
65271  27.888  -22.793  -42.557 0.8571428657
64115  27.262  -23.852  -43.234 0.5714285970
65288  27.322  -22.989  -43.535 0.7142857313
65287  27.701  -22.197  -43.526 0.8571428657
65270  28.374  -22.240  -42.129 0.8571428657
65301  27.816  -22.017  -43.881 0.7142857313
68855  28.839  -19.616  -43.339 0.7142857313
68870  28.376  -19.405  -44.214 0.7142857313
68871  27.823  -19.962  -45.036 0.7142857313
69913  28.599  -18.623  -44.918 0.7142857313
68890  28.104  -19.145  -45.288 0.7142857313
69937  28.444  -18.217  -45.678 0.7142857313
71111  29.645  -17.839  -45.208 0.7142857313
69954  27.758  -18.326  -46.326 0.5714285970
71132  28.084  -17.802  -46.125 0.5714285970
71112  29.179  -17.318  -45.248 0.5714285970
71113  28.291  -17.243  -45.742 0.5714285970
69935  29.813  -18.257  -45.015 0.5714285970
71091  29.623  -17.151  -44.901 0.5714285970
71133  27.608  -17.383  -46.322 0.4285714328
71134  26.565  -17.325  -46.636 0.5714285970
72373  27.670  -16.492  -45.830 0.5714285970
71114  27.935  -16.957  -45.882 0.5714285970
72374  27.262  -16.746  -46.344 0.4285714328
71135  25.690  -17.558  -46.733 0.4285714328
73558  27.528  -15.297  -46.046 0.4285714328
54144  29.035  -30.914  -35.367 0.2857142985
56662  28.595  -28.878  -39.404 0.5714285970
72387  27.775  -15.745  -45.735 0.2857142985
72388  27.384  -16.145  -46.042 0.4285714328
73559  26.889  -16.249  -46.128 0.2857142985
54099  23.443  -31.723  -32.670 0.5714285970
54076  22.860  -31.828  -32.298 0.5714285970
54126  25.453  -31.442  -33.854 0.2857142985
54170  22.529  -31.556  -35.734 0.4285714328
55472  24.097  -30.864  -36.144 0.4285714328
55489  24.362  -30.728  -36.719 0.5714285970
54189  21.093  -31.162  -36.082 0.2857142985
54187  22.495  -31.352  -36.546 0.2857142985
54222  25.215  -31.171  -38.023 0.5714285970
56667  24.557  -29.556  -39.466 0.2857142985
56681  25.568  -29.274  -40.215 0.7142857313
64114  27.798  -23.883  -42.857 0.7142857313
67726  27.662  -20.539  -44.263 0.7142857313
71143  25.991  -17.098  -46.597 0.2857142985
71071  30.292  -17.420  -43.770 0.5714285970
71090  29.934  -17.448  -44.647 0.5714285970
72357  28.751  -16.249  -45.385 0.5714285970
55513  23.417  -30.850  -37.422 0.4285714328
54096  25.934  -31.611  -33.206 0.2857142985
56638  29.003  -29.442  -39.111 0.7142857313
55509  27.159  -30.513  -37.613 0.5714285970
58946  28.337  -27.069  -40.505 0.7142857313
57786  28.757  -27.738  -40.205 0.7142857313
64103  28.387  -23.837  -42.326 0.7142857313
69912  29.299  -18.713  -44.607 0.8571428657
66559  27.763  -21.527  -43.782 0.7142857313
56615  27.774  -29.850  -38.264 0.5714285970
54077  22.302  -31.965  -32.115 0.5714285970
55455  25.366  -31.096  -35.264 0.5714285970
55471  24.847  -30.946  -35.880 0.5714285970
54186  23.059  -31.233  -36.873 0.4285714328
54185  25.599  -31.339  -37.053 0.5714285970
54203  25.033  -31.073  -37.882 0.4285714328
54202  25.500  -31.246  -37.557 0.5714285970
54220  25.892  -31.021  -38.293 0.7142857313
55558  25.367  -30.127  -38.986 0.4285714328
55559  24.641  -30.321  -38.988 0.4285714328
55539  24.764  -30.825  -38.344 0.4285714328
55536  26.720  -30.096  -38.147 0.7142857313
56641  26.566  -29.935  -38.498 0.7142857313
56639  28.141  -29.683  -38.753 0.7142857313
56664  27.353  -29.271  -39.583 0.7142857313
57789  26.610  -28.321  -40.731 0.7142857313
56663  28.208  -29.183  -39.417 0.5714285970
58980  27.157  -26.971  -41.855 0.7142857313
60247  26.028  -26.263  -42.629 0.2857142985
62944  27.076  -24.487  -42.653 0.5714285970
62957  26.117  -24.396  -43.287 0.2857142985
69936  29.161  -18.128  -45.100 0.8571428657
72356  29.377  -16.202  -45.091 0.7142857313
72372  28.125  -15.863  -45.452 0.5714285970
72389  26.866  -16.486  -46.324 0.4285714328
54205  22.385  -31.186  -37.164 0.1428571492
51479  20.480  -33.757  -30.130 0.4285714328
52848  27.424  -32.271  -32.518 0.1428571492
52867  26.828  -31.938  -32.867 0.1428571492
54095  28.001  -31.997  -32.662 0.1428571492
52847  28.467  -32.343  -32.080 0.1428571492
54123  28.575  -31.591  -33.800 0.1428571492
54094  28.610  -31.982  -32.806 0.1428571492
55466  30.050  -29.912  -35.589 0.2857142985
56597  30.564  -29.238  -36.803 0.1428571492
74570  37.160  -14.893  -45.079 0.1428571492
65302  27.660  -22.202  -44.067 0.4285714328
73489  35.518  -13.870  -44.901 0.1428571492
73508  33.352  -15.203  -44.508 0.1428571492
67727  26.997  -20.575  -45.184 0.4285714328
67748  26.819  -19.980  -45.751 0.4285714328
74586  31.444  -14.782  -45.507 0.2857142985
73530  30.444  -15.076  -45.300 0.2857142985
73511  30.644  -15.598  -44.705 0.2857142985
68894  24.742  -19.528  -45.738 0.1428571492
68891  27.355  -19.622  -45.687 0.5714285970
73531  29.525  -15.126  -45.336 0.2857142985
72339  30.158  -16.343  -44.416 0.4285714328
68909  25.453  -19.289  -46.541 0.4285714328
68907  27.209  -19.082  -46.320 0.5714285970
69957  25.186  -18.279  -46.685 0.4285714328
69956  26.028  -18.361  -46.813 0.2857142985
73544  28.529  -15.183  -46.163 0.1428571492
73532  28.740  -15.364  -45.584 0.1428571492
73557  28.050  -15.252  -46.463 0.1428571492
74589  29.792  -14.175  -45.929 0.1428571492
71136  24.903  -17.391  -46.548 0.2857142985
74623  27.227  -15.755  -46.068 0.1428571492
74604  28.538  -14.767  -46.757 0.1428571492
74603  29.198  -14.105  -46.643 0.1428571492
74621  28.368  -14.295  -47.274 0.1428571492
51497  20.677  -33.445  -30.599 0.4285714328
52829  20.130  -32.535  -31.719 0.2857142985
66560  27.319  -21.513  -44.442 0.2857142985
74588  30.287  -14.323  -45.524 0.2857142985
73529  31.132  -15.189  -45.331 0.2857142985
50067  25.126  -35.115  -30.444 0.1428571492
51516  27.426  -33.155  -31.217 0.1428571492
55483  30.141  -29.903  -36.553 0.1428571492
69958  24.500  -18.162  -46.370 0.1428571492
68895  24.076  -18.881  -45.904 0.2857142985
73510  31.449  -15.617  -44.786 0.2857142985
74573  31.876  -14.644  -45.328 0.2857142985
74572  33.236  -14.413  -44.853 0.1428571492
73507  34.276  -14.594  -44.481 0.1428571492
56596  30.921  -28.790  -36.335 0.2857142985
75811  31.408  -14.074  -45.243 0.2857142985
73509  32.443  -15.234  -44.997 0.1428571492
51523  20.892  -33.043  -31.134 0.4285714328
68906  27.934  -19.008  -46.048 0.5714285970
69955  26.948  -18.316  -46.645 0.5714285970
73512  30.121  -15.478  -44.890 0.2857142985
54122  29.637  -31.070  -33.968 0.1428571492
74587  30.953  -14.542  -45.556 0.2857142985
67762  25.941  -19.746  -46.487 0.2857142985
68892  26.803  -19.657  -46.117 0.4285714328
73543  29.048  -14.656  -45.842 0.1428571492
68908  26.392  -19.285  -46.551 0.4285714328
68910  24.642  -18.868  -46.411 0.2857142985
51524  19.986  -33.149  -31.205 0.2857142985
66561  26.419  -21.535  -44.464 0.2857142985
73528  31.713  -15.195  -45.369 0.2857142985
60232  26.277  -26.915  -41.958 0.4285714328
62945  26.396  -24.623  -42.866 0.2857142985
124332  31.103  -13.117  -46.213 0.1428571492
75812  30.815  -13.578  -45.656 0.1428571492
124325  31.285  -13.215  -46.472 0.1428571492
74634  28.991  -13.386  -48.066 0.1428571492
124314  31.243  -13.523  -47.443 0.1428571492
75828  30.642  -13.624  -46.665 0.1428571492
74620  29.442  -13.503  -47.634 0.1428571492
74632  30.138  -14.263  -48.951 0.1428571492
75835  30.202  -13.606  -47.479 0.1428571492
77098  31.208  -13.879  -48.172 0.1428571492
124316  31.888  -12.752  -46.565 0.1428571492
75836  29.867  -13.652  -47.108 0.1428571492
75834  30.908  -14.131  -47.834 0.1428571492
77100  30.106  -12.497  -48.387 0.1428571492
124315  31.417  -13.187  -47.331 0.1428571492
61610  26.440  -25.345  -42.562 0.2857142985
75849  29.741  -13.360  -49.284 0.1428571492
77099  31.001  -13.170  -47.995 0.1428571492
124330  32.891  -12.985  -45.821 0.1428571492
75813  30.302  -13.779  -45.870 0.1428571492
124327  32.349  -13.693  -45.139 0.1428571492
124329  31.252  -12.991  -45.846 0.1428571492
124328  31.520  -13.289  -45.523 0.1428571492
77103  30.256  -12.961  -48.954 0.1428571492
77101  29.287  -12.316  -48.693 0.1428571492
52826  23.325  -32.303  -31.689 0.4285714328
51520  24.046  -33.257  -31.036 0.1428571492
52852  23.969  -32.148  -32.008 0.2857142985
52825  24.388  -32.668  -31.622 0.1428571492
52851  24.521  -32.128  -32.196 0.2857142985
51521  22.992  -33.159  -30.987 0.2857142985
67749  26.258  -20.078  -45.962 0.2857142985
52828  21.167  -32.431  -31.814 0.2857142985
52827  22.259  -32.446  -31.486 0.2857142985
52853  20.779  -32.187  -32.496 0.2857142985
54078  21.764  -32.175  -32.007 0.2857142985
55512  24.693  -30.837  -37.538 0.2857142985
55540  23.568  -30.449  -38.452 0.2857142985
55560  24.096  -30.506  -38.890 0.2857142985
57791  24.651  -28.455  -40.639 0.1428571492
61621  25.622  -24.932  -43.283 0.1428571492
64126  25.957  -23.805  -43.546 0.1428571492
65289  26.413  -23.130  -43.666 0.1428571492
65290  25.730  -23.313  -43.717 0.1428571492
65303  26.871  -22.369  -44.101 0.1428571492
65304  25.754  -22.518  -43.802 0.1428571492
67728  25.963  -20.694  -44.985 0.1428571492
67750  25.426  -20.081  -45.563 0.1428571492
71142  26.357  -16.924  -46.505 0.1428571492
71144  25.563  -17.141  -46.619 0.1428571492
72390  26.227  -16.814  -46.326 0.1428571492
51498  19.848  -33.462  -30.544 0.2857142985
51522  21.919  -33.024  -30.656 0.1428571492
66562  25.442  -21.526  -44.257 0.1428571492
55490  23.668  -30.947  -36.620 0.2857142985
58950  25.141  -28.076  -40.853 0.1428571492
60233  25.297  -26.655  -42.012 0.1428571492
60248  25.369  -25.944  -42.665 0.1428571492
61611  25.777  -25.500  -42.943 0.1428571492
62959  25.004  -24.287  -43.671 0.1428571492
62958  25.531  -24.364  -43.551 0.1428571492
64127  25.359  -23.796  -43.810 0.1428571492
64134  25.323  -23.264  -43.950 0.1428571492
67751  24.823  -20.020  -45.070 0.1428571492
72376  25.518  -16.852  -46.312 0.1428571492
55541  22.665  -30.343  -38.004 0.2857142985
58949  25.476  -27.927  -41.033 0.1428571492
64125  26.671  -23.773  -43.483 0.1428571492
54204  22.826  -31.132  -37.321 0.1428571492
56668  23.650  -29.805  -39.166 0.1428571492
51525  19.081  -33.142  -31.074 0.1428571492
52831  18.239  -33.011  -31.740 0.1428571492
52830  19.201  -32.793  -31.795 0.1428571492
54101  21.329  -31.983  -32.679 0.1428571492
57713  30.594  -28.428  -37.031 0.1428571492
57712  31.363  -28.170  -36.255 0.1428571492
68828  32.124  -18.845  -41.579 0.1428571492
51481  18.914  -34.115  -29.777 0.1428571492
52855  19.333  -32.241  -32.375 0.1428571492
52854  20.216  -32.225  -32.417 0.1428571492
52876  20.721  -31.846  -34.515 0.1428571492
68807  33.022  -19.024  -41.213 0.1428571492
69853  32.860  -18.205  -41.816 0.1428571492
54153  20.462  -31.616  -34.857 0.1428571492
67664  31.546  -19.810  -41.027 0.1428571492
51480  19.780  -33.880  -29.953 0.1428571492
58881  30.941  -27.764  -36.744 0.1428571492
54130  21.448  -31.878  -33.628 0.1428571492
54188  21.590  -31.225  -36.514 0.1428571492
51499  18.966  -33.394  -30.282 0.1428571492
54131  20.623  -32.182  -33.606 0.1428571492
48636  20.881  -35.827  -27.905 0.1428571492
48677  23.320  -35.549  -29.063 0.2857142985
48695  21.799  -34.624  -30.103 0.5714285970
51496  22.131  -33.747  -30.513 0.2857142985
54167  26.168  -31.064  -35.088 0.5714285970
54221  25.519  -31.128  -38.125 0.5714285970
55454  25.782  -31.096  -35.166 0.5714285970
55469  26.172  -31.262  -36.127 0.7142857313
55486  27.589  -31.091  -37.154 0.5714285970
55511  25.384  -31.015  -37.233 0.5714285970
55514  22.484  -30.840  -37.573 0.1428571492
55534  28.698  -29.959  -38.818 0.5714285970
56669  23.066  -29.507  -38.971 0.1428571492
58912  30.051  -27.859  -38.749 0.8571428657
58967  24.800  -27.555  -41.228 0.1428571492
58979  27.290  -26.629  -41.809 0.7142857313
60231  26.802  -27.019  -41.948 0.7142857313
61515  32.083  -26.239  -37.740 0.1428571492
61516  31.697  -26.342  -37.766 0.1428571492
64135  25.156  -22.984  -44.089 0.1428571492
67763  25.675  -19.838  -46.198 0.2857142985
68893  25.341  -19.706  -46.062 0.1428571492
71037  32.905  -17.959  -42.089 0.4285714328
72358  28.090  -16.586  -45.566 0.5714285970
72375  25.982  -16.821  -46.245 0.1428571492
72391  25.801  -16.993  -46.536 0.1428571492
74571  36.488  -14.485  -44.928 0.1428571492
74618  30.700  -14.317  -48.578 0.1428571492
74619  30.304  -13.711  -48.224 0.1428571492
74631  30.761  -14.394  -49.108 0.1428571492
74633  29.463  -13.724  -48.690 0.1428571492
74639  30.778  -14.103  -49.251 0.1428571492
74640  30.321  -14.014  -49.258 0.1428571492
74641  29.736  -13.917  -49.222 0.1428571492
75837  28.672  -13.245  -47.806 0.1428571492
75841  31.170  -14.290  -48.633 0.1428571492
75842  31.212  -13.872  -48.654 0.1428571492
75843  29.291  -13.670  -49.219 0.1428571492
75847  31.139  -14.149  -49.134 0.1428571492
75848  30.703  -13.662  -49.050 0.1428571492
75850  29.247  -12.792  -49.258 0.1428571492
77104  29.650  -12.683  -49.094 0.1428571492
77105  29.349  -12.566  -49.098 0.1428571492
