#!ascii label  , from subject sub-NDARAG610XL4 vox2ras=TkReg
204
58946  28.337  -27.069  -40.505 0.0000000000
54148  25.800  -31.238  -34.589 0.0000000000
65272  27.562  -23.387  -43.063 0.0000000000
71113  28.291  -17.243  -45.742 0.0000000000
54128  23.485  -31.760  -33.867 0.0000000000
66517  28.695  -21.679  -41.981 0.0000000000
67711  28.977  -20.035  -42.782 0.0000000000
57790  25.683  -28.513  -40.748 0.0000000000
55536  26.720  -30.096  -38.147 0.0000000000
56638  29.003  -29.442  -39.111 0.0000000000
61580  30.520  -25.529  -39.772 0.0000000000
58911  30.299  -27.344  -38.449 0.0000000000
61608  28.111  -25.199  -41.984 0.0000000000
64078  29.947  -23.721  -40.891 0.0000000000
69937  28.444  -18.217  -45.678 0.0000000000
69901  30.307  -18.084  -43.420 0.0000000000
54146  27.596  -31.383  -34.701 0.0000000000
67712  28.099  -20.401  -43.061 0.0000000000
68870  28.376  -19.405  -44.214 0.0000000000
58948  27.124  -27.990  -40.726 0.0000000000
57770  27.864  -28.986  -39.826 0.0000000000
57768  29.032  -28.319  -39.662 0.0000000000
54127  24.489  -31.541  -33.943 0.0000000000
64114  27.798  -23.883  -42.857 0.0000000000
62929  28.588  -24.617  -41.926 0.0000000000
65251  28.488  -23.271  -42.021 0.0000000000
67666  30.196  -20.801  -41.362 0.0000000000
66493  30.335  -21.822  -40.956 0.0000000000
72374  27.262  -16.746  -46.344 0.0000000000
69955  26.948  -18.316  -46.645 0.0000000000
71132  28.084  -17.802  -46.125 0.0000000000
72310  32.508  -16.638  -43.475 0.0000000000
72311  31.518  -16.832  -43.549 0.0000000000
71071  30.292  -17.420  -43.770 0.0000000000
71069  32.094  -17.525  -43.050 0.0000000000
69900  31.105  -17.981  -42.987 0.0000000000
55485  28.117  -30.721  -37.036 0.0000000000
54183  27.282  -31.619  -37.149 0.0000000000
54129  22.418  -31.735  -33.761 0.0000000000
65270  28.374  -22.240  -42.129 0.0000000000
66540  27.824  -21.628  -42.898 0.0000000000
67689  29.252  -20.550  -42.098 0.0000000000
67688  30.249  -19.953  -41.774 0.0000000000
55557  25.852  -29.968  -39.002 0.0000000000
56665  26.325  -29.644  -39.209 0.0000000000
56615  27.774  -29.850  -38.264 0.0000000000
55484  29.265  -30.303  -37.317 0.0000000000
60217  29.112  -26.388  -40.431 0.0000000000
58931  29.903  -27.470  -39.256 0.0000000000
60199  30.215  -26.699  -39.257 0.0000000000
58980  27.157  -26.971  -41.855 0.0000000000
60246  26.899  -26.386  -42.203 0.0000000000
60230  28.006  -26.148  -41.306 0.0000000000
61593  29.323  -25.295  -41.164 0.0000000000
62911  29.773  -24.728  -41.065 0.0000000000
64077  31.386  -23.743  -40.165 0.0000000000
65250  28.816  -22.654  -41.710 0.0000000000
65225  30.577  -22.807  -40.554 0.0000000000
68890  28.104  -19.145  -45.288 0.0000000000
71091  29.623  -17.151  -44.901 0.0000000000
71111  29.645  -17.839  -45.208 0.0000000000
69913  28.599  -18.623  -44.918 0.0000000000
68869  29.528  -19.293  -43.933 0.0000000000
68830  30.537  -18.771  -41.995 0.0000000000
55470  25.795  -31.094  -35.763 0.0000000000
54220  25.892  -31.021  -38.293 0.0000000000
57746  29.862  -28.518  -38.717 0.0000000000
56598  30.156  -29.607  -37.381 0.0000000000
67726  27.662  -20.539  -44.263 0.0000000000
68871  27.823  -19.962  -45.036 0.0000000000
58947  27.638  -27.712  -40.769 0.0000000000
57787  28.234  -28.002  -40.158 0.0000000000
54077  22.302  -31.965  -32.115 0.0000000000
54076  22.860  -31.828  -32.298 0.0000000000
54126  25.453  -31.442  -33.854 0.0000000000
64115  27.262  -23.852  -43.234 0.0000000000
64103  28.387  -23.837  -42.326 0.0000000000
67665  30.930  -20.279  -41.279 0.0000000000
66492  31.011  -21.089  -40.898 0.0000000000
71114  27.935  -16.957  -45.882 0.0000000000
71134  26.565  -17.325  -46.636 0.0000000000
71070  31.004  -17.460  -43.353 0.0000000000
69899  31.862  -18.016  -42.705 0.0000000000
54163  28.783  -30.777  -36.037 0.0000000000
54164  28.238  -31.267  -36.277 0.0000000000
54169  23.508  -31.232  -35.930 0.0000000000
65301  27.816  -22.017  -43.881 0.0000000000
66559  27.763  -21.527  -43.782 0.0000000000
68831  29.907  -19.500  -42.352 0.0000000000
72372  28.125  -15.863  -45.452 0.0000000000
56681  25.568  -29.274  -40.215 0.0000000000
56680  26.453  -29.096  -40.225 0.0000000000
56663  28.208  -29.183  -39.417 0.0000000000
56639  28.141  -29.683  -38.753 0.0000000000
55535  28.536  -29.998  -38.511 0.0000000000
55508  28.205  -30.096  -37.954 0.0000000000
55507  28.979  -30.095  -38.409 0.0000000000
54099  23.443  -31.723  -32.670 0.0000000000
60216  29.889  -26.455  -39.835 0.0000000000
60215  30.430  -26.181  -39.395 0.0000000000
58965  26.834  -27.516  -41.369 0.0000000000
61609  27.329  -25.347  -42.052 0.0000000000
60245  27.483  -26.177  -41.720 0.0000000000
61595  27.857  -25.623  -41.631 0.0000000000
60229  28.481  -26.198  -40.851 0.0000000000
61594  28.558  -25.423  -41.378 0.0000000000
64102  28.983  -23.779  -41.558 0.0000000000
62928  29.178  -24.701  -41.485 0.0000000000
64079  29.447  -24.234  -41.220 0.0000000000
62910  30.480  -24.701  -40.426 0.0000000000
66518  28.163  -21.878  -42.339 0.0000000000
66494  29.445  -21.757  -41.560 0.0000000000
66469  30.929  -22.340  -40.595 0.0000000000
65224  31.494  -22.715  -40.288 0.0000000000
69954  27.758  -18.326  -46.326 0.0000000000
69956  26.028  -18.361  -46.813 0.0000000000
68907  27.209  -19.082  -46.320 0.0000000000
68906  27.934  -19.008  -46.048 0.0000000000
72338  30.777  -16.456  -44.081 0.0000000000
71090  29.934  -17.448  -44.647 0.0000000000
69911  30.188  -18.469  -44.312 0.0000000000
69912  29.299  -18.713  -44.607 0.0000000000
68868  30.235  -19.008  -43.596 0.0000000000
69879  31.414  -18.228  -42.521 0.0000000000
68853  30.177  -18.598  -42.887 0.0000000000
68852  30.832  -18.298  -42.510 0.0000000000
55489  24.362  -30.728  -36.719 0.0000000000
55537  26.251  -30.490  -38.434 0.0000000000
55510  26.604  -30.897  -37.811 0.0000000000
54165  27.418  -31.594  -35.935 0.0000000000
54184  26.211  -31.631  -36.696 0.0000000000
54166  26.648  -31.191  -35.578 0.0000000000
57745  30.141  -27.989  -38.507 0.0000000000
66560  27.319  -21.513  -44.442 0.0000000000
68855  28.839  -19.616  -43.339 0.0000000000
57789  26.610  -28.321  -40.731 0.0000000000
56679  27.006  -28.860  -40.254 0.0000000000
57788  27.538  -28.542  -40.294 0.0000000000
57769  28.231  -28.653  -39.761 0.0000000000
56662  28.595  -28.878  -39.404 0.0000000000
54098  24.466  -31.501  -32.927 0.0000000000
54097  25.378  -31.530  -33.065 0.0000000000
62944  27.076  -24.487  -42.653 0.0000000000
62943  27.924  -24.597  -42.376 0.0000000000
67667  29.750  -21.203  -41.408 0.0000000000
72312  30.871  -17.021  -43.631 0.0000000000
55509  27.159  -30.513  -37.613 0.0000000000
54200  26.830  -31.164  -37.599 0.0000000000
54182  27.777  -31.238  -36.872 0.0000000000
54151  22.483  -31.957  -34.793 0.0000000000
54150  23.551  -31.745  -34.927 0.0000000000
54149  24.633  -31.247  -34.984 0.0000000000
65288  27.322  -22.989  -43.535 0.0000000000
65271  27.888  -22.793  -42.557 0.0000000000
65287  27.701  -22.197  -43.526 0.0000000000
67690  28.288  -21.157  -42.358 0.0000000000
72373  27.670  -16.492  -45.830 0.0000000000
72357  28.751  -16.249  -45.385 0.0000000000
56641  26.566  -29.935  -38.498 0.0000000000
56664  27.353  -29.271  -39.583 0.0000000000
56640  27.177  -29.729  -38.423 0.0000000000
56616  27.573  -29.936  -37.973 0.0000000000
55468  28.784  -30.756  -36.550 0.0000000000
55467  29.411  -30.409  -36.037 0.0000000000
57786  28.757  -27.738  -40.205 0.0000000000
58945  29.238  -27.294  -40.080 0.0000000000
58930  30.256  -26.982  -38.948 0.0000000000
60198  30.592  -26.367  -38.752 0.0000000000
60179  30.668  -26.603  -37.974 0.0000000000
57803  26.306  -27.861  -41.145 0.0000000000
58964  27.660  -26.902  -41.362 0.0000000000
58963  28.110  -26.585  -40.999 0.0000000000
61582  29.035  -25.760  -40.856 0.0000000000
61581  29.752  -25.563  -40.534 0.0000000000
64101  29.362  -23.192  -41.304 0.0000000000
65249  29.767  -22.658  -41.182 0.0000000000
68891  27.355  -19.622  -45.687 0.0000000000
72356  29.377  -16.202  -45.091 0.0000000000
71112  29.179  -17.318  -45.248 0.0000000000
69935  29.813  -18.257  -45.015 0.0000000000
69936  29.161  -18.128  -45.100 0.0000000000
68854  29.547  -19.489  -42.996 0.0000000000
67687  30.965  -19.319  -41.379 0.0000000000
55471  24.847  -30.946  -35.880 0.0000000000
55455  25.366  -31.096  -35.264 0.0000000000
54222  25.215  -31.171  -38.023 0.0000000000
54201  26.278  -31.291  -37.763 0.0000000000
54202  25.500  -31.246  -37.557 0.0000000000
54185  25.599  -31.339  -37.053 0.0000000000
55487  25.900  -31.277  -36.325 0.0000000000
56614  29.553  -29.474  -38.100 0.0000000000
57729  30.136  -28.887  -37.743 0.0000000000
54167  26.168  -31.064  -35.088 0.0000000000
54221  25.519  -31.128  -38.125 0.0000000000
55454  25.782  -31.096  -35.166 0.0000000000
55469  26.172  -31.262  -36.127 0.0000000000
55486  27.589  -31.091  -37.154 0.0000000000
55511  25.384  -31.015  -37.233 0.0000000000
55534  28.698  -29.959  -38.818 0.0000000000
58912  30.051  -27.859  -38.749 0.0000000000
58979  27.290  -26.629  -41.809 0.0000000000
60231  26.802  -27.019  -41.948 0.0000000000
68908  26.392  -19.285  -46.551 0.0000000000
72358  28.090  -16.586  -45.566 0.0000000000
